0.00155
-0.01982
-0.08568
0.00079
-0.02732
0.02611
0.03233
0.09522
-0.06937
0.02854
-0.01826
0.07377
0.00090
-0.07511
-0.03062
-0.01351
0.02384
-0.03814
-0.04903
-0.08517
-0.09589
0.01813
0.03242
-0.00912
-0.00906
0.02523
0.03029
-0.01865
0.04386
-0.01927
-0.01833
-0.00391
-0.00742
-0.02110
-0.06874
0.01930
-0.00124
-0.02903
-0.01903
0.01315
0.00827
0.03621
0.05111
-0.01013
0.06507
0.06941
0.02118
-0.02522
0.04311
-0.05453
-0.04257
0.07463
0.01035
-0.07193
-0.07493
0.10175
-0.02806
0.01323
0.00935
-0.01843
-0.07564
0.02274
-0.06102
-0.00202
-0.00117
0.03788
-0.08193
0.00601
-0.02002
-0.02689
0.00181
0.02617
0.04844
0.02389
0.01180
-0.02818
-0.06660
-0.05368
-0.07503
-0.03508
-0.02660
0.01327
-0.01730
0.01170
0.00726
0.02432
-0.05783
0.01030
0.02082
-0.01754
-0.01889
-0.03626
0.03924
-0.07250
-0.01480
-0.01668
-0.04689
0.01350
0.00452
-0.00633
0.00227
0.01408
0.02966
0.00964
0.00573
-0.05137
-0.02670
-0.08581
-0.00182
-0.08335
0.02308
0.03985
-0.05106
0.00783
0.05239
-0.02063
-0.01859
-0.02861
-0.00177
-0.04132
-0.01828
-0.01737
0.01410
-0.04940
0.00262
-0.08247
0.05277
0.04953
0.05366
-0.05698
-0.03346
-0.04620
0.01953
0.04282
-0.06396
-0.03036
-0.03553
-0.01889
0.05084
0.07337
-0.00588
0.04458
0.00173
0.03331
0.01227
-0.06185
-0.02946
-0.00948
0.08390
0.09056
0.05749
0.01352
0.03667
0.05788
0.05716
0.05000
0.02958
-0.06445
0.03415
-0.03672
0.08829
0.02105
-0.05496
-0.02979
0.03297
0.00871
0.03601
-0.00024
-0.01810
0.02460
-0.06140
0.02838
-0.05004
-0.00931
-0.00146
0.05007
0.02330
-0.00487
0.04658
0.00350
-0.00323
-0.07397
0.02208
0.04098
0.01413
-0.01324
-0.01880
-0.01392
0.02340
0.03268
0.03128
0.01922
-0.03252
-0.07315
0.05953
-0.02298
0.05972
-0.03955
0.03145
-0.00717
-0.06772
-0.00379
-0.01889
-0.09024
0.02922
0.04073
-0.00701
-0.04774
0.01367
0.00441
0.00719
0.04627
0.02032
-0.02880
0.00251
0.02023
-0.09833
-0.03272
-0.04491
-0.00951
-0.01128
-0.00743
-0.00135
-0.02408
0.01162
-0.04422
-0.03191
0.03720
0.07676
0.04790
-0.03565
-0.00208
-0.00865
-0.03543
-0.03855
-0.05204
0.07692
-0.01545
0.01471
-0.02959
0.06171
-0.01263
0.01168
-0.04502
-0.01710
-0.03122
-0.06986
0.00874
-0.04967
0.00213
0.04782
0.09236
0.02116
0.04751
0.01227
-0.00149
0.02553
0.01650
0.05875
0.01678
0.04008
0.00825
-0.05789
0.02572
0.00478
-0.02725
0.00080
-0.04348
-0.02711
-0.04723
-0.04936
0.03675
0.02563
-0.01606
0.01718
-0.04187
-0.04826
0.02829
0.02224
0.06003
0.03185
0.03043
-0.01400
-0.08287
-0.03418
0.01233
0.02201
0.06163
0.02341
-0.01527
0.00039
0.01196
-0.02873
0.04290
0.03380
-0.00231
-0.00647
0.02019
0.02672
0.04125
0.03049
0.01180
0.02098
-0.07807
0.00046
-0.06197
0.05033
-0.06461
0.00244
0.00699
0.02815
-0.07576
-0.09099
-0.06069
0.03885
-0.00243
0.05094
0.03646
0.03134
-0.03177
0.05916
-0.03827
-0.00782
0.01766
0.00171
-0.02091
0.00889
-0.02900
-0.00518
-0.01719
-0.00259
0.00705
0.04378
0.05583
0.01717
0.02725
-0.02334
0.02029
0.05431
0.01534
0.01455
-0.00414
0.05014
0.02336
-0.04721
-0.01137
0.07396
-0.03689
0.08713
0.07991
0.04264
0.01653
0.01292
-0.03582
0.00860
-0.02352
-0.00946
0.00543
-0.03548
-0.05121
-0.01792
-0.09937
0.00061
-0.00473
0.06917
0.03941
0.11479
0.00706
-0.01143
0.01089
0.00485
-0.05014
0.02250
-0.04087
0.02628
0.02880
0.02235
0.01379
-0.01827
-0.04414
-0.11915
-0.01480
-0.05723
0.03053
0.00163
0.04749
0.03470
-0.04687
0.02817
-0.06407
0.01735
0.04093
-0.03130
-0.03358
0.03500
0.06106
0.09973
-0.01557
-0.06682
0.02352
0.00180
-0.01362
-0.03065
0.10020
-0.05029
0.02099
-0.03137
0.03910
-0.03099
-0.00764
0.04148
-0.01318
-0.01514
0.00742
0.00127
0.04894
0.03452
0.04577
-0.06589
0.03714
0.01082
0.08793
0.02327
-0.02203
-0.05874
-0.03730
0.04753
-0.00113
0.06085
-0.00512
-0.03148
0.07936
-0.00590
0.03069
-0.08022
-0.02766
-0.00569
0.04568
0.05008
0.02925
-0.03244
0.08722
0.00648
-0.04635
0.02577
-0.01263
0.01008
-0.01479
-0.02386
-0.08308
0.01767
0.02529
0.11438
-0.02833
-0.00050
0.03360
0.05518
0.05129
0.01149
-0.04608
0.00706
0.03676
0.06960
-0.04695
-0.01713
-0.01455
-0.00832
0.02113
0.02498
-0.03663
-0.00944
0.05165
0.05851
-0.00965
0.00848
0.00756
0.02270
-0.00784
0.03666
-0.00397
0.01952
0.01495
-0.01044
-0.01634
0.08394
-0.02542
-0.09577
0.01412
-0.00188
-0.02587
0.03079
-0.05450
-0.01751
-0.06820
0.04677
-0.06161
-0.00978
-0.02128
0.05790
0.01012
-0.04819
0.00790
-0.05205
0.04440
-0.10319
0.04481
0.00282
0.04280
0.04676
-0.06722
-0.02635
0.02653
