-0.09551
-0.03324
-0.04554
0.00407
0.02243
-0.05532
0.03346
0.03110
-0.00371
0.03264
0.06499
-0.01300
0.04105
-0.01365
0.00845
0.06643
-0.07998
-0.01539
-0.06256
0.05596
-0.00073
0.01973
-0.02441
-0.03288
-0.04955
0.03426
0.03340
-0.05104
0.00532
0.00148
-0.03082
-0.00007
-0.01800
0.03024
-0.02905
0.02841
0.01405
0.00957
-0.02439
0.04162
-0.01095
-0.01082
0.04290
0.04968
0.01456
0.04212
0.02272
0.08898
-0.03823
0.07607
0.03921
0.05617
-0.03207
-0.05269
-0.02273
0.03054
-0.03034
-0.01672
-0.04035
-0.03595
0.06487
0.04361
-0.01124
-0.08041
-0.02062
-0.01153
-0.09648
-0.03191
-0.01793
0.03625
-0.01432
0.07028
-0.06094
-0.07249
0.03532
0.04684
-0.00367
-0.07022
-0.07675
-0.06418
-0.02743
0.02537
0.02274
-0.07845
-0.02221
-0.03155
0.07067
0.00913
-0.00481
0.01634
0.00307
-0.06961
0.00680
-0.01908
0.01498
-0.01516
0.03871
-0.05738
-0.02331
-0.00429
0.03926
-0.05433
0.06338
0.04350
-0.11761
-0.01623
-0.01725
0.01622
-0.02902
0.02009
-0.02781
0.01831
-0.00423
0.00457
0.02120
-0.04664
-0.02613
0.06358
-0.01372
-0.01225
0.03968
-0.03038
0.00230
-0.00313
-0.01303
-0.04907
-0.06250
0.05563
-0.00617
-0.03663
0.02977
-0.08661
0.00735
-0.01777
-0.02625
-0.03917
0.02859
0.03319
-0.03164
0.08802
0.05548
0.04863
-0.01488
0.04296
0.05828
0.07042
0.09501
0.02765
-0.05314
0.03772
-0.01666
-0.02226
-0.04840
-0.02990
-0.00243
-0.07724
-0.00978
0.07567
0.04888
0.02389
0.03383
-0.07403
-0.07782
0.06538
0.03848
-0.00226
0.00716
-0.10142
0.01064
-0.08811
0.08506
0.06363
0.03518
-0.00178
0.03804
0.00847
0.00478
-0.02729
-0.09434
0.05018
-0.02542
-0.02553
-0.02833
-0.01956
0.01207
0.03706
0.01898
-0.00083
-0.06102
-0.06419
0.02983
0.00283
0.07838
-0.03509
0.00215
-0.04249
0.01556
0.00120
-0.09558
0.00084
-0.01762
-0.02005
-0.03685
-0.09786
-0.00884
0.03032
0.03813
-0.06438
-0.05289
-0.02292
0.05410
-0.04044
0.04578
-0.05523
0.01900
-0.00237
-0.05711
0.00776
0.06329
0.00571
0.01794
-0.05610
-0.04712
-0.01992
0.06074
0.00610
-0.00421
-0.04816
-0.02614
0.03310
-0.04399
0.03791
-0.02847
-0.02979
-0.02110
0.11293
0.01876
-0.00561
-0.04566
0.02101
0.00110
0.00779
-0.04464
-0.01232
-0.00125
0.05344
-0.01068
0.07645
0.04220
0.03209
-0.08885
0.02874
-0.06361
-0.01621
0.04779
0.02701
-0.03812
-0.01204
0.02389
0.05561
0.01612
-0.06666
-0.00564
0.03310
-0.03170
-0.01576
-0.04062
-0.05929
-0.01971
-0.04005
0.03921
0.04374
-0.05288
0.01223
0.07688
-0.01374
0.01954
-0.02102
-0.02299
0.02485
0.00072
-0.11819
0.03701
-0.09268
-0.02771
-0.03772
0.01671
0.01571
-0.07346
-0.04704
0.02302
0.02666
-0.01576
0.03325
-0.04938
-0.04670
-0.06047
-0.05105
0.05667
0.03869
0.01410
0.04256
0.07734
-0.04882
0.09267
-0.02012
0.03563
0.05766
-0.06188
0.05478
0.06807
0.03472
-0.03249
-0.04560
0.03930
0.02143
-0.01824
-0.00882
-0.05190
-0.03973
0.00747
0.00398
-0.06824
-0.00134
-0.02742
0.03034
0.01946
0.03425
0.02275
0.03001
0.01387
-0.04182
-0.00879
0.07035
-0.01664
0.04351
-0.00555
-0.00618
-0.02067
-0.00810
0.00023
0.04754
0.05424
0.07669
0.04487
0.02603
-0.02751
0.06734
0.01488
0.00004
-0.06577
-0.04171
0.04367
0.02306
-0.01468
0.01336
0.03517
-0.05379
0.00257
-0.00777
0.00637
0.03335
-0.04913
-0.01802
-0.03573
-0.00926
0.01064
0.05153
-0.00835
-0.09395
0.04298
0.01323
-0.00339
0.00734
-0.08612
-0.02778
-0.02191
-0.03424
-0.08445
-0.06787
0.01131
0.01094
0.04440
-0.03625
0.03710
-0.02666
0.01594
-0.05508
-0.07899
-0.03837
0.07018
-0.02500
-0.05298
-0.08378
-0.01283
-0.07850
0.05207
0.03604
-0.00916
0.00159
0.03459
0.06291
0.02805
0.03923
-0.11091
0.04859
-0.00125
-0.03697
-0.02323
-0.00161
-0.08425
0.00124
0.00918
0.03039
0.01779
-0.01105
-0.00691
0.06300
-0.01255
-0.02546
0.02773
-0.00563
-0.01102
-0.02131
0.02429
-0.00357
0.07726
0.00299
0.02652
-0.01026
-0.03927
-0.03429
-0.01867
-0.04543
-0.03582
0.01151
0.03209
0.02168
-0.04085
0.00308
-0.05784
0.02058
-0.03597
0.04938
-0.02991
-0.04718
0.06414
-0.04417
-0.03277
0.01861
0.00946
0.05613
0.03512
0.00710
0.01269
-0.03046
0.04042
-0.01397
-0.03724
0.00324
0.02218
0.04633
0.07693
0.01344
0.04738
0.06188
0.03344
0.05333
0.00140
-0.08309
0.01549
0.07236
0.03902
-0.01502
-0.07196
0.04443
-0.01062
0.07754
0.03469
-0.07719
-0.05484
-0.02465
0.02238
0.03545
0.05370
0.09582
-0.03569
-0.02453
-0.04529
-0.01660
0.03527
0.02066
0.05111
-0.03335
0.06825
-0.01066
0.02264
-0.07462
0.04294
-0.05405
-0.04968
-0.00811
-0.00056
-0.08282
-0.02143
0.10735
0.01243
-0.00395
0.00117
0.02587
0.03049
-0.01099
