-0.01154
-0.05620
-0.05188
-0.03487
-0.01877
-0.03214
0.04397
0.02777
-0.00578
-0.03908
-0.00671
0.02512
0.03747
0.02254
0.02294
0.10902
0.00774
-0.01556
-0.04695
-0.00859
-0.00059
-0.07747
-0.01520
-0.01666
0.02779
-0.06248
-0.03129
-0.06816
0.05657
-0.07108
0.04193
0.00951
0.00153
0.03956
-0.07146
0.00320
0.04403
-0.04311
-0.01017
0.01072
-0.01742
-0.04846
-0.01967
0.01953
0.09559
0.04032
0.06379
-0.02271
0.02170
0.03445
0.02626
0.03988
-0.00199
-0.01988
-0.04858
0.00376
-0.03155
-0.03903
-0.01073
0.02637
-0.03589
-0.01212
-0.05374
0.06203
-0.08014
0.05328
-0.04435
0.05471
-0.00089
-0.09116
-0.05486
-0.09348
0.06791
0.07109
-0.01768
0.02699
0.02924
-0.00673
-0.06993
-0.01999
-0.00308
0.02889
-0.03482
0.00545
0.00420
-0.00474
0.00032
0.06589
0.00044
0.04096
-0.03816
0.01208
0.02372
0.01304
-0.03517
0.01282
-0.09773
-0.01336
-0.02201
-0.03972
0.00912
0.04518
0.05601
-0.06292
0.01832
-0.05273
-0.03791
-0.11998
-0.06619
-0.09676
-0.00345
0.02128
-0.03161
0.02880
0.07972
0.03882
-0.00208
-0.06886
-0.01409
-0.01469
0.04517
0.02124
0.06331
0.01288
-0.00207
-0.05834
-0.01808
-0.02900
0.09549
-0.03765
0.04492
0.04538
-0.04675
-0.01318
0.03517
-0.06108
0.00820
-0.08907
0.00722
-0.04321
0.01002
0.02200
-0.05507
-0.02505
0.07244
-0.04810
0.00176
0.02423
0.05229
-0.00631
0.00055
-0.00882
0.02458
-0.01645
0.01884
-0.00142
-0.00646
-0.00268
0.04844
-0.02870
0.03212
-0.00368
0.01901
-0.06902
0.07238
-0.00401
-0.05526
0.08089
0.02969
-0.02994
-0.04261
0.02954
-0.00229
-0.03807
-0.00032
-0.04950
-0.03682
-0.02728
0.02933
0.03638
0.01475
0.01464
-0.02285
-0.04663
-0.00664
-0.02985
-0.03837
-0.06940
-0.05600
-0.00050
-0.04819
0.00052
0.02681
0.03612
0.00621
-0.03648
0.03667
-0.01649
0.00970
-0.01384
0.02145
-0.05496
0.05976
-0.00510
-0.03335
-0.02396
0.01641
0.03041
0.00219
0.05663
-0.01301
0.07431
-0.02808
0.01649
0.00709
0.00935
-0.05442
-0.00702
0.02799
-0.05464
-0.00964
0.03214
0.03651
-0.03684
0.02093
-0.01938
0.01679
0.04137
-0.02399
0.04790
-0.06965
-0.09144
0.02969
0.03419
-0.00996
0.01097
0.02716
-0.06368
0.06769
-0.00395
0.04211
0.02504
0.06717
-0.01087
-0.02942
-0.01890
-0.06191
0.01010
-0.06254
-0.01914
0.00589
0.04816
0.00689
-0.01450
-0.01829
-0.04603
0.02153
-0.01610
0.02318
0.02471
-0.01914
-0.04990
-0.08203
0.03139
0.01334
0.01508
0.03827
-0.09274
-0.00724
-0.00446
-0.09796
-0.02870
0.00794
-0.01627
0.02945
-0.02346
-0.02660
0.04105
-0.01654
0.05003
-0.09495
-0.00648
0.03916
0.00766
0.05826
0.02197
0.01872
-0.02289
0.01555
-0.02156
0.03272
0.10218
0.00398
-0.02509
0.00860
0.11385
-0.00674
-0.00058
0.03556
0.05508
-0.00099
0.01081
0.02213
-0.01489
0.00737
-0.02040
-0.00371
-0.05783
0.01507
-0.06957
-0.05560
-0.02381
-0.00561
-0.05302
-0.03260
-0.03011
0.00333
0.00378
0.06667
0.02312
-0.04141
-0.04473
-0.03670
-0.01338
0.02194
-0.00279
0.00611
0.03643
-0.06357
0.04100
-0.03839
0.00804
-0.04428
0.00364
-0.04038
-0.02997
0.06216
-0.04166
0.06913
0.02135
-0.01438
-0.07707
0.04128
0.01583
0.02493
-0.00971
0.06236
-0.01645
-0.00793
0.08833
0.10565
-0.01013
0.04995
-0.01452
0.09294
0.03122
-0.03948
-0.01307
-0.07919
-0.04208
0.01396
-0.12544
0.02963
-0.00848
0.05147
0.00940
0.03283
0.03080
-0.01219
-0.04593
0.03189
-0.01272
0.03099
-0.03148
0.01327
0.04942
0.00356
-0.02806
-0.00949
0.02082
-0.11399
0.01095
0.00464
0.02298
-0.04992
-0.01585
-0.04608
0.01215
-0.05465
-0.07832
0.00113
-0.01348
-0.01707
0.00449
0.01093
0.01727
0.03330
0.02367
-0.03308
-0.02194
-0.00334
-0.05481
0.02053
-0.02232
-0.09984
0.00989
0.06582
0.02127
-0.02926
-0.03396
0.04027
-0.02585
-0.02316
-0.04241
-0.06210
0.07785
-0.02311
-0.00828
0.03243
-0.00983
-0.05178
0.05856
-0.03341
-0.01818
-0.07566
0.03501
-0.02384
0.02960
0.04987
-0.02423
-0.00885
0.02333
0.00891
0.02922
-0.02467
-0.00743
0.05261
0.02036
0.00022
0.02160
0.00596
0.02249
0.00289
-0.01934
0.00772
0.03886
0.05766
-0.07736
0.09519
0.01117
-0.02490
0.00579
0.00787
0.00468
-0.03313
0.00913
0.02510
0.04354
-0.02052
0.05853
-0.02567
-0.07937
0.05556
-0.03739
-0.04325
-0.01799
-0.06126
0.02401
0.01589
0.07864
-0.00440
0.07947
-0.03519
0.03212
-0.00277
-0.02655
-0.04280
0.00076
0.04257
0.00044
-0.01032
-0.08452
-0.04058
0.01210
0.02467
-0.00781
0.00276
-0.03262
0.09846
-0.03373
-0.06671
-0.05635
0.02145
-0.01614
0.03539
-0.04016
0.00430
-0.00188
0.06464
0.00616
-0.03148
-0.05528
-0.09600
0.01954
-0.05255
0.07444
0.07367
0.01193
0.00649
-0.03702
0.02739
-0.00118
