0.02363
-0.02583
-0.05438
0.04291
-0.00061
-0.04820
0.09543
-0.02952
-0.01059
0.01926
0.06917
0.03427
0.04330
-0.01839
0.01273
0.08762
0.04238
-0.01696
0.03456
0.07196
-0.00466
-0.05538
-0.02194
-0.05408
0.00042
-0.03828
-0.00123
-0.07299
-0.00496
-0.01634
0.00932
0.00854
-0.09465
0.04848
-0.04991
-0.05721
0.00404
-0.04816
-0.02876
0.03483
-0.05156
-0.02902
0.01295
0.02085
0.00075
0.04519
0.07254
0.00136
0.02892
0.04130
0.03116
-0.06067
-0.01031
-0.00100
-0.01656
-0.08565
-0.02644
-0.01142
-0.05317
0.06906
-0.02409
0.05182
0.01590
0.07999
-0.02367
0.01588
-0.02939
-0.07183
0.00273
-0.08521
-0.02672
-0.01410
0.04005
0.04177
-0.08764
0.02890
0.04151
-0.06257
0.04049
-0.03377
0.01520
0.00114
-0.08850
-0.01949
0.01985
0.01340
-0.02973
-0.00143
0.03742
0.00692
0.00528
0.05936
-0.04624
-0.02547
0.06397
0.02191
-0.04450
0.01944
-0.05444
-0.01199
-0.00713
-0.00593
0.01246
0.00892
-0.00001
-0.05368
-0.00990
-0.03287
-0.04200
0.00285
-0.00489
-0.05890
0.03327
0.00565
-0.03334
-0.05977
-0.03339
0.01292
-0.03615
0.05227
0.00786
0.01492
0.09375
-0.08185
-0.03988
-0.06779
-0.00401
-0.04485
0.03454
0.00813
0.00623
-0.00636
0.00459
-0.00015
-0.02646
0.01830
-0.04473
-0.00889
0.05334
0.07022
0.07878
0.03726
-0.01733
0.00143
-0.04260
-0.01134
0.00288
0.05448
0.05542
0.06132
0.07133
0.05373
-0.00857
0.05293
0.00716
-0.00126
-0.04103
0.01122
-0.02040
0.01348
0.03540
0.00005
0.01163
0.03306
0.00161
-0.02231
-0.03496
0.01456
0.04176
-0.04107
-0.05125
0.03689
0.03124
0.00534
0.02334
0.02287
-0.05270
0.00860
0.10125
-0.00132
-0.11123
0.01534
-0.01044
-0.02910
-0.12130
-0.00355
0.09148
0.01072
-0.04773
0.03323
-0.00158
0.00750
0.07975
0.03314
0.00336
0.00788
-0.01012
-0.00068
0.02643
-0.05971
0.07012
-0.05327
0.02558
0.02381
0.07767
0.04344
0.05962
0.03332
-0.03771
-0.03556
-0.07684
0.00415
0.00384
-0.02717
-0.00648
-0.05970
-0.00021
0.00897
0.00915
0.09118
-0.01026
-0.02765
0.07592
-0.00411
0.09952
0.01773
0.06104
0.02271
-0.08639
0.05878
0.04539
0.01532
-0.01161
-0.02527
-0.06335
0.00167
-0.01966
0.01640
0.01046
-0.01312
0.01345
-0.00423
0.01179
0.03809
-0.01335
0.01198
-0.06692
0.01431
0.01819
0.05679
-0.09421
0.03731
0.03995
0.02131
-0.12903
0.00815
-0.08122
0.00383
0.00842
-0.00889
-0.05257
-0.00853
0.00451
-0.00146
0.02563
0.04570
-0.04725
-0.03872
0.01510
-0.06461
0.01313
-0.05447
0.05357
0.07129
-0.04855
0.04389
-0.04685
-0.00396
-0.05258
0.05519
-0.07614
0.06498
0.00305
-0.00941
-0.03935
-0.04424
-0.03948
-0.01353
-0.01061
0.08841
0.00954
0.00861
-0.02073
0.03296
0.02930
-0.02870
-0.02996
-0.05207
-0.00366
-0.06049
-0.01544
0.03724
-0.00424
-0.03656
0.03243
0.06559
-0.07734
0.04962
0.01957
0.01409
0.00774
0.03871
0.00794
-0.01603
0.03986
-0.02140
-0.00537
0.01562
0.05027
-0.05606
-0.01234
-0.01156
-0.02480
0.03099
0.05880
0.07237
0.00826
0.09881
-0.07109
0.04978
-0.00167
0.08669
-0.10441
0.00432
-0.00092
-0.00871
0.06384
-0.04550
0.01501
0.05736
0.04400
-0.02292
0.02277
-0.03845
0.00231
0.02534
0.03624
-0.03208
-0.05279
0.01717
0.01297
0.04227
0.05853
-0.04480
-0.00421
0.01659
0.07815
0.02604
0.04722
-0.08459
0.00891
-0.06045
0.01148
-0.04776
0.04997
0.02930
-0.04209
-0.05002
-0.05164
0.00153
-0.09431
0.00669
-0.00764
0.05953
0.01798
0.10288
0.04538
0.05840
-0.02689
0.02671
-0.04161
-0.00991
-0.00568
-0.02476
0.03550
0.01410
-0.01814
0.08491
-0.08070
-0.03566
0.03603
-0.01550
-0.04247
0.02831
0.06670
-0.00911
-0.08064
0.03146
-0.05114
-0.02897
-0.01032
-0.08937
0.03104
0.05353
-0.04099
0.01045
0.03535
0.02374
0.01369
-0.06751
0.02913
-0.01389
-0.00648
-0.05239
-0.02309
0.03418
-0.00127
0.02266
-0.00601
-0.00314
-0.00410
0.02123
-0.01036
0.05573
0.01143
0.08025
0.03612
0.07283
0.08326
0.03479
-0.03744
0.00053
0.04786
-0.02343
0.04149
0.07763
-0.05125
-0.05900
-0.03171
0.00406
-0.08125
-0.02028
0.05321
0.06149
0.01457
0.00029
0.08717
0.01118
0.01329
-0.01115
-0.02463
-0.03917
0.01585
-0.03190
-0.02737
0.00372
0.00647
0.02424
-0.01552
0.00122
0.01815
0.01160
0.03304
0.04430
-0.11789
-0.02676
0.02756
0.01313
0.03320
0.01242
0.05310
0.01746
0.03893
0.01775
-0.05028
0.01327
-0.04711
0.06683
0.00590
-0.02696
-0.04436
-0.02666
0.04950
0.06844
-0.03373
0.02176
-0.08151
0.07645
-0.01174
-0.02477
-0.02558
-0.05579
-0.05977
-0.02170
0.04521
-0.03529
0.04353
0.01651
0.08817
-0.02219
0.04825
-0.05617
-0.05549
0.01402
-0.07883
0.05371
-0.00010
0.03199
-0.02360
-0.03105
-0.02589
0.03835
