-0.01376
0.06608
0.03027
0.00312
0.00956
-0.06448
-0.06023
-0.02734
0.05173
-0.06716
0.01125
-0.05462
-0.06657
0.00818
0.03385
-0.01168
0.00026
0.02713
-0.01781
0.04801
0.03616
0.01686
-0.04619
0.00012
-0.00823
-0.01622
0.03067
0.02142
0.06729
-0.01148
-0.00987
0.00362
0.01899
0.00382
0.03848
-0.02052
0.00867
-0.06628
0.10712
0.04642
-0.02434
-0.07738
-0.04371
-0.01058
0.03928
0.01155
-0.03028
-0.03283
0.09934
0.07635
0.06176
0.01810
-0.08454
0.00378
0.08258
0.00314
-0.00769
-0.05313
0.04325
-0.01634
0.01047
-0.02820
-0.00437
-0.01847
-0.00687
0.04223
-0.03570
0.06274
-0.00877
-0.08616
-0.00743
0.00965
-0.03521
0.02267
0.04960
-0.01916
0.04865
-0.04063
-0.07360
0.01835
-0.03480
-0.00929
0.04018
-0.02736
-0.00999
-0.05427
0.03627
-0.02058
0.04479
0.07992
-0.01207
-0.02326
0.07552
0.02241
-0.12505
0.03583
-0.04876
0.04879
-0.00746
-0.03168
-0.01670
0.01495
0.05509
-0.07484
-0.02527
-0.01973
0.01159
-0.02958
-0.04176
-0.00695
0.02178
-0.04754
0.00367
0.11980
0.03767
0.02740
0.02623
-0.01286
-0.02072
-0.02188
0.00996
0.07228
0.00285
0.10951
0.02699
-0.02549
-0.02524
-0.05589
0.00390
0.04710
-0.00061
0.00015
-0.04154
-0.04196
0.02596
-0.04178
-0.02768
-0.03705
-0.02278
-0.01666
0.05419
0.02403
-0.06717
-0.02942
0.08530
0.04314
0.00506
-0.00487
-0.00076
-0.03135
-0.00519
0.05227
0.01953
-0.01837
-0.02130
-0.05892
0.04844
-0.03562
0.00955
0.00659
0.00697
-0.06601
-0.03198
-0.00664
0.01488
-0.01884
0.07534
0.05285
-0.01900
-0.00615
-0.01119
0.07032
0.01459
-0.04292
-0.02868
-0.07895
-0.04672
-0.03239
-0.00443
0.05752
0.11212
-0.02644
-0.04599
-0.02488
-0.01236
0.00450
-0.09987
-0.05775
-0.06065
0.07086
-0.04030
0.04345
-0.00129
0.05440
-0.05419
-0.06263
-0.02288
-0.04386
0.01239
-0.04818
-0.04764
-0.02848
0.01116
0.06733
0.01917
-0.09711
-0.00665
-0.01273
-0.04287
0.11719
0.06673
-0.03215
-0.00785
-0.00285
-0.06453
0.01483
-0.05818
-0.02567
-0.00406
-0.05378
0.03904
0.02641
0.02596
0.00409
-0.01177
0.06639
0.01608
0.02589
0.05717
0.05374
-0.00752
-0.13361
0.00679
0.04538
0.03313
0.04792
-0.09391
0.02667
0.02786
0.07572
-0.01420
0.02197
0.07846
-0.02314
-0.00242
0.00857
-0.07028
-0.00188
0.06787
-0.08735
-0.02204
0.01869
-0.06377
-0.05604
0.06100
-0.05464
0.06257
0.01508
0.02387
-0.03499
-0.02657
0.01379
-0.00452
-0.01909
0.04642
0.00096
0.00769
-0.02113
-0.06177
-0.00460
-0.04475
0.01264
0.01287
0.00110
0.08510
0.04802
-0.00958
0.00580
0.01305
0.02018
-0.03982
-0.02753
-0.01883
0.03093
0.04539
-0.01374
-0.02215
0.03337
-0.01870
0.04779
-0.05457
0.04135
-0.00855
-0.11071
-0.04245
0.07609
-0.04873
-0.03778
0.02727
0.00512
-0.05276
-0.00204
-0.01601
0.00754
-0.03905
-0.08194
0.12791
0.02380
-0.05177
-0.03851
-0.01028
-0.01383
0.05815
-0.05818
-0.01295
-0.00329
-0.00077
-0.06356
0.02906
0.06155
0.00816
0.00249
0.02906
0.02460
0.05380
-0.09502
0.05894
0.00202
-0.03157
0.05356
-0.05025
-0.06122
0.01613
0.05933
-0.03719
-0.00613
-0.05794
-0.04021
0.06493
-0.02683
0.01433
-0.00579
-0.02897
0.04091
0.06062
0.06287
0.00000
0.02219
-0.02446
0.03998
0.00846
-0.08545
-0.00181
0.04393
0.04137
0.04347
-0.02467
0.00397
-0.06425
-0.00390
-0.00599
-0.00882
0.01359
0.03023
0.03941
-0.09059
-0.01109
0.00724
-0.07376
-0.00007
0.01895
-0.03512
-0.01670
-0.08536
-0.04329
0.02217
-0.03235
-0.00948
-0.07848
0.00012
-0.05400
0.03398
0.00415
0.02572
-0.01654
-0.02400
-0.09424
0.01843
-0.04173
0.01996
-0.03989
-0.00671
-0.04361
-0.04155
-0.00889
-0.01719
0.06511
-0.01590
-0.05956
0.01573
0.04379
-0.04491
-0.04089
-0.01836
-0.05162
-0.01782
-0.02937
-0.04108
-0.01152
0.02431
-0.06815
-0.00156
0.00119
0.03402
-0.00093
0.00111
-0.00525
0.06534
0.00830
0.01678
-0.02540
0.02046
-0.01169
-0.05611
-0.00244
-0.01269
-0.04798
-0.00462
-0.02788
-0.03925
0.00384
-0.02624
-0.01032
-0.01305
-0.06832
-0.03861
0.06307
-0.04410
0.00835
0.06001
0.07627
0.06192
-0.08166
-0.04254
-0.05261
0.06824
0.05437
-0.08719
0.03203
0.02562
0.04835
0.03735
-0.03027
0.08466
-0.04977
-0.02377
-0.01138
-0.02887
0.01102
0.09542
-0.05234
-0.10302
-0.03934
-0.03349
-0.04969
0.01199
-0.02484
-0.02492
0.08250
0.01617
-0.03711
0.11693
0.04086
-0.03383
0.06746
-0.00763
-0.06740
-0.05136
0.00017
-0.01712
-0.00451
0.06450
0.00842
0.06647
0.00501
-0.02776
0.04959
0.00143
0.01270
-0.01687
-0.01781
0.01356
0.01271
-0.00482
-0.00309
0.05468
0.00219
0.00472
-0.03091
-0.00915
0.03267
0.02654
-0.02309
-0.02394
0.07000
0.03520
0.00765
-0.02404
-0.02043
-0.01294
0.08344
-0.02024
