-0.00335
0.05705
0.01577
-0.02737
0.00128
-0.10141
-0.02039
-0.06690
0.05301
-0.01399
-0.00840
-0.06709
-0.10369
-0.01755
0.06058
0.00677
-0.00470
-0.00517
-0.01214
0.11050
0.01958
0.01579
-0.03704
0.00600
-0.01001
-0.02138
0.01844
-0.01501
-0.00415
-0.01343
-0.04267
0.03199
-0.03207
0.06371
0.04921
-0.04118
0.04208
-0.04587
0.07139
0.05111
0.01375
-0.05412
-0.07173
0.00991
-0.01362
0.00182
0.00628
-0.01524
0.07009
0.09709
0.08359
-0.00239
-0.12010
-0.03814
0.07441
-0.01434
-0.06457
-0.04410
0.04847
0.01546
-0.02637
-0.00608
0.01343
-0.03554
0.02256
0.00537
-0.01849
0.04264
-0.00984
-0.08953
0.00460
0.02017
-0.05136
0.02277
0.03730
-0.01974
0.05822
-0.04093
0.00750
0.00116
-0.01390
-0.01283
0.01078
-0.04095
-0.03288
-0.02976
0.03360
-0.03076
0.01805
0.06778
-0.01695
-0.01586
0.04679
-0.00193
-0.12053
-0.01493
-0.01732
0.05740
-0.00227
-0.05606
-0.00320
0.03209
0.01282
-0.05771
-0.01494
-0.01795
0.02628
-0.00631
-0.03690
-0.01350
0.01706
-0.11707
0.05248
0.13075
0.02585
0.04328
0.05457
-0.00898
-0.02453
-0.00971
0.01300
0.07079
0.03789
0.10318
0.04701
-0.02423
-0.01825
-0.04262
-0.02398
0.05522
-0.01489
-0.03709
-0.03476
-0.06922
0.02773
-0.07062
-0.05199
-0.03015
-0.00816
0.01668
0.08653
0.02325
-0.03314
0.00790
0.06082
0.04390
-0.00882
0.02854
0.00448
-0.01642
-0.03194
0.04779
0.03846
-0.03112
-0.06174
-0.08050
0.07525
-0.02638
-0.04604
0.01097
0.00364
-0.05328
-0.04837
-0.01306
0.00713
-0.00091
0.04029
0.03293
-0.01197
-0.04670
0.00019
0.05506
0.01956
-0.00607
-0.02461
-0.05809
-0.03820
-0.01786
0.00977
0.06440
0.09729
-0.00475
0.02727
0.01100
-0.02781
0.01328
-0.06512
-0.02922
-0.04860
0.07925
0.00164
0.03131
0.02248
0.08650
-0.01767
-0.03600
-0.00744
-0.00031
0.01711
-0.03949
-0.04907
-0.07507
0.01655
0.07426
0.05924
-0.09166
0.04570
0.05405
-0.03232
0.09911
0.03466
-0.03847
-0.02009
-0.02979
-0.06047
0.00177
-0.00828
-0.04450
-0.02241
0.01463
0.03468
0.04166
0.03264
-0.01179
0.01488
0.10812
0.02424
0.02978
0.04688
0.09451
-0.01218
-0.11469
-0.03023
0.03432
0.02320
0.06105
-0.10697
0.01031
0.00629
0.04905
0.01286
0.00230
0.04092
-0.00008
0.00779
0.03117
-0.06209
0.03132
0.10519
-0.09704
-0.01742
0.06127
-0.04395
-0.08531
0.00260
-0.06400
0.01559
-0.00353
-0.03814
-0.03206
-0.01912
0.01045
-0.02355
-0.00377
0.02815
0.04431
0.00341
-0.00954
-0.01951
-0.01959
-0.03690
0.00953
-0.02496
0.00482
0.00464
0.04081
-0.04865
-0.01949
0.02473
0.03866
-0.04696
-0.01750
0.00155
0.03873
0.05566
-0.03521
-0.02380
0.01044
-0.01566
0.07530
-0.08345
0.05724
0.02248
-0.08683
-0.02325
0.05261
-0.06971
-0.03521
0.02082
-0.01461
-0.06198
-0.00375
-0.06362
0.03927
-0.03400
-0.06300
0.10072
0.01685
-0.03214
-0.00617
0.01609
0.01118
0.02941
-0.09815
-0.00761
-0.04753
-0.02412
-0.02886
0.02981
0.01416
0.00473
0.03198
0.03540
0.04620
0.03754
-0.07138
0.02985
0.00621
-0.04791
0.07621
-0.08332
-0.03840
0.00729
0.04143
-0.02176
-0.01210
-0.03687
-0.03202
0.05779
0.00309
0.00426
0.01231
-0.07117
0.02137
0.03939
0.07737
-0.01134
0.03189
-0.03769
0.04087
0.00537
-0.06599
0.00218
0.03404
0.00197
0.03616
-0.03115
-0.01595
-0.05296
-0.00364
0.02310
0.00322
0.00097
-0.00300
0.01102
-0.07818
-0.02400
-0.01365
-0.06654
-0.00155
-0.03561
0.00482
-0.03085
-0.05136
-0.04281
0.00625
-0.04899
-0.00833
-0.04645
0.03193
-0.03460
0.03034
-0.00272
0.02007
0.02738
-0.00313
-0.04662
0.06339
-0.03245
0.03668
-0.06509
0.00846
-0.04197
-0.02841
-0.00615
-0.05725
0.01124
-0.04660
-0.05376
-0.01430
0.05486
-0.05614
-0.02158
0.00189
-0.04437
-0.06517
-0.01546
-0.05740
-0.00254
0.01769
-0.09211
-0.04829
0.00412
0.05072
-0.03963
0.01801
-0.01258
0.03633
-0.01449
-0.00898
-0.01943
0.00990
-0.00710
0.00098
0.03024
-0.03781
-0.02458
-0.02409
-0.06223
-0.02517
0.00533
-0.07669
0.03133
-0.05191
-0.05162
-0.00854
0.04531
-0.02863
-0.03389
0.07304
-0.01091
0.03892
-0.02005
0.01120
-0.00700
0.02820
0.10512
-0.08767
0.04357
0.01109
0.04679
0.03172
-0.00490
0.07783
-0.04909
-0.01567
-0.00269
-0.02741
0.00840
0.05718
0.01307
-0.07657
-0.01174
-0.04803
-0.08604
0.00574
-0.00504
-0.01156
0.10214
0.01346
0.00758
0.12665
0.01662
0.00183
0.05700
0.01441
-0.04096
-0.02088
-0.00964
0.00988
-0.01706
0.08111
0.02152
0.09604
0.07262
-0.02248
0.04813
-0.01788
0.03939
-0.00801
-0.01972
-0.01278
-0.00151
0.01635
-0.02745
0.06408
0.02809
0.02134
0.00099
-0.02299
0.03982
0.02258
-0.02222
0.01178
0.05747
-0.01171
-0.06259
-0.00589
-0.02670
0.00805
0.07629
-0.00694
