-0.01521
0.06531
0.03866
0.01573
0.00561
-0.06975
-0.04007
-0.02574
0.02856
-0.06793
-0.00060
-0.07004
-0.05960
0.00128
0.02425
0.00295
-0.01019
0.02884
-0.00063
0.03412
0.03515
0.03122
-0.04811
0.02538
0.02174
-0.01159
0.04361
0.00036
0.08140
-0.01538
-0.01816
0.00339
0.02179
0.00173
0.04191
-0.01653
0.01285
-0.05436
0.10801
0.03547
-0.01737
-0.07464
-0.02854
-0.01694
0.02360
0.02936
-0.05382
-0.03583
0.10214
0.10245
0.07579
0.01357
-0.11092
-0.00861
0.09046
-0.00419
0.01046
-0.06863
0.04968
-0.02277
0.01180
-0.03499
0.01704
-0.02104
-0.00580
0.03100
-0.04822
0.05410
-0.00558
-0.08303
-0.01036
0.02229
-0.03379
0.03819
0.06270
0.00045
0.05609
-0.03016
-0.06866
0.00915
-0.00995
-0.02175
0.03205
-0.04215
-0.00058
-0.03090
0.05227
-0.02659
0.05191
0.06770
-0.03023
-0.04074
0.06208
0.04509
-0.12813
0.00485
-0.05970
0.01778
-0.01361
-0.01134
-0.01506
-0.00067
0.05625
-0.07572
-0.04006
-0.03911
0.00568
-0.04191
-0.02866
-0.01421
0.00630
-0.04945
0.01840
0.10808
0.03411
0.01385
0.00809
-0.01238
-0.03170
-0.01564
0.02676
0.07318
-0.00707
0.09727
0.02118
-0.03216
-0.00860
-0.04685
0.02728
0.07137
0.03200
-0.02972
-0.05944
-0.01696
0.02129
-0.03611
-0.01569
-0.02863
-0.02702
-0.01185
0.07008
0.04267
-0.03887
-0.03856
0.08059
0.05226
0.03051
0.00010
0.00182
-0.04575
-0.00777
0.04204
0.02472
-0.02999
-0.02985
-0.06740
0.03071
-0.01932
0.00285
0.01927
-0.01831
-0.06705
-0.04083
0.00131
0.00664
-0.01303
0.05956
0.04892
-0.03130
-0.02670
-0.00686
0.05464
0.03043
-0.02637
-0.01311
-0.07050
-0.04283
-0.03062
-0.01167
0.07828
0.12201
-0.04208
-0.01319
-0.01935
-0.01047
-0.01045
-0.07221
-0.07428
-0.06507
0.06803
-0.04325
0.07902
0.00871
0.04534
-0.04533
-0.06014
-0.04315
-0.04549
0.02212
-0.04674
-0.05336
-0.01893
0.02069
0.06784
0.02382
-0.10088
-0.00234
0.00820
-0.04313
0.08867
0.07632
-0.04091
-0.00428
0.01212
-0.06624
0.01917
-0.04532
-0.05210
-0.00931
-0.03266
0.04708
0.03051
0.01985
0.01985
-0.02426
0.05829
-0.00204
0.01724
0.06751
0.03558
-0.02077
-0.11598
-0.00521
0.04251
0.01093
0.04904
-0.08185
0.03789
0.02671
0.07975
-0.02270
0.01198
0.04525
-0.00545
-0.00459
0.01897
-0.07782
-0.00488
0.06951
-0.08458
-0.01979
0.02339
-0.07518
-0.04948
0.03914
-0.05581
0.03067
0.00840
0.00832
-0.03083
-0.03387
0.01740
-0.01551
-0.00698
0.02932
-0.00090
0.00998
-0.03375
-0.05533
-0.00362
-0.02111
0.01952
0.01189
-0.00470
0.08433
0.05715
-0.01473
-0.00313
0.02136
0.04884
-0.03493
-0.05325
-0.04250
0.01321
0.06032
-0.01570
-0.02883
0.01650
-0.00756
0.05622
-0.05954
0.02457
-0.01289
-0.09873
-0.02433
0.07202
-0.08184
-0.03591
0.02877
0.00707
-0.04739
-0.00584
0.01399
0.01376
-0.04480
-0.08492
0.12633
0.03776
-0.05034
-0.04893
-0.00652
-0.00399
0.06073
-0.05262
-0.01129
-0.00049
0.01531
-0.06931
0.01852
0.05313
0.01679
0.00053
0.03132
0.01087
0.04322
-0.07192
0.04284
-0.01624
-0.03740
0.02582
-0.06362
-0.07722
0.02051
0.05893
-0.03241
0.00743
-0.05272
-0.03546
0.04499
-0.01753
-0.00250
0.01455
-0.03393
0.03862
0.05967
0.06485
-0.00725
0.03668
-0.02355
0.04333
0.00860
-0.08058
0.00072
0.05399
0.01380
0.04609
-0.03451
-0.00371
-0.07222
-0.01215
0.00156
-0.01457
0.03955
0.04605
0.04739
-0.07893
-0.00263
0.00693
-0.09141
0.00797
0.02331
-0.03440
-0.02378
-0.08783
-0.04780
0.00600
-0.04511
-0.02667
-0.08369
0.01041
-0.04573
0.05912
0.00757
0.04774
0.00308
-0.02583
-0.10045
0.02501
-0.04617
0.01900
-0.03358
-0.02421
-0.04729
-0.05309
-0.01633
-0.03650
0.07468
-0.00947
-0.08157
0.00370
0.03258
-0.04758
-0.05036
0.00120
-0.04692
-0.02180
-0.03716
-0.03212
-0.00380
0.03583
-0.08289
-0.01549
-0.00758
0.03701
0.01153
-0.00928
-0.01029
0.06475
0.00388
0.03098
-0.04738
0.01097
-0.00943
-0.07383
-0.01241
-0.01670
-0.02864
-0.00985
-0.01457
-0.02727
0.00975
-0.02308
-0.02641
-0.00976
-0.06871
-0.01990
0.05846
-0.05250
0.02086
0.06268
0.06194
0.06186
-0.08851
-0.05707
-0.03657
0.03993
0.05729
-0.06034
0.02142
0.01878
0.05224
0.02292
-0.02007
0.07433
-0.04126
-0.02266
0.00204
-0.03330
-0.00468
0.11519
-0.05184
-0.07549
-0.01278
-0.00395
-0.04852
0.01864
-0.01131
-0.03605
0.09059
-0.00421
-0.02851
0.11076
0.03456
-0.03311
0.04983
-0.01865
-0.05738
-0.03132
-0.01760
-0.01313
-0.00769
0.05069
0.01683
0.07693
0.01349
-0.02197
0.05580
0.01759
-0.00502
0.00854
-0.00291
-0.01098
0.03773
-0.02625
-0.00103
0.04660
0.00681
0.02054
-0.02519
-0.03080
0.06236
0.01105
0.00018
-0.02706
0.05588
0.04293
0.01026
-0.00255
-0.02066
-0.02202
0.07257
-0.02951
