-0.01365
0.05973
0.01376
-0.03508
-0.02161
-0.11234
-0.00302
-0.06808
0.03753
-0.01756
-0.02654
-0.05872
-0.09276
-0.01548
0.04773
0.03317
0.00344
-0.01116
-0.00488
0.09267
0.01904
0.01219
-0.04709
0.04660
0.02685
-0.04567
0.01298
-0.02455
-0.00376
-0.00820
-0.05857
0.02056
-0.02628
0.07279
0.04740
-0.03169
0.03000
-0.03090
0.07364
0.04226
0.01985
-0.06342
-0.06458
-0.00065
-0.03397
0.02364
-0.01836
-0.04002
0.08893
0.12825
0.07657
-0.00390
-0.11580
-0.03328
0.08146
-0.02589
-0.05556
-0.05240
0.06709
0.01018
-0.02079
-0.00911
0.04560
-0.01174
0.03810
0.01252
-0.02053
0.03353
-0.00014
-0.07083
-0.01723
0.00679
-0.03047
0.05687
0.02955
0.01154
0.03826
-0.03168
0.03134
0.00610
0.00708
-0.03013
-0.00480
-0.04374
-0.01629
-0.02155
0.03426
-0.03009
0.01976
0.03773
-0.02643
-0.00702
0.03263
0.01305
-0.11580
-0.03884
-0.02997
0.02939
0.01089
-0.04678
-0.00821
0.02247
-0.00162
-0.06431
-0.02320
-0.02652
0.02419
-0.01872
-0.03536
-0.02426
-0.02298
-0.11580
0.06122
0.11794
0.01560
0.01981
0.03283
-0.00853
-0.05321
-0.02679
0.00810
0.07560
0.02580
0.08987
0.05370
-0.01239
-0.00318
-0.03614
-0.01985
0.07530
-0.01978
-0.05632
-0.04269
-0.05930
0.03163
-0.08205
-0.04183
-0.01812
-0.01791
0.00819
0.10138
0.03602
0.00385
-0.00109
0.04066
0.04402
-0.01425
0.03908
0.00035
-0.01543
-0.03782
0.02837
0.04244
-0.02603
-0.07036
-0.07953
0.05394
-0.02044
-0.06094
0.02595
-0.00813
-0.04015
-0.02716
0.00382
-0.00992
0.00069
0.02442
0.03670
0.00123
-0.06088
-0.01024
0.04067
0.03253
0.00803
-0.03568
-0.05153
-0.02337
-0.00812
0.01019
0.05702
0.09216
-0.03521
0.05962
0.02486
-0.04021
-0.00567
-0.04381
-0.03604
-0.06514
0.06720
-0.00178
0.05581
0.02552
0.08294
-0.03188
-0.03308
-0.00269
-0.01187
0.02626
-0.03689
-0.04905
-0.04351
0.03031
0.07529
0.07470
-0.09748
0.03606
0.06759
-0.03315
0.07915
0.04482
-0.01513
-0.03137
-0.01183
-0.05734
-0.00430
0.00646
-0.06373
-0.03909
0.03597
0.02882
0.06405
0.02767
-0.00456
0.02381
0.08883
0.02267
0.03028
0.03531
0.08355
-0.02201
-0.10855
-0.03132
0.01714
0.00980
0.05837
-0.07456
0.02581
-0.00498
0.04609
0.03175
0.00452
0.01364
0.02064
-0.00969
0.04121
-0.05469
0.03564
0.10195
-0.11135
-0.02308
0.06730
-0.04939
-0.05755
-0.01411
-0.06072
-0.00625
-0.00867
-0.06627
-0.00770
-0.00663
0.00600
-0.04201
-0.00593
0.01023
0.04584
-0.00464
-0.01022
-0.01650
-0.01980
-0.01876
-0.01380
-0.02488
0.02101
0.00384
0.05614
-0.05454
-0.03632
0.03627
0.05168
-0.04530
-0.04314
-0.02652
0.03394
0.07127
-0.02746
-0.03822
-0.00057
-0.00938
0.08766
-0.09754
0.06052
0.04782
-0.09229
0.00615
0.03720
-0.08602
-0.02742
0.02814
-0.00242
-0.03997
-0.01446
-0.03161
0.04402
-0.03516
-0.04977
0.10659
-0.00561
-0.01145
-0.03271
0.01360
0.01727
0.04300
-0.09931
-0.00725
-0.05846
-0.02684
-0.01284
0.01717
0.00321
-0.00777
0.01637
0.03543
0.02829
0.02400
-0.04499
0.00674
-0.01865
-0.06142
0.07114
-0.08091
-0.05042
-0.01605
0.02560
-0.02051
0.00271
-0.03942
-0.03918
0.05069
0.02643
-0.01106
0.01886
-0.06759
-0.00771
0.03558
0.06550
-0.01908
0.04172
-0.04558
0.06218
0.00836
-0.05623
0.00527
0.03373
-0.02596
0.04932
-0.03751
-0.01702
-0.05334
-0.01555
0.00793
-0.00397
0.02604
0.01116
0.03065
-0.06195
-0.01210
0.00538
-0.08562
0.00855
-0.02956
0.02156
-0.01422
-0.04139
-0.02793
-0.00117
-0.05462
-0.03635
-0.06830
0.04635
-0.01622
0.06162
0.00862
0.02656
0.04395
-0.00131
-0.03796
0.07864
-0.02343
0.05128
-0.05895
-0.00504
-0.04144
-0.02312
-0.02359
-0.07149
0.00932
-0.05772
-0.08295
-0.01516
0.05441
-0.05974
-0.02000
-0.00127
-0.04821
-0.07244
0.00823
-0.04331
-0.01592
0.02342
-0.11496
-0.05692
-0.00173
0.05911
-0.04061
0.01776
-0.01455
0.02530
-0.02674
0.00395
-0.04245
0.01036
-0.00506
0.00522
0.03762
-0.03838
-0.00089
-0.02128
-0.04139
-0.01772
0.00819
-0.08081
0.02798
-0.05766
-0.02945
0.00668
0.03846
-0.03811
-0.01113
0.06904
-0.02420
0.02763
-0.00483
0.01313
0.00567
0.02897
0.11943
-0.06494
0.02971
0.02099
0.04110
0.00935
0.01953
0.05596
-0.06365
-0.01700
0.01898
-0.02233
-0.00988
0.06279
0.00086
-0.06478
0.01151
-0.03209
-0.08463
0.01078
-0.00150
-0.03198
0.10399
-0.00746
0.00613
0.11715
0.00886
0.00754
0.04589
0.01172
-0.04801
-0.00034
-0.01204
0.00453
-0.00705
0.04935
0.01848
0.09315
0.08453
-0.03030
0.05517
-0.02021
0.03012
0.01696
-0.01845
-0.03502
0.02030
0.00438
-0.02760
0.04832
0.03912
0.04517
0.00010
-0.03716
0.05858
0.02461
-0.01384
0.03317
0.03675
-0.00596
-0.05908
0.01666
-0.01920
0.01231
0.05867
-0.01043
