-0.04265
-0.04060
-0.00075
0.03862
0.03469
-0.07666
-0.02391
0.01491
0.02180
-0.06732
-0.00429
0.00622
0.00428
-0.00098
0.05539
-0.01955
-0.03302
0.03159
0.00709
0.00838
-0.03861
0.01725
-0.01666
0.00755
-0.02901
0.00162
-0.01750
-0.05073
0.03437
0.05608
-0.04180
-0.02351
-0.03388
-0.00521
-0.01395
0.00499
-0.02353
0.02168
-0.03023
0.12341
-0.01636
0.05081
-0.01768
0.02532
-0.00260
0.01771
0.02790
0.03176
-0.05552
-0.01728
-0.03261
0.06219
0.00495
0.04604
-0.02292
0.00313
0.03447
-0.00909
-0.00728
-0.02243
-0.01842
-0.02898
0.02034
-0.06597
0.02347
0.08138
-0.08043
0.00000
-0.05182
-0.05425
0.02161
0.00316
0.02263
-0.06719
0.01599
-0.01133
0.00767
-0.01441
-0.02890
0.00396
0.01048
0.01854
0.02593
0.03139
-0.01549
0.00439
-0.02334
0.04213
0.01180
0.01113
0.07426
0.03760
0.02370
-0.03910
-0.00956
-0.06159
-0.03321
0.00742
-0.03752
-0.01786
-0.02509
-0.02680
0.03339
0.00990
0.02762
0.00088
0.01346
-0.00073
-0.02504
-0.02467
-0.01567
0.06920
-0.07263
0.06391
0.01817
0.00455
-0.02265
0.04825
-0.07730
-0.05813
-0.04974
0.00983
0.04807
0.00591
0.03966
-0.02019
-0.09074
-0.00102
0.04632
0.00963
-0.00152
-0.03540
0.08825
0.01716
0.02246
0.00712
-0.02018
-0.01504
-0.00684
0.00853
-0.02164
0.05118
-0.03308
0.06893
0.05905
0.02222
-0.03247
0.01339
0.01035
0.02319
0.03122
-0.03152
-0.03254
0.02134
-0.00880
-0.01776
0.06625
0.00519
-0.01516
-0.00558
0.01299
-0.01428
-0.06635
0.01124
0.01653
0.06796
-0.06471
0.01155
0.00753
-0.02487
-0.00865
-0.04212
0.00844
0.00709
-0.03720
-0.03054
0.05010
-0.08978
-0.01402
-0.00560
0.01657
-0.02109
0.01986
-0.00547
-0.03119
0.04552
-0.01143
-0.02605
-0.01921
-0.04723
0.00433
-0.01338
0.02971
0.05611
-0.01851
-0.02677
0.00430
-0.00746
-0.00523
0.04009
-0.03029
-0.02284
-0.02658
-0.01602
-0.02858
0.02241
0.02433
0.00775
0.04531
0.01581
0.00104
-0.00804
-0.02839
0.03787
-0.02238
-0.03412
-0.03863
0.03248
-0.00627
-0.02443
-0.06329
-0.05493
-0.01531
-0.07752
0.03559
0.01139
0.01238
0.03464
-0.00759
0.04514
-0.05135
0.02583
0.00358
-0.01269
0.00586
-0.00124
-0.00772
0.03919
-0.00438
-0.01009
-0.01417
-0.04514
0.01918
0.05200
-0.04241
0.02307
-0.03574
0.05285
-0.02795
-0.02499
0.10791
0.06815
-0.04242
-0.01029
0.03476
0.05342
0.00126
0.01354
0.01366
-0.02440
-0.00223
-0.05949
-0.03969
0.05640
-0.03984
0.06295
0.03224
-0.04623
-0.09151
0.04812
-0.08924
-0.07498
-0.01395
0.00009
0.00802
-0.02672
0.00083
0.01558
-0.00413
0.03261
0.01744
0.00260
-0.01436
0.01482
-0.05033
0.04069
-0.01782
-0.04508
0.06834
0.01356
0.00058
-0.01470
0.05885
-0.01562
0.02510
0.00092
0.00136
-0.05255
-0.00092
0.06788
-0.02477
0.03720
0.05015
-0.00351
-0.02637
-0.04342
0.04869
0.00543
-0.02530
-0.02467
-0.01085
0.03459
0.06450
0.01760
0.01419
0.01217
0.01217
-0.00710
0.02003
0.06361
-0.04451
0.05850
0.04410
0.05535
-0.00347
-0.01832
0.05463
0.04351
-0.00529
0.09089
-0.01863
-0.04913
0.00498
0.01360
-0.03201
-0.06453
-0.02362
0.02361
0.06194
0.01002
-0.03784
0.00018
-0.00152
0.02092
0.00200
-0.01005
-0.02210
0.02005
0.00649
0.01376
0.01585
0.03167
0.00512
-0.06534
-0.02338
0.01733
-0.03891
-0.01370
0.01545
-0.01790
0.00872
0.02592
-0.02319
0.05805
0.06043
-0.00712
0.02556
0.04555
-0.01468
-0.01036
-0.00847
-0.04211
0.06837
-0.03961
-0.00653
0.02210
0.03079
-0.07765
0.01032
-0.05508
-0.00069
-0.07464
-0.01178
-0.01141
-0.06280
0.06447
-0.02911
-0.08701
0.05835
-0.02995
0.03832
0.00455
0.00729
-0.04493
0.04430
0.03022
0.04312
-0.00169
-0.08040
0.00525
-0.02231
0.02842
-0.02875
0.01556
-0.01803
0.01889
-0.00811
-0.01429
-0.03141
0.02365
-0.04642
0.02784
-0.00116
-0.04673
-0.01192
0.07041
-0.06887
-0.05535
0.00834
0.02132
-0.05908
0.00841
-0.03048
-0.01091
-0.06135
-0.02849
-0.00559
-0.02534
0.02073
0.04498
0.03310
0.03442
0.01944
0.08291
-0.07948
-0.03758
0.03875
0.00116
0.00009
0.07362
0.01685
0.01957
-0.02679
-0.01344
0.05451
0.04606
-0.01815
-0.11363
-0.01582
-0.00848
-0.07086
0.05921
-0.01981
-0.00345
0.03824
0.02999
0.01668
0.00897
-0.00942
-0.00789
0.04341
-0.06472
-0.00942
-0.07953
-0.02600
-0.02482
-0.03612
0.00771
-0.02334
0.04035
-0.07147
0.06576
-0.00865
-0.04292
0.03237
-0.01669
-0.04139
-0.01122
-0.03562
0.04612
-0.01368
-0.01500
0.02308
0.00896
0.08481
0.04347
-0.02483
-0.05390
-0.00329
0.02174
-0.03314
-0.04539
-0.01828
-0.01127
-0.00684
-0.02073
0.01313
0.05917
0.02049
0.03947
-0.05887
-0.01751
-0.02561
0.03826
-0.03668
0.04285
0.06169
0.00146
0.02166
0.00534
0.02703
-0.04724
