0.02140
0.02018
0.02189
0.08033
0.01833
-0.03089
-0.02658
-0.02360
-0.00626
-0.00138
0.04699
0.01858
-0.01865
0.04463
-0.00364
-0.05365
0.05176
0.11707
-0.01360
0.05888
-0.04644
0.02086
0.04225
-0.05742
-0.03059
-0.04472
0.00013
-0.01126
0.02272
0.03509
0.03201
-0.00329
-0.02574
0.03988
-0.00038
-0.06060
-0.08493
-0.06646
-0.03985
0.07147
-0.02004
-0.01048
0.03102
0.04870
-0.02284
0.01014
-0.00685
0.06878
-0.07686
-0.00624
0.03470
0.00853
0.09719
0.06354
-0.03968
-0.08017
-0.05794
0.05302
-0.05276
0.01764
0.00245
0.05208
0.03203
0.01845
0.00325
-0.00037
-0.05240
0.00410
0.01672
0.01030
0.05438
0.07121
-0.02645
-0.03038
-0.02329
-0.05395
-0.00123
-0.04424
0.03481
0.01531
0.03372
0.01059
-0.06067
0.03057
0.02516
0.03150
0.04087
0.00202
-0.00286
0.03342
0.07231
0.00687
0.01968
-0.06761
0.07743
0.00322
0.01461
0.07477
-0.04278
0.02482
0.05100
0.07407
-0.00382
0.05679
0.04226
0.05199
0.03814
0.07779
0.00071
0.01919
0.08003
-0.01117
-0.02288
-0.02538
-0.05864
-0.00497
-0.00477
0.03103
-0.06640
0.02610
0.00870
0.07414
-0.03108
-0.01298
-0.04762
-0.01070
-0.00524
-0.00771
-0.00088
0.02284
-0.04162
0.00075
0.05595
-0.02088
-0.00924
0.00364
-0.06333
-0.05311
0.01921
0.11163
-0.00063
0.03668
-0.02539
0.02215
-0.01859
0.01374
-0.01642
0.01236
-0.00428
-0.03431
0.07153
-0.00050
-0.06179
0.07484
0.04240
-0.04328
-0.00984
-0.00613
-0.05204
-0.01990
0.04764
0.06718
0.00601
0.07301
0.05479
0.03927
-0.06429
0.02777
-0.09170
0.00644
-0.06997
0.00041
-0.02411
0.00519
-0.01314
0.02223
-0.01344
0.00870
-0.01607
0.00547
-0.06868
0.00842
-0.01365
0.00457
0.03851
0.04881
0.04042
-0.01223
-0.00302
0.03359
0.04128
-0.03237
0.05836
-0.02953
0.02889
-0.02100
-0.09400
-0.03315
0.04535
0.00943
0.09423
-0.02991
-0.03906
-0.02064
0.03768
-0.01454
-0.01535
0.01583
-0.01926
0.03854
-0.07966
-0.02169
0.00702
-0.00223
-0.04604
0.00290
0.04935
0.09146
0.00440
0.01292
-0.02889
-0.04841
0.02866
-0.01584
0.05646
0.04997
0.06663
0.03710
-0.05157
0.00591
0.08600
0.00581
0.02646
-0.03311
-0.01641
-0.01985
-0.08621
0.02244
0.05306
0.02699
-0.03406
-0.08454
-0.00703
0.04349
0.08159
0.03872
0.01686
0.06050
0.02162
0.02119
-0.00319
0.00559
0.05148
0.00330
0.00327
0.04896
0.04486
0.02160
0.00257
0.04141
-0.04632
-0.02838
0.05047
-0.01895
0.00910
-0.01816
-0.02158
0.01045
0.02647
0.03369
-0.01468
-0.06254
0.07350
0.02708
0.00414
0.03989
0.01346
0.00783
-0.01848
-0.03350
0.00699
0.02517
-0.00894
0.00481
-0.05655
-0.04737
-0.02403
-0.00248
-0.03457
0.00227
-0.02158
-0.05580
0.03429
-0.06982
0.02098
-0.03552
-0.04219
-0.03194
-0.02755
-0.01821
0.05287
0.00267
0.01071
-0.01606
0.09930
-0.00621
-0.01090
-0.01445
-0.03808
0.01292
-0.02803
0.06604
0.03044
0.07920
0.11833
-0.05269
-0.07413
-0.01386
0.02994
0.03123
0.00883
0.01762
0.02660
0.08165
-0.00108
0.00421
0.00096
0.08293
0.04252
0.03298
-0.03045
0.02479
-0.07289
0.06777
0.05873
0.00646
0.05109
-0.00206
-0.03484
0.00613
0.00310
-0.00966
0.04838
-0.03943
0.02383
0.04232
-0.00855
0.01063
0.05888
-0.00610
0.00441
-0.01052
0.01757
-0.00952
0.02316
0.00904
0.01242
0.03043
0.03941
0.00144
0.01057
-0.00991
-0.06962
-0.01534
-0.00864
-0.02959
-0.05681
-0.00420
-0.03004
-0.05161
-0.06547
-0.05280
0.03941
0.06654
0.06491
0.11434
-0.04847
0.07008
-0.00769
0.05052
0.03561
-0.01726
-0.09965
-0.00925
-0.01501
0.00003
-0.01471
0.04239
0.04334
0.02624
-0.02640
0.05019
-0.04965
0.05173
-0.00193
-0.02466
-0.07044
0.04577
0.02743
-0.01107
-0.00278
-0.00071
0.04557
-0.04080
-0.00295
-0.04030
-0.00128
-0.01404
0.00468
-0.07758
0.01825
0.04286
0.01659
0.00927
-0.03552
-0.06518
-0.03486
0.05347
0.03674
-0.06310
0.04326
-0.00946
-0.08054
0.06202
0.04269
-0.00385
0.01887
-0.02745
0.01961
-0.01810
-0.04153
0.00130
0.03280
-0.02451
-0.01070
-0.00152
-0.05182
-0.06545
-0.06180
-0.02372
-0.03252
-0.01296
-0.00239
0.05251
-0.06120
0.03842
-0.01632
-0.02240
0.03287
-0.04877
-0.04330
0.01855
0.01712
-0.02736
-0.00209
0.01221
-0.04891
0.05925
0.03588
0.01898
0.01857
-0.00856
-0.01215
0.00687
0.02739
0.04061
0.02357
-0.07225
0.02566
0.07186
0.04621
-0.00062
-0.00127
-0.07623
-0.09752
0.00421
0.04444
-0.02370
0.00959
0.03489
0.00842
0.02408
0.01562
0.04615
-0.03620
0.00788
-0.03960
0.05685
0.05381
-0.08447
-0.05818
-0.01026
-0.08119
0.00470
0.04259
-0.05421
-0.02091
0.04587
0.03006
0.03783
-0.06565
-0.03206
-0.00805
0.01820
-0.00588
0.05259
0.04183
0.01037
-0.02938
-0.06384
0.04989
-0.05310
