-0.01985
0.08543
0.04707
0.01903
-0.00235
-0.06756
-0.04764
-0.01778
0.03193
-0.04832
-0.01711
-0.06448
-0.07627
0.00192
0.02599
-0.01356
-0.00401
0.02599
-0.00956
0.03849
0.02284
0.01238
-0.05378
-0.00602
0.01730
-0.02670
0.03641
0.01679
0.08385
-0.02765
-0.01241
0.02330
0.02241
0.00251
0.03949
-0.03248
0.01180
-0.09054
0.09031
0.03945
-0.00453
-0.06289
-0.01666
-0.01359
0.03361
0.02180
-0.04481
-0.01995
0.09259
0.07286
0.08669
0.01576
-0.07586
-0.01025
0.08093
-0.01803
-0.01308
-0.02817
0.04005
-0.01055
-0.01008
-0.02456
0.00407
-0.02948
-0.02828
0.04253
-0.04369
0.07448
-0.01117
-0.09356
0.01547
0.01142
-0.03763
0.04190
0.06055
-0.01195
0.06649
-0.02090
-0.07757
0.02180
-0.01359
-0.01695
0.02703
-0.03831
-0.00754
-0.04145
0.04942
-0.02419
0.04724
0.09507
-0.01644
-0.02762
0.07696
0.00857
-0.12138
0.03603
-0.05151
0.04230
-0.02373
0.00518
-0.00038
0.01092
0.05054
-0.08447
-0.04062
-0.01477
0.03619
-0.02657
-0.03125
-0.01000
0.03820
-0.06498
0.01178
0.11607
0.01962
0.04214
0.01902
-0.01973
-0.01777
0.00059
0.02256
0.08303
0.00778
0.09917
0.02828
-0.04434
0.00829
-0.04471
0.00836
0.05799
0.00720
-0.02722
-0.03589
-0.02765
0.02143
-0.01866
-0.00688
-0.04287
-0.02509
-0.01759
0.05777
0.01073
-0.05802
-0.02819
0.08867
0.05949
0.01267
0.00298
0.01786
-0.05549
0.00559
0.06113
0.00560
-0.02242
-0.01308
-0.05675
0.03688
-0.02983
-0.00629
0.02551
0.01726
-0.05862
-0.03248
0.00322
0.02545
-0.00567
0.05502
0.05807
-0.05001
-0.00119
-0.01652
0.05929
0.01658
-0.04608
-0.03094
-0.09050
-0.02140
-0.04241
-0.02855
0.05142
0.10284
-0.01177
-0.01948
-0.02671
-0.01050
-0.00656
-0.08918
-0.09042
-0.04673
0.08437
-0.03188
0.08189
0.01413
0.04042
-0.03233
-0.05353
-0.03538
-0.06170
0.02024
-0.05888
-0.05547
-0.03695
0.01960
0.07132
0.02334
-0.11885
-0.00634
0.01089
-0.06083
0.12497
0.06279
-0.03045
0.00141
0.00510
-0.05598
0.03137
-0.03562
-0.03381
-0.01075
-0.03476
0.06352
0.03772
0.02587
-0.00122
-0.03989
0.07724
0.01906
0.01841
0.05452
0.06570
-0.00004
-0.12225
-0.00698
0.04960
0.00519
0.06210
-0.08297
0.02412
0.02282
0.07591
-0.03157
0.01413
0.05197
-0.00389
0.02084
0.00349
-0.06476
-0.01665
0.08149
-0.09468
-0.01877
0.02023
-0.05576
-0.05709
0.03698
-0.04219
0.05350
0.00953
0.02023
-0.01459
-0.03585
0.03982
-0.00315
-0.02429
0.04508
-0.00840
-0.01218
-0.02427
-0.04970
0.00320
-0.04320
0.01783
0.00154
-0.00495
0.07555
0.02974
-0.02734
0.00723
0.03401
0.05643
-0.03964
-0.02093
-0.03279
0.01828
0.04185
-0.02729
-0.01443
0.03255
-0.02158
0.03182
-0.05505
0.04894
-0.01538
-0.10559
-0.03136
0.08085
-0.04844
-0.02790
0.00797
0.02975
-0.05618
-0.02088
-0.00901
0.00922
-0.02036
-0.07968
0.13109
0.02544
-0.05063
-0.05819
-0.02744
-0.00007
0.02647
-0.05106
-0.00734
-0.01720
0.01139
-0.09722
0.02848
0.04734
0.03686
0.00735
0.02389
0.02589
0.05155
-0.09846
0.05195
-0.00846
-0.05390
0.03477
-0.07029
-0.04202
0.02132
0.05799
-0.03135
0.01404
-0.05031
-0.02627
0.05180
-0.04233
-0.01020
0.01348
-0.02374
0.03411
0.06067
0.05601
0.00980
0.03047
-0.00288
0.05361
0.00848
-0.07650
-0.00968
0.07308
0.02109
0.03487
-0.02556
0.03344
-0.05673
0.00929
0.01769
-0.00986
0.00788
0.03446
0.03114
-0.07304
-0.02465
0.00136
-0.08267
0.01571
0.03786
-0.04248
-0.02545
-0.06460
-0.04789
0.02540
-0.05421
-0.01401
-0.06075
0.01421
-0.05423
0.05732
-0.00163
0.03282
-0.01273
-0.02252
-0.10475
0.02024
-0.04832
0.01554
-0.03674
-0.00879
-0.04160
-0.04882
0.00086
-0.04448
0.05863
-0.01568
-0.05090
0.02056
0.04677
-0.05270
-0.05720
-0.00997
-0.07028
-0.04189
-0.01285
-0.03403
0.01818
0.03248
-0.06729
-0.02202
-0.00589
0.02983
-0.00656
-0.00844
-0.03007
0.07376
0.00403
0.03291
-0.03255
0.02859
-0.00165
-0.05835
0.00314
-0.02445
-0.04289
-0.00865
-0.01759
-0.04169
0.00037
-0.02342
0.00407
-0.02415
-0.06806
-0.03672
0.04518
-0.05696
0.00926
0.03145
0.06865
0.04962
-0.07118
-0.04009
-0.05602
0.05714
0.06316
-0.06879
0.02707
0.00040
0.04854
0.01639
-0.03361
0.05428
-0.03786
-0.01108
0.00189
-0.03058
0.01520
0.10250
-0.04227
-0.07593
-0.02779
-0.03879
-0.04327
0.03430
-0.01087
-0.02883
0.08652
0.01778
-0.01538
0.11400
0.03421
-0.03407
0.07687
0.00286
-0.05718
-0.03178
0.00959
0.02178
-0.00869
0.05640
0.01628
0.08793
0.01311
-0.04062
0.03863
0.00819
0.02350
0.00398
-0.03033
0.01520
0.00817
-0.03264
-0.00137
0.03196
-0.00077
0.00530
-0.02638
-0.00997
0.02270
0.00976
-0.01508
-0.00945
0.05264
0.03604
-0.01010
-0.01920
-0.02160
-0.03210
0.06968
-0.02775
