-0.02131
0.07811
0.03315
-0.03398
0.01135
-0.11012
0.00194
-0.06802
0.04682
0.00890
-0.02234
-0.05946
-0.09497
-0.01922
0.06154
0.00756
0.00997
-0.01260
-0.03802
0.11330
0.01466
0.02381
-0.04677
0.00425
-0.00509
-0.02705
0.01856
-0.01547
0.01295
-0.03209
-0.05866
0.03953
-0.04536
0.07287
0.06487
-0.04077
0.02583
-0.08121
0.04798
0.05679
0.02947
-0.05740
-0.03376
-0.00763
-0.02793
0.02044
0.01505
-0.02280
0.07003
0.09986
0.09569
-0.01286
-0.10910
-0.03335
0.09356
-0.05393
-0.07387
-0.04841
0.04232
0.01815
-0.02751
0.00311
0.03081
-0.02070
0.01324
-0.01347
-0.03929
0.05353
-0.00462
-0.07646
0.00979
0.01962
-0.06152
0.02410
0.04243
-0.00747
0.06222
-0.03556
0.00453
-0.01736
-0.00075
-0.02508
-0.01157
-0.06787
-0.04260
-0.03257
0.01988
-0.06073
0.03858
0.06732
0.00776
0.01247
0.04583
-0.02172
-0.11362
0.00853
-0.02313
0.06183
-0.00388
-0.06822
0.00425
0.02936
0.01022
-0.05204
-0.04711
-0.01691
0.04615
-0.00720
-0.05129
0.01595
-0.00322
-0.11366
0.07859
0.13762
-0.00158
0.01562
0.02012
0.00089
-0.03605
-0.01190
0.02218
0.07980
0.03997
0.05319
0.05009
-0.02154
0.00137
-0.04505
-0.03074
0.05876
-0.01882
-0.04173
-0.03989
-0.06310
0.02228
-0.06768
-0.04868
-0.03658
-0.02292
0.02144
0.09164
0.02199
-0.02306
0.01012
0.03245
0.05204
-0.00261
0.02512
0.00450
-0.01495
-0.01877
0.04706
0.01103
-0.00202
-0.05238
-0.07627
0.03104
-0.03244
-0.04964
0.02330
0.01373
-0.05354
-0.04715
0.01229
-0.00303
-0.00034
0.04556
0.02032
-0.01151
-0.06418
-0.01727
0.05155
0.01957
0.00099
-0.02259
-0.04578
-0.03060
-0.00328
0.00194
0.03368
0.05583
-0.00740
0.02670
-0.00002
-0.05160
0.00695
-0.04996
-0.05287
-0.04004
0.09026
0.02144
0.05976
0.03027
0.08205
-0.03525
-0.04531
-0.01900
-0.02872
0.00940
-0.08237
-0.05727
-0.07744
0.02320
0.07086
0.06277
-0.10574
0.05467
0.04837
-0.04881
0.09229
0.03338
-0.02592
-0.01193
-0.03668
-0.03719
-0.01786
-0.00092
-0.04776
-0.04988
0.04298
0.04621
0.04203
0.02451
-0.00341
0.02652
0.10509
0.04015
0.02312
0.03963
0.10164
0.00304
-0.10613
-0.03014
0.02984
0.01511
0.05576
-0.10554
0.01964
0.00290
0.06563
0.00782
-0.00381
0.01093
0.01610
-0.00066
0.01516
-0.03398
0.01295
0.11676
-0.08952
-0.03246
0.06011
-0.03930
-0.08954
-0.02425
-0.05355
0.00277
-0.00361
-0.06125
-0.02077
-0.01371
0.02560
-0.00921
-0.03018
0.03748
0.03259
-0.04722
0.01122
-0.01278
-0.03906
0.00425
0.00109
-0.00447
0.01462
0.01816
0.03280
-0.05291
-0.00542
0.03316
0.06776
-0.04856
-0.01596
0.00272
0.03442
0.02192
-0.04898
-0.02788
0.01999
-0.02535
0.07955
-0.09854
0.07431
0.01445
-0.09264
-0.00010
0.03151
-0.05792
-0.05491
-0.00346
-0.02234
-0.05013
-0.01229
-0.05997
0.02741
0.00339
-0.05147
0.10719
0.01284
-0.01666
0.00280
0.01509
0.02561
0.00361
-0.07197
0.02313
-0.06162
-0.02440
-0.01833
0.02333
-0.01037
0.01605
0.02618
0.04026
0.04668
0.03512
-0.07212
0.01566
0.01924
-0.07487
0.07331
-0.09545
-0.01973
0.00695
0.02589
-0.03764
-0.00160
-0.03149
-0.02888
0.04964
0.02000
-0.02198
0.01655
-0.07096
0.00382
0.07232
0.08505
-0.00392
0.03646
-0.03395
0.03226
-0.00266
-0.06104
0.00959
0.03771
-0.01532
0.03568
-0.01626
-0.00400
-0.01866
-0.00467
0.03109
-0.00992
-0.00880
0.00690
0.02172
-0.05885
-0.04545
0.00209
-0.05952
0.01007
-0.03001
0.00199
-0.02497
-0.02768
-0.05590
0.04105
-0.03835
-0.00977
-0.05820
0.04339
-0.02670
0.03849
0.01135
-0.01168
0.03766
0.02222
-0.05611
0.08263
-0.03484
0.03173
-0.06857
0.02415
-0.04600
0.00650
0.00064
-0.07865
-0.00928
-0.03304
-0.05322
0.00294
0.04926
-0.06562
-0.01506
0.01814
-0.05911
-0.07450
0.00449
-0.03487
0.01068
0.01812
-0.10149
-0.04184
0.00790
0.05373
-0.03983
0.00601
-0.02634
0.02534
-0.01134
-0.01696
-0.03168
0.02212
0.00267
0.00512
0.05337
-0.03062
-0.00925
-0.02146
-0.05744
-0.01985
-0.01720
-0.06697
0.04756
-0.06168
-0.00565
-0.00162
0.02621
-0.04279
-0.02439
0.05282
-0.02716
0.01365
0.00334
0.00661
-0.01577
0.02413
0.12738
-0.06862
0.03603
0.00854
0.01798
-0.00246
0.00767
0.04160
-0.05627
0.01604
0.00369
-0.03421
-0.01572
0.03073
0.01353
-0.05578
-0.00408
-0.03972
-0.08573
0.01019
0.02302
-0.03022
0.08795
0.00447
0.01652
0.12011
0.01003
0.03445
0.06573
0.05745
-0.03279
0.00959
-0.00342
0.00579
0.00009
0.07953
0.01715
0.09697
0.06335
-0.03866
0.03628
-0.01600
0.01787
0.01225
-0.03415
-0.01967
0.01275
-0.01134
-0.01894
0.03748
0.02389
0.02659
0.00942
-0.00386
0.03389
-0.00600
-0.00656
-0.00227
0.04051
0.01076
-0.08455
-0.00493
-0.00600
-0.01343
0.05266
0.01123
