-0.07794
-0.02827
0.00797
0.06576
0.04830
-0.04767
-0.06058
0.02480
0.00759
-0.01001
-0.00287
0.04434
0.01486
0.03261
0.06598
0.01176
-0.01791
0.07983
-0.04659
-0.00044
-0.07377
0.03488
0.01018
-0.02577
-0.03027
0.02701
-0.03531
-0.02566
0.07158
0.01169
-0.03345
0.00422
-0.00852
-0.02467
-0.06352
0.01183
-0.00495
-0.02399
-0.06539
0.08981
0.00520
-0.00057
0.01774
0.02643
-0.00088
-0.00719
0.03713
0.02061
-0.07082
-0.03710
-0.02776
0.04235
0.05040
0.01528
-0.05416
-0.01621
-0.02916
0.00412
-0.00644
-0.06130
-0.01574
-0.01154
-0.05006
-0.02116
-0.03547
0.07164
-0.11240
0.00796
-0.04827
0.00273
0.03534
-0.01762
0.06272
-0.06107
0.00003
-0.01566
-0.00613
-0.01064
-0.03782
-0.01585
0.06154
0.01147
-0.00646
0.03147
0.02074
0.02136
-0.03658
0.09635
-0.03528
0.01200
0.06205
0.04473
0.05976
-0.00036
0.01569
-0.02997
-0.02086
0.00909
-0.00867
0.01685
-0.02061
0.02890
0.04461
0.00708
0.02318
-0.02325
0.01328
-0.05883
-0.01300
-0.00624
-0.01688
0.05088
-0.09810
0.06457
-0.01695
0.01072
-0.01971
0.02500
-0.09714
-0.04023
0.02343
-0.01527
-0.02162
0.01795
0.02226
-0.07054
-0.01871
0.03154
0.05100
-0.00817
0.02231
-0.04325
0.09702
0.03574
-0.00105
0.02161
0.02147
-0.07396
-0.00899
0.01546
-0.04685
0.03606
-0.03224
0.08236
0.06512
0.00267
-0.03365
-0.03331
0.03921
-0.00896
0.01959
-0.00532
-0.01009
0.02846
0.07823
-0.04045
0.02524
-0.01396
-0.01860
-0.00971
0.02831
0.00399
-0.00168
0.04767
0.03423
0.01906
-0.09350
0.00095
-0.00032
-0.02846
-0.04311
-0.04522
-0.04018
0.05708
-0.07637
-0.03940
0.05891
-0.02246
-0.04742
0.03706
-0.00475
-0.02726
-0.01634
0.00202
0.01990
0.00325
-0.01093
-0.02272
0.01306
-0.01377
-0.00069
0.03885
0.00806
0.02308
0.01250
0.03633
-0.02601
-0.03565
0.03803
0.03464
0.02253
-0.03781
-0.02398
-0.05590
-0.07453
0.00902
0.04465
0.04272
0.03823
0.01964
-0.03655
0.01907
0.01018
0.07442
0.00573
-0.01291
-0.04764
0.05898
-0.06362
-0.03879
-0.03880
0.00813
0.02697
-0.04684
0.02948
-0.01501
-0.02045
0.00706
0.01457
0.04976
-0.07451
-0.01774
0.02544
-0.01180
-0.06298
-0.00817
0.02108
0.04021
0.02153
0.00131
-0.04793
-0.03862
-0.00236
0.06343
-0.05408
0.03897
-0.00346
0.04841
-0.01704
0.04029
0.07888
0.03370
-0.00405
-0.03307
0.02527
0.08211
0.01801
0.01903
0.02351
-0.03315
-0.01250
-0.01963
-0.05440
0.05182
0.02847
-0.00075
0.00038
-0.07457
-0.06379
0.04548
-0.07876
-0.10606
0.01591
-0.01830
0.03519
-0.00382
-0.00266
0.01950
0.03854
0.10584
0.02795
0.00516
-0.05742
0.02513
-0.01851
0.05141
-0.04342
0.00793
0.11484
-0.02214
0.01713
0.00345
0.07287
0.00389
0.00570
-0.00695
0.01950
-0.05955
0.00325
0.10639
-0.03972
0.04836
0.05903
-0.01305
0.02621
-0.05022
0.05617
-0.03173
-0.07664
-0.09754
-0.01614
0.09410
0.00790
0.00231
0.05099
0.03353
0.04288
-0.00346
0.02849
0.05291
-0.00657
0.01468
0.02101
0.08420
-0.03088
-0.02067
0.00420
0.08126
-0.00549
0.05165
-0.00407
-0.03144
-0.00199
-0.02185
-0.03973
-0.00608
0.00167
0.00321
0.01806
-0.03758
-0.06450
0.01484
0.00875
0.02880
0.05262
-0.00811
-0.02197
0.02125
0.04712
0.04011
0.03963
0.00959
-0.02896
-0.03590
0.04028
0.01268
-0.08584
-0.00217
0.04298
0.00720
0.01649
0.00095
-0.03717
0.03645
0.07105
-0.02310
0.02002
0.06709
-0.00313
-0.05624
0.04233
-0.10546
0.08821
0.00466
0.02116
0.03834
-0.02528
0.01304
-0.01078
-0.06363
-0.01448
-0.03350
0.01320
0.02336
-0.05436
-0.00501
-0.07824
-0.06408
0.07684
-0.05011
0.03743
-0.04174
0.03846
-0.03403
0.00676
0.00333
0.01950
0.00707
-0.09620
-0.00663
-0.04512
0.02821
-0.02725
-0.00788
-0.02562
0.02515
0.03258
0.00918
-0.01380
0.02985
-0.00024
0.02313
0.05728
-0.04780
0.02833
0.12735
-0.04873
-0.02696
-0.02398
-0.01511
-0.01489
-0.02618
-0.02967
-0.01437
-0.08057
-0.00183
-0.02049
-0.03758
0.05058
0.01535
-0.01580
0.04616
0.01854
0.06208
-0.02945
-0.02032
0.00587
-0.04452
-0.03690
0.03654
0.06249
0.06228
-0.06954
0.00019
-0.03274
0.03240
-0.03569
-0.10348
0.01060
0.00351
-0.07267
0.06354
-0.01459
-0.00582
0.08210
0.04461
-0.00658
0.00815
-0.00018
-0.01112
0.06320
-0.03132
0.02240
-0.06477
0.03424
0.00355
-0.03325
-0.03309
-0.01992
0.06774
-0.07701
0.04328
-0.03970
-0.06408
0.03409
-0.02586
-0.02418
-0.01526
0.00454
0.09387
-0.02222
-0.05114
-0.04744
-0.00593
0.07986
-0.00079
-0.01411
-0.04760
0.01463
-0.01820
-0.01755
-0.05258
-0.03344
-0.01379
-0.01649
-0.12066
0.00265
0.05055
-0.00106
0.03374
-0.09039
0.00153
-0.06196
0.02113
-0.07408
0.06292
0.05041
-0.03434
0.04312
-0.02903
0.05233
-0.00191
