0.05577
-0.00506
0.00388
-0.03337
0.00754
-0.01797
-0.03505
-0.04238
0.01643
0.02232
0.10334
0.00826
0.00530
0.04464
0.03146
-0.04404
-0.02883
0.01749
-0.03576
0.07284
-0.01464
-0.05538
0.01012
-0.11551
-0.09853
0.00025
-0.05200
-0.03431
0.01094
-0.04387
0.02737
0.01740
0.01562
0.06878
-0.00554
-0.08606
-0.00113
-0.03509
0.00481
0.06669
-0.01858
-0.03372
-0.08068
0.10807
0.01724
-0.00816
0.00949
0.03924
-0.05884
-0.06381
-0.07223
-0.03571
-0.03396
0.02170
-0.02300
0.00703
-0.04103
-0.00573
-0.04090
0.01659
0.01480
0.06919
-0.08623
-0.01538
0.01266
0.01165
0.03620
-0.06626
-0.04455
-0.03368
0.04102
0.01046
-0.02954
0.00757
-0.03359
-0.04234
0.00184
-0.02229
0.00112
0.01490
-0.01802
0.07053
-0.04154
0.07022
0.01426
-0.00386
0.03791
0.08285
-0.06717
0.01771
0.02777
-0.08533
0.01247
-0.05323
0.02944
0.03163
0.00454
0.11264
-0.02415
-0.01795
0.02673
0.05650
0.02516
0.04826
0.01184
-0.00313
0.01796
0.02118
-0.10592
-0.04541
0.05587
-0.01116
-0.07901
0.00007
-0.00083
0.05222
0.07400
0.02230
0.03645
0.02269
-0.00882
0.02450
-0.01267
0.07998
-0.04611
-0.03263
-0.02294
-0.06983
-0.00018
-0.03435
-0.06043
0.02261
0.03857
-0.02205
0.00732
-0.08499
-0.00990
-0.06620
0.00436
0.05959
0.00691
0.01845
-0.07053
0.02484
0.03144
-0.01548
-0.07186
0.03330
-0.02294
-0.02135
0.05160
0.03534
-0.05936
0.00644
0.03340
-0.04802
-0.00191
-0.01719
-0.02426
-0.04966
0.03563
0.03092
-0.01055
0.01605
0.03495
0.04650
0.00952
0.04002
0.00158
0.08289
-0.02684
0.05687
-0.04451
-0.09351
-0.04140
-0.03182
-0.02143
0.00311
0.02471
0.01135
0.08669
0.00392
-0.02966
0.04781
0.07280
0.05079
-0.03993
0.00243
0.01391
-0.00822
0.00526
-0.03875
0.03220
0.00503
0.02199
-0.02820
-0.01295
-0.00952
0.01011
0.02820
0.08279
-0.06283
-0.01220
-0.02331
-0.04584
0.05108
-0.05851
0.01401
0.05121
0.09995
-0.04122
-0.05896
-0.04222
-0.02891
-0.03063
-0.03230
-0.02156
0.05522
0.00402
0.02051
-0.02754
-0.00560
0.02447
-0.04710
0.00339
0.04696
0.08601
0.02454
-0.07820
0.03176
-0.03924
-0.01945
-0.02479
-0.05601
-0.00790
0.03342
-0.01611
-0.00648
0.08101
0.02568
0.04931
0.05079
0.04163
0.00759
-0.03975
-0.03650
-0.00773
0.03804
-0.02602
0.01596
0.03448
0.05082
0.04849
-0.03476
0.02472
0.07013
0.03923
0.08700
0.03477
0.04611
-0.00990
-0.02194
-0.01001
0.01069
-0.00949
0.05231
0.10520
-0.00120
0.01041
-0.06558
-0.02238
-0.02700
0.02440
0.01239
0.02153
0.02050
0.00734
-0.00825
0.01276
-0.04141
-0.01323
0.08684
-0.01173
0.02320
0.03032
-0.01279
0.01417
0.01129
0.02578
0.00594
0.02630
-0.00574
0.04497
0.02396
-0.00429
0.01514
-0.01709
-0.01540
0.03111
-0.02520
-0.04319
-0.01086
-0.03799
-0.01515
-0.01362
-0.02555
0.02762
-0.02335
-0.05104
0.02716
-0.06129
-0.00855
0.09119
-0.00442
-0.00367
-0.03569
-0.06838
-0.01281
0.04280
0.06796
-0.07019
0.04490
-0.03974
0.02078
-0.00458
-0.09450
0.03162
0.09593
-0.00171
0.07149
-0.00671
0.01394
-0.08556
0.06434
0.03703
-0.03174
-0.00118
-0.06634
-0.00645
0.00490
0.03399
-0.02861
0.05395
0.00310
-0.05728
0.03821
-0.04010
-0.05630
-0.01165
0.08401
0.01154
-0.01840
0.04687
0.05067
0.05206
-0.00597
0.02897
0.00883
0.00696
0.00728
-0.06710
-0.00750
-0.03490
-0.04360
-0.06001
-0.02268
-0.00239
0.05179
-0.02137
-0.03455
0.02080
-0.06178
-0.00078
0.00948
0.02002
0.03519
0.03596
0.05034
0.00413
-0.01747
0.00431
-0.10993
-0.07573
-0.00215
-0.01909
-0.04533
0.01932
-0.02144
0.02223
0.01706
-0.00709
0.04138
-0.02221
0.03327
0.01477
0.04705
-0.01759
0.01574
-0.00656
-0.03580
-0.00315
0.04989
0.06232
-0.01162
-0.01063
0.05222
-0.01864
-0.09485
-0.01475
-0.05272
0.01568
0.01069
0.02511
-0.02827
-0.01125
0.03707
0.02801
0.03996
0.00544
-0.04868
0.02659
0.03153
-0.05404
0.05066
-0.01136
0.04390
-0.01646
-0.07391
-0.00177
-0.03022
0.03219
0.03594
-0.00128
-0.00161
-0.03940
0.03431
-0.01639
0.00597
-0.03247
0.07024
0.00505
0.07092
-0.05901
0.05640
-0.00015
0.03136
0.03830
-0.12086
-0.02578
-0.02454
-0.01519
0.06413
0.01719
0.03098
-0.00680
-0.02050
-0.01138
0.06283
0.04147
-0.02680
0.04865
-0.00941
0.03902
-0.06774
-0.01677
-0.00767
-0.06014
0.04159
0.03793
0.05419
0.04048
0.03627
0.04441
-0.07600
0.01630
-0.04121
0.02851
-0.04070
0.01635
0.05726
0.00333
0.05697
-0.02792
0.06781
0.02573
-0.01014
-0.00851
-0.01876
0.09803
-0.09415
-0.08468
-0.01069
-0.05317
0.01374
-0.01995
-0.05984
0.00695
-0.04882
-0.00600
-0.02444
-0.08371
0.02495
-0.08207
-0.02283
-0.07254
0.02370
0.00846
-0.01017
-0.05662
-0.04403
0.04033
0.03234
