-0.02021
0.04017
0.00621
0.01974
0.01726
-0.07684
-0.04544
0.00390
0.04190
-0.10027
0.00131
-0.05123
-0.05166
-0.03008
-0.00180
0.01940
-0.01449
0.00611
-0.00083
0.05369
0.05049
0.03758
-0.04984
0.00202
0.00149
-0.02096
0.09820
0.01529
0.04261
0.02060
-0.00104
-0.01335
-0.00667
0.01420
0.03958
-0.02495
-0.00692
-0.01882
0.07191
0.05087
-0.00728
-0.04920
-0.02662
-0.00998
0.02445
0.00110
-0.03520
-0.01606
0.05757
0.10303
0.03619
0.01649
-0.07705
-0.01381
0.09048
0.04305
0.01032
-0.06814
0.06974
-0.02673
0.04646
-0.03865
0.06015
-0.00280
0.03180
0.06171
-0.03064
0.01829
-0.01073
-0.11357
-0.04277
0.00437
-0.03704
0.02166
0.04722
0.01842
0.04396
-0.06602
-0.03009
-0.02132
-0.00868
-0.00418
0.04499
-0.04582
-0.01381
-0.03728
0.03124
-0.04284
0.06025
0.02593
-0.02638
-0.03054
0.05223
-0.00019
-0.13598
0.00879
-0.05243
0.00530
0.00211
-0.04873
-0.01766
-0.02912
0.03552
-0.03702
-0.04055
-0.00088
0.00522
-0.03826
-0.02663
-0.00216
-0.00899
-0.01720
0.02688
0.11516
0.07169
0.00604
-0.02597
0.04715
-0.01802
-0.03330
-0.01191
0.04248
0.02485
0.07379
0.01390
-0.01626
-0.01123
-0.06341
0.00055
0.05313
0.01097
-0.04055
-0.04147
-0.05632
0.02178
-0.04113
-0.03800
-0.01860
-0.01104
-0.00702
0.08074
0.05075
-0.05686
-0.02241
0.05935
0.04144
0.03149
0.02853
-0.03253
0.00831
-0.02833
0.03917
0.00650
-0.03620
-0.04744
-0.05580
0.04711
-0.04465
-0.00953
0.03486
0.00311
-0.05460
-0.01499
-0.02491
-0.02543
0.00361
0.04753
0.03079
-0.00879
-0.05174
-0.00428
0.05932
0.06803
-0.00884
0.00741
-0.03161
-0.06039
-0.03815
-0.00502
0.06634
0.11017
-0.03416
-0.00528
-0.02055
-0.02172
0.01886
-0.08840
-0.02365
-0.04091
0.04559
-0.04627
0.04667
0.00873
0.05366
-0.03492
-0.03416
0.00644
-0.01024
-0.00117
-0.06290
-0.06475
-0.04763
0.01389
0.03642
0.03709
-0.08347
0.01202
0.00761
-0.03350
0.05867
0.09941
0.00116
0.00238
0.00541
-0.08046
0.01893
-0.07740
-0.03653
-0.03187
-0.04057
0.00518
0.02095
0.00235
0.04692
0.02480
0.07361
0.00834
-0.01255
0.05763
0.01294
-0.02240
-0.09912
0.02511
-0.00271
0.00113
0.06867
-0.07912
0.04404
-0.00176
0.06693
0.00257
0.01434
0.01922
-0.04622
-0.03057
0.03513
-0.08646
-0.00644
0.05069
-0.09953
-0.06098
0.04731
-0.08472
-0.02731
0.06162
-0.05465
0.00179
0.00923
-0.00769
-0.02196
0.00186
-0.01818
-0.02406
0.00570
-0.00601
0.03185
0.01155
-0.02354
-0.05589
-0.02722
-0.01667
0.04232
0.01478
-0.03601
0.07985
0.08747
0.02081
-0.02569
0.01358
0.03398
-0.01223
-0.06791
-0.01586
0.00416
0.04956
0.01393
-0.00833
0.01514
-0.00696
0.08882
-0.05741
0.01008
-0.01607
-0.07313
-0.02431
0.07454
-0.08287
-0.04167
0.06865
-0.00280
-0.02998
0.02791
0.01510
-0.00474
-0.06692
-0.04218
0.12833
0.03812
-0.07335
-0.00675
0.00768
-0.01891
0.07856
-0.05802
-0.03485
0.02833
-0.00974
-0.02056
0.02579
0.05368
0.00567
-0.03027
0.03549
0.01309
0.06796
-0.07606
0.07868
-0.01675
-0.01944
0.06381
-0.02766
-0.07000
0.01316
0.05335
-0.02832
0.01685
-0.04964
-0.04014
0.06534
0.00444
0.01302
-0.00708
-0.02781
0.05917
0.01356
0.05462
-0.00969
0.05571
-0.05868
0.03899
-0.02283
-0.07166
0.04859
-0.00011
-0.03384
0.03723
-0.01310
-0.04244
-0.06116
-0.01583
-0.00420
-0.00670
0.03039
0.03228
0.06458
-0.04428
-0.01390
-0.00185
-0.06160
0.00189
-0.00367
0.00462
-0.02433
-0.07562
-0.06065
0.00107
-0.02334
-0.04944
-0.07735
-0.01169
-0.05711
0.05284
0.03966
-0.02484
-0.01112
-0.00934
-0.00614
0.00116
-0.03340
-0.00197
-0.02339
-0.02715
-0.07639
-0.07319
0.00732
-0.00253
0.07595
0.02641
-0.06148
-0.02626
0.03673
-0.02605
-0.05134
0.00569
-0.02889
0.01592
-0.08640
-0.03835
0.00114
0.03201
-0.09412
-0.00021
-0.00423
0.01774
0.00833
-0.00423
0.00431
0.05365
-0.00939
0.03867
-0.03579
0.03682
0.03514
-0.03952
-0.00935
-0.05741
-0.02967
-0.00500
-0.00145
-0.02055
-0.04607
-0.05872
-0.01069
-0.01767
-0.08172
-0.03980
0.06818
-0.02663
0.02545
0.09336
0.01968
0.03527
-0.08434
-0.04079
-0.00315
0.05439
0.06278
-0.07491
0.00085
0.03135
0.05809
0.00587
-0.01159
0.08034
-0.06292
-0.02890
0.01499
-0.06520
-0.02971
0.09065
-0.01863
-0.07000
-0.01704
0.00734
-0.04831
0.01561
0.00899
-0.04606
0.07455
-0.01440
-0.03737
0.12384
0.04043
-0.00468
0.01617
0.00301
-0.06567
-0.00512
-0.01818
-0.06401
-0.00534
0.02940
0.01515
0.08392
0.02309
0.00097
0.05230
0.00183
-0.03809
0.02144
0.02086
-0.00378
0.03906
-0.02009
-0.00830
0.06277
0.04596
-0.01712
-0.00701
-0.02991
0.05279
0.02229
-0.03705
-0.03161
0.02993
0.03041
0.03389
-0.02040
-0.02948
0.01378
0.07736
-0.02128
