-0.02509
0.06157
0.02795
-0.02120
-0.02162
-0.10522
-0.00049
-0.05413
0.04354
-0.02214
-0.04297
-0.03881
-0.08715
-0.01159
0.03601
0.02011
0.01069
-0.01403
-0.03557
0.09753
0.00768
0.01800
-0.04478
0.03420
0.01987
-0.07002
0.01971
-0.00550
0.00843
-0.01577
-0.04897
0.03867
-0.02978
0.04796
0.05254
-0.03027
-0.00132
-0.04875
0.03784
0.05431
0.03462
-0.05776
-0.02769
-0.01790
-0.03534
0.01634
0.00009
-0.01533
0.06924
0.12988
0.09224
0.00477
-0.08211
-0.01289
0.08818
-0.02320
-0.05855
-0.02357
0.06991
0.00333
-0.02431
0.00278
0.05963
-0.00456
0.03810
0.03682
-0.03666
0.04521
0.01219
-0.07441
-0.00689
0.02297
-0.04729
0.04684
0.01908
0.00783
0.03765
-0.05447
0.01099
0.01053
0.01117
-0.03208
-0.01016
-0.05323
-0.00884
-0.04364
0.02775
-0.06147
0.02890
0.05011
0.01811
0.02725
0.06793
-0.03946
-0.10526
-0.01002
-0.03712
0.02717
0.00831
-0.04082
0.00974
0.01996
-0.00148
-0.05396
-0.03241
0.02150
0.04097
-0.00421
-0.04587
0.01158
-0.01514
-0.10220
0.06060
0.12529
-0.01843
0.00174
0.01600
0.00558
-0.06718
-0.03196
-0.01280
0.08423
0.02638
0.05340
0.05286
0.00179
0.02623
-0.05647
-0.04113
0.06091
-0.04099
-0.05983
-0.02583
-0.06990
0.01364
-0.06492
-0.05902
-0.01909
-0.00364
0.00896
0.09017
0.02636
-0.00277
0.00657
0.02843
0.07383
-0.01971
0.03126
-0.00561
-0.00532
-0.01141
0.02480
-0.00465
-0.00613
-0.05424
-0.06161
0.03406
-0.01559
-0.06501
0.04921
0.02962
-0.05441
-0.00828
0.01523
-0.01867
-0.00284
0.02567
0.01467
-0.01175
-0.08032
-0.04017
0.03779
0.03287
-0.00555
-0.02800
-0.03809
-0.00773
-0.00373
-0.01855
0.02023
0.04294
-0.03080
0.02952
-0.00817
-0.05249
0.01047
-0.05144
-0.03662
-0.06555
0.07493
0.01460
0.06080
0.03381
0.06898
-0.04394
-0.00896
-0.00010
-0.03025
0.00421
-0.07521
-0.06199
-0.02902
0.02119
0.04816
0.08825
-0.10487
0.03346
0.05743
-0.04867
0.09407
0.04354
0.01482
-0.02016
-0.01340
-0.06345
0.00561
-0.00224
-0.04970
-0.06736
0.04396
0.03015
0.06280
0.01420
0.00666
0.02159
0.09790
0.03088
0.02172
0.01729
0.09223
0.01105
-0.10526
-0.01957
-0.01125
-0.00331
0.06319
-0.08314
0.04926
-0.01404
0.04574
0.02649
-0.00877
-0.00917
0.00969
-0.00367
0.02257
-0.03268
0.02875
0.09592
-0.10415
-0.04450
0.05452
-0.05754
-0.04200
0.00208
-0.04029
-0.00294
-0.01369
-0.07005
0.02593
0.01479
0.01343
-0.00694
-0.02475
0.02740
0.01970
-0.07117
0.01558
-0.00625
-0.01523
-0.02016
-0.01282
-0.00870
0.01762
0.01244
0.04706
-0.04394
-0.03981
0.04198
0.05662
-0.04094
-0.03848
-0.03282
0.01786
0.03235
-0.03668
-0.04034
0.02099
-0.03062
0.06206
-0.10203
0.08132
0.05312
-0.10237
0.01411
0.02628
-0.06378
-0.05035
0.01078
0.00539
-0.02490
-0.00606
-0.00475
0.00529
0.01858
-0.04048
0.12109
-0.01735
-0.01412
-0.02578
0.01559
0.03282
0.01126
-0.06596
0.01486
-0.05485
-0.05414
0.00117
-0.00500
0.00175
0.01973
-0.00252
0.04854
0.05724
0.05032
-0.06107
0.00068
-0.01075
-0.07183
0.07166
-0.07940
-0.02461
-0.00712
0.02146
-0.03065
0.01582
-0.03763
-0.02977
0.05219
0.03059
-0.02478
0.01068
-0.06155
-0.02019
0.06630
0.05121
-0.00023
0.06647
-0.01967
0.05603
-0.00437
-0.05840
0.01371
0.01136
-0.05087
0.05084
-0.01713
-0.00423
-0.01687
0.00682
0.01565
0.00895
-0.00844
0.01633
0.03950
-0.04232
-0.04097
0.00680
-0.06971
-0.00012
-0.02663
0.00874
-0.01080
-0.00404
-0.03172
0.03662
-0.07212
-0.04393
-0.07782
0.04535
-0.02645
0.07328
0.01143
-0.01013
0.02237
0.01337
-0.01988
0.07892
-0.02867
0.02306
-0.04191
-0.00501
-0.05846
-0.01322
0.00144
-0.08769
0.00866
-0.03931
-0.05764
-0.00441
0.05180
-0.03868
-0.03032
-0.01351
-0.07899
-0.08753
0.00952
-0.04578
-0.00669
0.01737
-0.10526
-0.04077
-0.00705
0.04421
-0.03804
0.00557
-0.03024
0.04345
-0.02638
-0.00734
-0.04128
0.03375
-0.01299
0.03438
0.07430
-0.07012
0.00968
-0.00543
-0.02406
-0.02691
-0.04608
-0.07861
0.06150
-0.08235
-0.02858
-0.01874
0.03597
-0.03955
-0.01484
0.01995
-0.02159
-0.01594
0.01598
0.00770
-0.02305
0.05633
0.14753
-0.05806
0.00331
0.02774
0.01894
-0.00518
0.02671
0.02126
-0.06588
0.00329
0.03453
-0.03865
-0.01429
0.03768
-0.01164
-0.05893
-0.00869
-0.03666
-0.07284
0.02097
0.01920
-0.04976
0.08970
-0.01120
0.01832
0.12995
0.01423
0.02171
0.03438
0.03382
-0.04250
0.02063
0.00658
-0.00238
-0.00242
0.04196
0.02521
0.09282
0.07414
-0.03227
0.03935
-0.02804
0.02419
0.02017
-0.02993
-0.02594
0.01883
-0.02741
-0.00731
0.02026
0.03605
0.01668
-0.01701
-0.01490
0.01831
-0.00246
-0.02678
0.03654
0.03491
0.02183
-0.05633
0.01580
0.00193
0.01509
0.04601
-0.02776
