0.01488
-0.00268
-0.07071
-0.06959
-0.01608
-0.02260
0.03434
-0.00385
0.03666
-0.03999
0.00014
0.00448
0.04726
0.03081
0.02821
0.04974
0.03360
-0.03161
-0.02765
0.02225
0.00545
-0.08786
0.00896
-0.04668
0.02627
-0.08381
-0.01992
-0.05143
0.04331
-0.03503
0.02606
0.01614
-0.04010
0.05697
-0.05092
-0.00762
0.05209
-0.00924
-0.01579
0.00169
-0.06542
-0.01365
-0.03988
0.03884
0.05025
-0.01404
0.06329
-0.00730
-0.00426
0.02204
0.01525
0.02398
0.00592
-0.01280
-0.04882
0.02073
-0.05284
0.00682
-0.01549
0.04384
0.00997
0.00643
-0.07174
0.01610
-0.03251
0.02401
-0.02343
0.06001
0.00139
-0.05902
-0.09442
-0.05735
0.00948
0.02348
0.03354
-0.04316
0.00182
-0.00990
-0.04796
-0.00063
-0.07081
-0.00996
-0.00656
-0.04285
-0.02096
-0.03855
-0.05542
0.04763
-0.04308
0.07558
0.02250
-0.01526
0.03753
-0.03470
-0.04864
0.00476
0.00630
0.00981
0.00053
-0.04802
0.00262
0.03104
0.03519
-0.06956
0.01604
0.00594
-0.07232
-0.06664
-0.06585
-0.04742
0.02151
0.00788
0.00225
0.01283
0.06754
0.06358
0.05087
-0.06391
0.01236
-0.00505
0.01636
0.07677
0.06903
0.03745
0.02152
-0.03946
-0.01494
-0.05573
0.01912
-0.01355
-0.02918
0.10533
0.00584
-0.04818
0.02550
-0.08533
0.00371
-0.08048
0.02304
-0.05708
-0.01557
-0.01061
-0.06318
-0.00672
0.05109
-0.01812
0.00147
0.00394
0.02477
-0.00049
-0.01892
-0.02606
0.00461
0.00526
0.03566
0.00051
0.00245
0.04235
0.08061
-0.03253
0.08930
-0.00601
0.02631
-0.07215
0.08562
0.02651
-0.00248
0.01718
0.02912
0.00842
-0.00698
0.05684
0.03858
-0.05694
0.00343
-0.09374
-0.02231
-0.02268
-0.01280
0.00268
0.04675
0.01780
-0.07939
-0.06301
0.00405
0.03724
-0.03987
-0.02838
-0.05510
0.02637
-0.07110
-0.04858
0.02109
0.02558
-0.03636
-0.01760
0.05286
0.02238
0.00990
-0.02583
0.02996
-0.07600
0.04658
-0.01948
-0.00141
-0.01977
-0.00942
-0.04641
0.00683
0.09304
-0.03474
0.03658
-0.01085
-0.03643
0.03335
0.03083
-0.00287
-0.02884
0.03370
-0.04347
-0.01528
-0.01688
0.01451
-0.07046
0.02520
-0.00091
0.04202
0.04126
-0.02818
0.03540
-0.03650
-0.06346
0.01631
0.00676
0.05487
0.05222
0.00264
-0.10321
0.06249
-0.01770
0.06898
0.00939
0.03999
-0.04929
-0.01788
0.01601
-0.04080
0.00966
-0.06654
-0.01917
-0.00401
0.05287
0.01948
-0.04565
-0.00183
-0.07386
0.03467
-0.03349
0.03883
-0.00622
-0.02657
-0.05026
-0.05177
0.02110
0.03197
0.00992
-0.02406
-0.05587
-0.03676
-0.02285
-0.05187
0.04360
-0.01952
0.02150
-0.01240
-0.01028
-0.00310
0.04313
-0.03124
-0.02740
-0.06471
0.00420
0.06653
0.03907
0.03326
-0.04604
0.02869
-0.02135
-0.05319
-0.03532
-0.01625
0.07135
-0.02948
-0.01427
-0.01083
0.08253
-0.01737
0.03206
0.04000
0.03425
0.03405
0.03657
-0.03380
-0.01152
0.02732
-0.01782
0.02614
-0.04008
0.02520
-0.00577
-0.05910
-0.01796
-0.00275
-0.06069
0.01394
-0.05646
-0.02842
0.00238
0.00146
0.00301
-0.03692
-0.05357
-0.05712
0.02064
-0.02252
0.00978
-0.01882
0.02811
-0.05037
0.04380
-0.02783
0.01641
-0.04108
0.00729
-0.08375
-0.03589
0.01131
-0.05881
0.11878
0.05432
0.02326
-0.06360
-0.01775
0.03090
0.04905
-0.01559
0.02844
-0.03343
-0.00777
0.03315
0.04898
-0.01943
0.07794
-0.03214
0.07199
0.02688
0.01874
-0.00823
-0.09208
-0.00430
0.00123
-0.11939
-0.07694
-0.03751
-0.00166
0.01453
0.02699
-0.01925
0.01864
-0.02857
-0.02921
0.02892
0.01208
0.01737
0.01653
0.00545
0.00169
-0.05302
-0.03697
-0.00219
-0.08069
-0.03013
0.00563
-0.02959
-0.04766
0.00111
-0.03159
0.05809
-0.02671
-0.04681
-0.00310
0.04290
-0.01405
0.07010
-0.01769
0.01559
0.06537
0.04525
0.02871
-0.03901
0.02149
0.01629
0.06557
-0.05277
-0.09642
-0.04711
0.01714
0.00025
-0.04439
-0.01561
0.03898
0.00474
-0.07567
-0.00095
-0.07798
0.02570
-0.01652
-0.00203
0.06013
-0.05754
-0.03218
0.08360
-0.03627
0.03821
0.01036
0.05375
-0.04213
0.02095
-0.00874
0.01921
-0.03845
-0.02362
-0.00713
-0.02285
-0.01157
-0.00963
0.06696
0.01811
-0.01581
-0.00743
0.03298
0.00387
0.06533
-0.00658
0.01679
0.03804
0.03993
-0.07254
0.09933
0.02578
0.00627
0.01696
-0.03193
-0.02050
-0.02935
-0.01551
0.02185
0.06590
0.05509
0.02191
0.01080
-0.04707
0.01867
-0.05049
-0.04372
-0.02366
-0.04221
0.03684
0.02206
0.06125
0.00258
0.03826
-0.01825
0.02508
0.00421
-0.02653
-0.02672
-0.04919
0.05552
-0.03091
-0.00708
-0.01044
-0.00744
-0.00282
0.01959
0.01683
0.00116
-0.01870
0.07898
-0.02582
-0.02651
-0.02378
-0.01075
0.03114
0.07359
0.04049
-0.01091
-0.00811
0.05895
0.01974
-0.04673
-0.04367
-0.05131
0.00800
-0.00100
0.05988
0.06015
-0.00662
0.01962
0.00277
0.02053
-0.00213
