0.05678
-0.04911
-0.04346
-0.06383
0.02005
-0.03174
-0.00806
0.02364
-0.00635
0.02791
0.04536
-0.00105
-0.01121
0.02643
0.08079
-0.03149
-0.02656
0.02275
-0.03775
0.01914
0.01465
0.01066
0.06975
-0.05682
-0.03518
-0.04199
-0.05484
-0.01979
0.02862
-0.08265
-0.00009
0.01198
0.02150
0.03663
0.04028
0.02491
0.03955
0.03788
0.00811
0.03668
-0.01029
0.00277
-0.03045
0.02852
0.04873
0.01213
0.04881
-0.03269
-0.06335
0.00260
-0.02070
-0.07131
-0.02946
0.01836
-0.01434
0.03280
-0.00662
-0.01544
-0.01822
-0.06297
-0.05762
0.04498
-0.13154
-0.01055
0.02955
-0.05025
0.04902
-0.02267
-0.00502
-0.02884
0.01020
0.00199
-0.06654
-0.05127
0.02500
-0.07586
0.03444
0.02880
-0.05485
-0.02411
0.00224
0.09124
-0.00129
-0.03118
-0.01830
0.08033
-0.04740
0.03012
-0.08744
0.03088
0.03142
-0.03884
0.01060
-0.10498
-0.01023
0.02766
-0.00023
0.06800
-0.02136
-0.06047
-0.02688
0.06223
0.04914
0.01749
-0.01678
-0.03055
-0.00270
-0.04815
-0.10038
0.01030
-0.02541
-0.00083
0.04652
-0.03802
0.01211
0.00589
0.07219
0.01897
0.02282
0.03515
-0.04927
-0.00647
0.01451
0.03125
-0.03532
0.01923
0.00630
-0.08291
-0.00635
-0.10100
0.03265
0.03634
-0.03318
-0.00365
0.06025
-0.04311
0.00795
-0.02906
0.01498
-0.03567
-0.04058
0.02590
-0.03239
0.02752
0.01088
0.01338
-0.04271
0.01230
0.01091
-0.00703
0.01036
-0.01992
-0.06643
-0.00912
0.01182
-0.00671
-0.06999
0.01692
0.03554
-0.06088
-0.03523
-0.01112
-0.02845
-0.00510
-0.01593
0.01942
-0.02952
-0.05224
0.01824
0.01006
-0.09524
-0.02193
-0.04578
-0.03656
0.03719
0.02673
-0.01511
0.04334
-0.01581
-0.02075
0.07264
-0.03769
-0.01186
0.05756
0.06498
-0.00727
0.01270
0.00439
0.08170
0.04127
0.04279
-0.00860
0.01835
0.09596
-0.00455
0.03770
-0.05128
0.04685
-0.05083
0.01484
0.02049
-0.01849
0.05365
-0.03948
-0.01762
0.05461
0.01067
0.02611
0.08486
0.05871
-0.00657
0.00760
-0.05999
-0.05041
-0.06077
-0.02703
-0.01770
-0.07665
-0.04104
0.04423
0.00239
0.02097
-0.00108
0.03687
-0.06030
-0.00122
0.02438
0.00253
-0.05340
0.00197
-0.07163
0.00122
0.02552
-0.01068
0.01952
-0.02089
0.02631
-0.01832
0.07213
0.04461
-0.02815
0.03731
0.01763
-0.02162
-0.11153
-0.06257
-0.04032
-0.00283
-0.05454
0.10895
0.04135
0.04336
-0.02091
-0.07542
-0.02105
-0.00977
0.02459
0.01393
0.00526
-0.02298
-0.00200
-0.02216
-0.01121
0.01942
-0.01137
0.01506
0.02098
0.02185
0.00168
-0.07912
-0.03020
0.04474
0.01050
-0.02305
-0.01663
-0.05294
-0.01398
-0.00177
0.03163
0.02349
-0.03444
0.03429
0.01582
-0.02775
0.10040
0.00380
0.09216
0.02897
0.02674
-0.02837
0.02935
0.01900
0.02627
0.05913
-0.03079
-0.01847
0.01294
0.03440
0.02608
-0.07643
-0.06612
0.04689
-0.08922
-0.00496
0.03960
-0.03724
0.02156
0.00024
0.02366
0.08409
-0.03253
0.05648
0.01704
0.02638
0.01368
0.05313
-0.00000
0.03877
0.03884
0.01496
-0.00587
-0.05312
0.03844
0.00007
0.00596
-0.04279
-0.04179
0.02480
0.00146
0.00430
-0.06286
0.02555
-0.00176
-0.00035
-0.04115
0.01916
-0.04743
-0.00600
-0.01846
0.00910
0.00744
0.01309
-0.07611
0.07276
0.02669
0.05837
0.00673
0.01650
0.02085
0.03915
0.05856
-0.01720
0.03591
0.03104
0.06788
-0.02912
-0.03449
-0.02683
-0.00980
-0.01492
-0.00907
-0.06510
-0.01498
0.01218
-0.00748
0.00613
0.04337
0.02292
0.06518
-0.04693
-0.04936
-0.05802
-0.05109
-0.04194
-0.04747
0.05110
0.04266
0.00139
-0.00336
-0.02750
0.00076
-0.08810
0.00975
0.02088
-0.00109
-0.02596
0.00176
0.00524
-0.00856
-0.06326
-0.04575
0.05049
0.04869
0.04174
0.03379
0.01813
0.01866
0.04938
0.04061
0.00151
-0.00315
0.00803
0.05317
-0.00927
0.07708
0.03516
-0.07299
-0.07050
0.00707
-0.05277
0.00930
-0.01778
-0.03240
-0.02166
0.02186
0.03339
0.11719
-0.02812
-0.00477
-0.08736
0.00744
0.05770
-0.01555
0.05478
-0.05832
0.01526
0.04046
-0.02494
-0.07410
-0.02358
-0.02868
0.07833
-0.03152
-0.04717
0.02459
0.04533
0.03204
-0.01201
-0.05253
-0.01500
0.00955
-0.02248
0.01016
0.01016
0.05677
-0.04937
0.07444
-0.01260
-0.03361
0.04004
0.01076
0.07845
-0.02466
0.04572
0.02147
0.04276
0.02358
0.04807
0.04734
-0.05649
0.00539
0.02866
-0.00626
-0.01922
-0.03063
-0.03593
-0.05119
0.05768
0.03049
0.11581
0.04954
0.05669
0.01395
0.01279
0.03244
-0.05938
0.01884
-0.01794
0.04156
0.02048
-0.00124
0.00598
-0.04189
0.01183
-0.00166
-0.01668
0.05405
0.01415
0.07358
-0.03390
0.02085
-0.08673
0.03301
-0.01127
-0.01153
-0.03510
0.06694
-0.01517
-0.00724
-0.01468
-0.02935
-0.04037
-0.02116
-0.02321
-0.03931
0.04578
-0.04003
0.04081
-0.02191
-0.04549
-0.02463
0.02028
