-0.08117
-0.03590
-0.06173
0.00603
0.01700
0.02000
0.00992
0.00861
0.03284
-0.03234
-0.02676
0.04983
0.02648
0.01433
0.00651
0.03614
0.02616
0.04588
-0.04738
-0.04942
-0.09229
-0.01306
0.04600
-0.03848
-0.02432
-0.01818
-0.05392
-0.05307
0.02339
0.01561
0.01404
0.03408
-0.00389
-0.00739
-0.08303
0.01347
0.04414
-0.04881
-0.07526
0.07252
-0.01682
-0.01528
-0.01701
0.04664
0.07665
-0.02664
0.07112
0.05247
-0.03619
-0.03858
-0.04741
0.08790
0.05705
-0.00657
-0.05730
0.04413
-0.03879
0.01128
0.01504
-0.03648
0.00741
-0.00672
-0.04386
-0.02731
-0.05213
0.07806
-0.09664
0.05259
-0.05522
-0.01312
-0.03908
-0.03691
0.05784
-0.01069
0.02172
-0.03599
-0.02378
-0.02435
-0.06196
-0.03333
-0.03610
-0.00104
-0.01852
0.00650
-0.01831
-0.01164
-0.06543
0.06736
-0.04287
-0.02087
0.05935
-0.00425
0.08750
-0.02834
0.01176
0.00484
-0.02190
0.01045
0.01751
0.02555
0.02562
0.01215
0.02595
-0.05612
0.01266
0.00595
-0.05043
-0.08713
-0.04613
-0.06044
0.03310
0.06709
-0.08896
0.01920
0.04233
0.04643
0.01706
-0.03781
-0.04383
-0.03920
0.00494
-0.00038
0.04748
0.05677
0.01539
-0.07320
-0.01505
0.02138
0.05296
-0.04366
0.00053
-0.02422
0.06569
-0.00861
-0.02472
-0.03282
-0.00942
-0.10320
0.04711
-0.01640
-0.06967
0.02670
-0.06321
0.05514
0.10108
-0.03376
-0.00059
-0.03293
0.02314
0.03215
-0.00211
-0.01470
0.01023
0.01143
0.07741
-0.00973
0.02795
-0.00656
0.07304
-0.04797
0.06953
0.02656
-0.00183
-0.00867
0.05641
0.02886
-0.04719
0.03373
0.00977
-0.01863
-0.02432
0.01517
0.01470
0.02250
-0.05058
-0.03930
0.00647
-0.00488
-0.03032
0.02251
0.00197
-0.00733
-0.03639
-0.00661
0.03919
0.01426
-0.02262
-0.00751
0.00621
-0.01450
-0.02692
-0.04003
0.00119
0.01837
-0.02629
-0.03228
0.05890
-0.01323
0.01814
0.01391
0.01037
-0.05747
0.00434
-0.07822
-0.03816
-0.03481
0.03200
-0.03869
0.02772
0.05108
-0.02948
0.04641
0.02204
0.03349
0.02504
0.05841
-0.03350
-0.00867
-0.00750
-0.08200
-0.03390
-0.02941
0.02429
-0.07563
0.02483
-0.02806
0.00711
0.00183
0.02044
0.05554
-0.05305
-0.02331
0.02435
0.02739
-0.01618
0.02052
0.04044
-0.03416
0.04575
-0.03715
0.02088
-0.03080
0.03169
-0.02564
-0.03208
-0.00748
0.00207
0.02107
-0.05809
0.00241
0.06769
0.02826
0.01252
-0.01300
0.04897
0.00088
0.03631
-0.02890
0.06012
0.01468
0.00323
-0.01493
-0.04159
0.06341
0.00523
-0.00141
-0.00510
-0.08562
-0.06752
-0.01832
-0.07527
-0.02487
-0.03590
-0.01220
0.02326
-0.04101
0.01608
0.07067
0.02408
0.03653
0.04728
-0.01147
0.01530
0.02641
-0.00586
0.00330
-0.01939
-0.00332
0.02026
-0.03395
0.00079
0.06231
0.01958
-0.00805
-0.00736
0.06937
-0.01528
-0.02423
0.05028
0.09848
0.01297
0.06861
0.04377
-0.00171
0.03587
-0.02631
0.04922
-0.06153
-0.04481
-0.03918
-0.03483
0.00860
0.00478
-0.05586
0.01009
0.01784
-0.00514
0.02587
0.01138
0.02046
0.00085
-0.02606
-0.01170
0.07337
-0.03427
-0.00651
0.00775
0.01773
-0.01737
0.07061
-0.01094
-0.00330
0.00695
0.00868
-0.09636
-0.01177
0.03495
0.00573
0.11607
-0.02583
-0.03204
-0.05697
0.03532
0.03863
0.01841
-0.02757
0.02035
-0.02110
0.03562
0.03625
0.04261
0.00528
0.01749
-0.07307
0.08971
0.02466
-0.01127
-0.02441
-0.01582
-0.00727
-0.02922
-0.06937
-0.05397
-0.00577
0.05493
0.03153
0.02471
0.04447
0.00036
-0.03439
0.03091
-0.02412
0.04905
0.00576
0.02018
0.03215
-0.01944
-0.01143
0.00469
-0.06035
-0.08764
-0.03547
0.01240
-0.00632
-0.07727
0.03092
-0.03667
-0.06515
0.02414
-0.04346
0.03341
-0.00447
0.03619
0.01749
-0.01417
0.02644
0.06875
0.01468
-0.03081
-0.02826
-0.00466
0.00466
-0.02972
0.00930
-0.06428
-0.01636
0.00319
0.01134
-0.05300
0.01481
0.01658
0.00705
-0.00761
-0.03572
-0.01106
0.10857
-0.01640
-0.01682
0.03110
-0.02269
-0.02492
0.01808
-0.00478
0.01286
-0.04580
0.01707
-0.00067
0.03804
0.00306
0.01595
-0.05594
0.03022
-0.01027
0.01401
-0.04660
-0.05067
0.05328
0.01938
-0.02576
0.02113
0.02899
0.03975
-0.02272
0.00456
0.00113
0.01986
-0.03066
-0.11945
0.05150
-0.01291
-0.02190
0.06994
-0.03142
-0.02717
0.01127
-0.01509
-0.02111
0.04968
0.04786
0.02000
0.00376
-0.01452
-0.00294
-0.04133
0.00331
0.00108
-0.04716
0.01495
0.03617
0.05377
-0.05770
0.05078
-0.05024
0.00606
0.01443
-0.04196
-0.04640
-0.04602
0.07113
0.05456
-0.02004
-0.04720
-0.03325
-0.00887
0.07355
0.02220
-0.03389
-0.04952
0.05991
-0.06424
-0.00537
-0.01339
-0.05118
-0.02394
0.04390
-0.03721
-0.01782
0.03391
0.05805
0.06002
-0.10396
-0.01456
-0.05051
0.05852
-0.06964
0.09143
0.07483
-0.03868
0.05464
-0.03018
-0.00012
-0.01050
