0.04900
-0.07255
-0.04064
-0.01898
-0.03863
-0.02723
-0.01149
0.01867
0.00635
0.01034
0.09688
0.00706
0.03893
0.00379
0.00036
-0.04086
-0.07398
0.00476
-0.04034
0.02274
-0.09739
0.03034
0.01011
-0.04455
-0.06964
-0.02363
-0.12208
-0.06121
-0.00691
-0.03755
0.05703
0.07854
0.07990
-0.00507
-0.00524
-0.00935
0.00935
0.01052
0.02044
0.04487
0.00537
0.00560
-0.00096
0.05162
0.02140
-0.00493
-0.01514
0.05971
-0.06703
-0.05341
-0.02867
-0.01078
-0.00903
0.05034
-0.03433
0.08042
-0.03002
0.00653
-0.04275
-0.02691
0.00112
0.10189
-0.08440
-0.04496
0.01382
0.03102
0.02980
-0.04626
0.01627
0.02068
0.09081
0.01483
-0.03894
0.00818
-0.04551
-0.05414
-0.00767
0.00723
-0.03198
0.01970
0.02883
0.13877
-0.08094
0.07969
0.07476
-0.00096
0.07273
0.05637
-0.05952
-0.02227
0.04683
-0.06768
0.06945
-0.05314
0.01953
0.00529
-0.02489
0.02110
-0.04721
0.04916
0.00318
0.06854
0.04710
0.00294
0.02927
0.01988
0.00370
0.01480
-0.04725
-0.03234
0.07017
0.04584
-0.08459
-0.03820
-0.01597
0.06304
0.10613
0.02137
-0.01901
0.02551
-0.09066
-0.02652
-0.01999
0.07675
-0.06775
0.03166
-0.01082
-0.07804
0.02035
-0.02511
-0.01124
-0.05570
0.02471
-0.00625
-0.01615
-0.04036
-0.01923
-0.03682
0.08252
0.03316
-0.04644
0.00369
-0.01601
0.01663
0.02740
0.00097
-0.08467
0.03759
-0.00827
-0.03404
0.08102
-0.05290
-0.05600
-0.00032
0.04138
-0.01203
0.01896
0.02282
-0.00348
-0.05869
0.00199
0.00940
-0.01992
-0.05488
0.05998
-0.03658
-0.03412
0.04828
0.01273
0.05476
-0.08122
0.00440
-0.09171
-0.04850
-0.00473
0.02656
0.04834
0.04837
0.00270
-0.00725
0.01623
-0.02156
0.00683
0.01837
0.09914
0.05768
0.02232
0.00453
-0.01842
-0.00713
0.03684
-0.07325
0.04355
0.00857
0.05557
0.01527
0.01828
0.01601
0.03449
0.07037
0.05752
0.02437
0.02002
-0.07052
-0.01992
0.03425
-0.03570
0.02685
0.06113
0.10368
-0.05184
-0.03305
-0.06789
-0.00114
-0.06315
0.04209
-0.00412
0.00612
-0.00322
-0.04128
0.00326
0.00818
0.02762
0.01904
-0.04828
-0.04961
0.03438
0.02901
-0.05032
0.01729
-0.00967
-0.01830
-0.00313
-0.05959
-0.04444
0.01949
-0.04047
0.03019
0.06345
-0.01567
0.04159
0.02010
0.02541
-0.01178
-0.00855
-0.06107
-0.01120
0.05635
-0.05931
0.05355
0.05164
0.03398
-0.00927
0.02655
0.04532
0.04167
0.03986
-0.00087
0.04204
0.05867
-0.01161
-0.05951
0.01022
-0.02022
-0.01662
0.00594
0.06116
0.04607
0.00977
-0.02912
-0.07882
-0.04551
-0.01502
0.01559
0.00478
-0.00428
0.01164
-0.03722
-0.01723
-0.01484
0.00847
0.08632
-0.03165
-0.04966
0.06162
-0.00365
0.01912
0.02130
-0.00065
-0.04765
0.01943
0.02671
0.04163
0.04271
0.00911
0.02953
0.01065
-0.01935
-0.00395
0.02976
-0.03405
0.04467
0.02782
-0.05006
0.00263
-0.03495
-0.01449
-0.04666
-0.02466
0.00520
-0.02648
0.00448
0.08163
0.02480
-0.00238
-0.01674
-0.03814
0.00398
0.01758
0.03519
-0.04633
0.00460
0.02221
0.04152
0.00253
-0.02984
-0.02847
0.05129
0.02265
0.00932
-0.00055
0.01869
-0.03110
0.08617
0.07604
-0.00766
-0.01870
-0.01905
0.00124
0.00451
0.06779
-0.01982
0.02281
-0.05250
-0.00807
-0.05438
-0.00688
-0.03802
0.05668
0.08666
0.04550
0.00501
-0.01964
0.05114
0.04658
-0.00863
-0.00346
-0.06421
0.04596
0.01369
-0.05303
0.00866
-0.02065
-0.01428
-0.05024
0.03218
0.03685
0.05885
-0.02878
-0.06357
0.01662
-0.08691
-0.03418
-0.01029
0.02002
0.04187
-0.02172
0.01951
0.07979
-0.03893
0.02336
-0.06671
-0.07630
0.05577
-0.04306
-0.04420
0.02416
-0.04963
0.01901
-0.03224
0.05435
-0.03551
-0.01559
-0.05765
0.03331
0.02852
0.02219
-0.01708
0.00907
-0.00971
-0.01594
0.04709
0.02405
-0.01166
0.00361
0.01987
-0.01995
-0.07858
0.00148
-0.11679
0.06090
-0.00595
0.04006
-0.12292
-0.01753
0.05846
0.03149
0.05298
-0.01360
0.00144
0.01825
0.00285
-0.11635
0.06661
-0.00789
-0.02186
0.04079
-0.01846
-0.00548
-0.01039
0.03617
0.05548
-0.03935
-0.01728
-0.07008
0.01405
0.02652
-0.00101
-0.08691
0.02984
-0.00259
-0.01064
-0.05324
0.03650
0.01719
-0.02191
0.00353
-0.03879
-0.03729
-0.01797
-0.00154
0.05624
0.01203
0.00410
0.00408
-0.02664
-0.02231
0.03022
0.00362
-0.00035
-0.02522
-0.02704
0.03196
-0.03124
-0.02797
-0.00662
-0.01564
0.01405
-0.03892
0.03304
0.04820
0.07140
-0.01312
-0.09316
-0.05226
-0.09517
-0.03056
-0.04768
0.04638
0.04964
-0.02426
-0.00848
-0.02136
0.04132
0.00678
-0.04810
-0.02582
0.00301
0.06422
-0.09338
-0.00699
-0.03581
0.00267
-0.02418
-0.01066
-0.09863
0.01860
-0.05443
-0.05575
-0.07344
-0.07773
0.01475
-0.08846
0.03697
-0.03637
-0.00134
-0.00704
0.01543
0.00427
-0.03091
0.00504
-0.01454
