-0.01153
0.05027
0.01420
0.00800
0.01785
-0.06402
-0.03201
-0.01211
0.02584
-0.08543
-0.00855
-0.06010
-0.06039
0.00212
0.02929
0.00277
-0.01343
0.02277
-0.00097
0.05253
0.04776
0.04367
-0.03597
0.01841
0.02135
-0.01309
0.08397
0.01080
0.07824
-0.01338
-0.00990
-0.00589
0.00814
0.00565
0.03959
-0.01489
-0.00350
-0.01215
0.10311
0.03208
-0.02338
-0.06681
-0.03827
-0.03407
0.01741
0.00515
-0.04114
-0.02468
0.07381
0.12626
0.06037
0.00933
-0.10588
-0.03027
0.08593
0.02861
0.00892
-0.07428
0.06744
-0.02761
0.01389
-0.02860
0.03670
-0.00219
0.01813
0.01621
-0.04827
0.02599
-0.01330
-0.10202
-0.04915
0.02732
-0.04946
0.01777
0.06503
0.00593
0.06233
-0.06558
-0.05550
-0.02536
-0.01175
-0.02076
0.04519
-0.06401
0.00562
-0.04007
0.03800
-0.05308
0.03239
0.04687
-0.02558
-0.04863
0.06595
0.01356
-0.12317
-0.00545
-0.06318
-0.00550
0.00013
-0.03970
0.00279
-0.00223
0.05767
-0.05072
-0.04113
-0.02820
-0.02272
-0.03301
-0.02004
-0.01010
-0.00772
-0.02912
0.03933
0.10487
0.05380
0.00547
-0.00837
0.01600
-0.01705
-0.02499
0.01327
0.06286
0.01329
0.06860
0.01048
-0.02732
0.00559
-0.06803
0.00114
0.05903
0.02804
-0.02125
-0.07074
-0.04297
0.00951
-0.04192
-0.01863
-0.01263
-0.01562
-0.01668
0.08514
0.05953
-0.04153
-0.03517
0.07160
0.05480
0.04022
0.00619
-0.02813
-0.02358
-0.02636
0.04344
0.01999
-0.04471
-0.02305
-0.05604
0.02946
-0.01026
0.01036
0.02140
-0.02053
-0.06408
-0.02357
-0.01444
-0.00804
-0.00567
0.06638
0.02217
-0.04693
-0.05002
-0.00506
0.05762
0.06522
-0.02951
0.02244
-0.05394
-0.07290
-0.04104
-0.02523
0.09938
0.12557
-0.05160
-0.02254
-0.03098
-0.01414
-0.00983
-0.07708
-0.04659
-0.05943
0.06042
-0.04912
0.07058
0.02109
0.03824
-0.03503
-0.03360
-0.03815
-0.01347
0.00432
-0.06818
-0.06567
-0.03136
0.02432
0.03898
0.03957
-0.09465
0.00346
-0.00574
-0.03158
0.06941
0.09415
-0.02882
-0.00810
-0.00848
-0.06977
0.01071
-0.05507
-0.06011
-0.01639
-0.03714
0.03291
0.03756
0.00866
0.04159
0.00383
0.06022
-0.00065
0.00201
0.05595
0.01585
-0.02649
-0.09938
0.00051
0.01788
0.01193
0.05158
-0.07446
0.02575
0.01739
0.06942
-0.02488
-0.00959
0.01910
-0.03687
-0.02110
0.03873
-0.09381
-0.02008
0.04422
-0.06579
-0.05093
0.03222
-0.08545
-0.03335
0.04799
-0.07413
0.00137
0.00975
-0.00535
-0.02846
-0.02484
0.00427
-0.00291
0.00186
0.01530
-0.00186
0.00739
-0.03892
-0.04683
-0.01802
-0.00341
0.05410
0.01335
-0.02723
0.07504
0.07142
-0.00322
-0.01883
0.01508
0.04442
-0.03162
-0.07501
-0.03368
-0.00101
0.05589
-0.00173
-0.00290
0.01059
-0.01352
0.05177
-0.06350
0.00780
-0.01847
-0.08773
-0.03347
0.05606
-0.09277
-0.04219
0.05471
-0.01421
-0.02800
0.01227
0.00506
-0.00147
-0.04767
-0.07232
0.11369
0.05677
-0.06197
-0.01519
-0.00230
-0.01266
0.04887
-0.04737
-0.01874
0.02439
0.00244
-0.05094
0.00132
0.05091
0.02468
-0.01601
0.02049
0.00215
0.05733
-0.06061
0.04449
-0.02023
-0.03113
0.01947
-0.05979
-0.08250
0.02601
0.05496
-0.05065
0.00830
-0.05153
-0.03885
0.03143
0.00823
-0.00133
0.00823
-0.04080
0.06542
0.06601
0.07617
0.00056
0.05961
-0.03203
0.03157
-0.01557
-0.09095
0.02250
0.02109
-0.01472
0.04042
-0.02466
-0.04326
-0.08159
-0.00594
0.01236
-0.02385
0.02892
0.04749
0.04770
-0.05379
0.00399
-0.00638
-0.06478
-0.00657
-0.00755
-0.00758
-0.02476
-0.07398
-0.05758
-0.00797
-0.05207
-0.03888
-0.09352
-0.00292
-0.06602
0.05362
0.01712
0.01872
0.01353
-0.03683
-0.05000
0.03616
-0.05398
0.00083
-0.02841
-0.01121
-0.05519
-0.06232
-0.01001
-0.01842
0.07675
0.01504
-0.05953
-0.01285
0.02768
-0.02895
-0.04798
0.00362
-0.03708
-0.00328
-0.08552
-0.03406
0.00193
0.03518
-0.10021
-0.00176
-0.01507
0.03836
0.01069
-0.02957
0.01409
0.06467
-0.00144
0.00175
-0.04373
0.01308
-0.00318
-0.06102
-0.00139
-0.04698
-0.01759
-0.00647
-0.01197
-0.01494
-0.02893
-0.04848
-0.02563
-0.03059
-0.07146
-0.02927
0.05914
-0.05612
0.02251
0.05459
0.04795
0.04663
-0.07901
-0.06839
-0.02619
0.03262
0.06935
-0.04015
0.00215
0.03935
0.06555
0.01778
-0.01079
0.08145
-0.03918
-0.02468
0.01995
-0.05242
-0.00181
0.11312
-0.04184
-0.04822
-0.01617
0.00960
-0.03436
0.01878
0.00950
-0.03392
0.08795
-0.00350
-0.04321
0.10272
0.04684
-0.00718
0.02190
-0.01399
-0.03896
-0.01714
-0.02205
-0.06103
0.00770
0.04071
0.01505
0.07386
0.02233
0.01106
0.05855
0.01562
-0.02247
0.03714
0.01964
-0.02079
0.05793
-0.01985
0.00485
0.05761
0.02131
-0.01535
-0.01945
-0.04441
0.07054
0.00852
-0.00331
-0.05102
0.06308
0.03990
0.02423
0.01343
-0.02785
-0.00313
0.07401
-0.02775
