-0.01683
0.06710
0.00716
-0.03564
-0.03008
-0.10358
0.01361
-0.04950
0.02748
-0.02187
-0.04471
-0.04342
-0.09164
0.00084
0.04895
0.02347
0.01306
-0.01499
-0.02162
0.10254
0.00893
0.01212
-0.02982
0.03300
0.03092
-0.07537
0.03919
-0.00952
0.01164
-0.01810
-0.04238
0.02697
-0.03340
0.05618
0.03046
-0.04222
0.01822
-0.02717
0.07147
0.01384
0.02113
-0.05701
-0.04602
-0.01215
-0.02934
0.00487
-0.00365
-0.01634
0.07006
0.13838
0.07189
0.00637
-0.10367
-0.04671
0.07421
-0.01441
-0.06731
-0.03552
0.07849
0.02024
-0.03842
0.00650
0.06232
0.00917
0.04179
0.00824
-0.02966
0.03306
0.01336
-0.08007
-0.03551
0.01076
-0.02576
0.05425
0.01551
0.01434
0.05101
-0.08062
0.01866
-0.00477
0.00818
-0.03391
-0.00612
-0.04789
-0.00441
-0.04617
0.02148
-0.06623
0.00861
0.03169
-0.01269
0.00808
0.05475
-0.02405
-0.10441
-0.03156
-0.05982
0.01075
0.01715
-0.05445
0.01969
0.03543
-0.00839
-0.05718
-0.03282
0.00983
0.00826
-0.00842
-0.03224
-0.01981
-0.01915
-0.10373
0.06322
0.12237
0.00692
0.02492
0.02004
-0.00401
-0.04257
-0.03737
0.00447
0.08040
0.05950
0.05162
0.04391
-0.00738
0.02787
-0.04987
-0.04357
0.06863
-0.03813
-0.04680
-0.05258
-0.06830
0.00779
-0.07329
-0.05780
-0.01775
-0.00386
-0.00732
0.08745
0.03778
0.00570
-0.00706
0.03594
0.07083
-0.00371
0.02672
-0.00806
-0.00703
-0.03169
0.03071
0.02995
-0.02673
-0.05226
-0.05687
0.03396
-0.02197
-0.06192
0.03026
0.02522
-0.03843
0.00459
-0.00752
-0.00171
-0.00419
0.02286
0.02997
-0.03498
-0.07816
-0.01771
0.04393
0.04802
-0.00399
-0.02781
-0.05704
-0.02177
-0.01103
-0.00310
0.06493
0.07175
-0.03200
0.04676
-0.02506
-0.04826
-0.02199
-0.04837
-0.03460
-0.07045
0.05505
-0.00423
0.05481
0.03378
0.06010
-0.01707
-0.00794
-0.00059
-0.01952
0.01546
-0.05246
-0.06331
-0.03794
0.03492
0.04576
0.09059
-0.10296
0.03434
0.04641
-0.04552
0.08996
0.05646
0.02492
-0.03733
-0.02281
-0.06255
0.00776
0.01655
-0.06807
-0.04277
0.02837
0.03383
0.08109
0.03160
0.00174
0.03618
0.09818
0.03390
0.02912
0.02086
0.07950
-0.00476
-0.10441
-0.01815
0.01337
-0.01136
0.06123
-0.06841
0.01929
-0.01313
0.03502
0.03633
-0.03069
-0.00533
-0.00591
0.00123
0.04453
-0.06644
0.01641
0.08091
-0.10289
-0.05008
0.05268
-0.05891
-0.02481
-0.00909
-0.07617
-0.00881
-0.00776
-0.06307
0.00246
0.00123
0.00576
-0.01202
-0.02269
0.02145
0.03011
-0.04012
-0.01802
0.00823
-0.01125
-0.00624
-0.00208
-0.01262
0.01231
-0.00977
0.06154
-0.05718
-0.03067
0.05081
0.05535
-0.04627
-0.05081
-0.02824
0.01364
0.04903
-0.02844
-0.02087
0.00988
-0.02262
0.05778
-0.10371
0.06964
0.02777
-0.09369
-0.00697
0.03399
-0.08709
-0.04147
0.01725
-0.00036
-0.01691
-0.01139
-0.02489
0.00808
0.00659
-0.04403
0.10116
-0.00598
-0.03376
-0.02619
0.01839
0.00902
-0.00286
-0.07986
-0.00556
-0.05326
-0.04806
-0.01861
-0.00846
0.00514
0.01416
-0.00380
0.03694
0.04849
0.05642
-0.04551
0.01177
-0.02192
-0.06842
0.04202
-0.07048
-0.05042
-0.01779
0.02365
-0.03748
0.00230
-0.02168
-0.03968
0.04965
0.03296
-0.01261
0.00857
-0.06739
0.00047
0.06067
0.05738
0.00019
0.05641
-0.02489
0.07340
0.00511
-0.07453
0.01656
0.01635
-0.04149
0.06028
-0.03792
-0.01323
-0.05159
0.01096
0.03004
-0.01754
-0.00401
0.01902
0.02928
-0.03444
-0.02404
-0.01143
-0.06727
0.00825
-0.03417
0.02848
-0.00127
-0.01447
-0.02109
0.01701
-0.08517
-0.04816
-0.06318
0.04749
-0.03567
0.07713
0.00906
0.00080
0.03385
0.00152
-0.00626
0.10501
-0.03612
0.02177
-0.04054
-0.00852
-0.06249
-0.02661
-0.00188
-0.06941
0.00538
-0.05207
-0.05673
-0.01598
0.05297
-0.04529
-0.01968
-0.00843
-0.07669
-0.08948
-0.00080
-0.03740
-0.00690
0.02838
-0.10441
-0.03976
-0.01520
0.07184
-0.04462
-0.01052
-0.01945
0.05475
-0.01679
-0.01560
-0.05220
0.01722
-0.01918
0.01478
0.07516
-0.06607
-0.00319
0.00901
-0.02334
-0.01309
-0.03396
-0.09454
0.05072
-0.08081
-0.04533
-0.02037
0.02712
-0.05207
-0.00671
0.02318
-0.02489
-0.00917
0.01144
-0.00574
-0.02107
0.05370
0.13697
-0.04379
0.01782
0.03413
0.04695
0.00219
0.02223
0.03024
-0.06862
-0.01695
0.03405
-0.03470
-0.00163
0.07009
-0.00902
-0.05558
-0.00720
-0.03021
-0.07684
0.02128
0.02227
-0.03102
0.09789
0.00147
0.01007
0.12313
0.03220
0.01707
0.03328
0.01818
-0.03705
0.02205
-0.01067
-0.01665
0.00079
0.03375
0.02366
0.08988
0.06933
-0.00678
0.03328
-0.02231
0.03802
0.04106
-0.02864
-0.04365
0.00817
-0.01467
-0.01690
0.02291
0.03884
0.00892
-0.01336
-0.03078
0.04087
0.00583
-0.03276
0.04392
0.04128
0.00304
-0.05089
0.03800
-0.01474
0.02642
0.05513
-0.03650
