0.02150
-0.02098
-0.06125
-0.03168
-0.01658
-0.04158
0.01152
0.04402
-0.05088
0.05428
0.02271
0.04014
-0.00626
-0.02133
0.00324
-0.02730
0.02600
0.01601
-0.03699
-0.00946
-0.03271
-0.00158
0.06141
-0.03463
-0.06380
0.02583
0.03378
-0.02875
0.02711
-0.00105
-0.01662
-0.00675
0.01763
-0.00927
-0.03351
-0.02997
-0.00399
-0.01597
0.02215
-0.01489
-0.06266
0.00871
0.00207
0.03283
0.03234
0.02312
0.00680
0.00854
-0.01351
-0.01004
-0.08190
0.05529
0.01947
-0.01677
-0.08962
0.00142
-0.01504
0.04402
-0.04470
0.02581
-0.05494
0.03350
-0.05924
-0.00129
0.02083
-0.03461
-0.02303
-0.00804
0.00520
0.01264
0.03089
0.00752
0.05424
-0.00330
-0.06186
-0.01557
-0.01826
-0.06871
-0.05363
0.00274
-0.04989
0.03094
0.02466
0.03012
-0.01758
-0.01887
-0.02908
0.04447
-0.01927
-0.02782
-0.01892
-0.04459
-0.00433
-0.05374
0.01654
-0.00408
-0.03428
0.02798
-0.03765
-0.02674
-0.01934
0.03341
-0.00526
0.05696
-0.00042
-0.03108
0.00793
0.00267
0.00701
-0.07890
0.01966
-0.00441
-0.06439
-0.03130
0.01691
-0.00966
0.00435
-0.00341
0.04801
-0.01660
0.02587
-0.02983
0.01018
-0.01464
-0.03793
-0.01775
-0.04717
0.04480
0.00756
-0.06070
-0.05070
-0.00542
0.00545
0.02058
-0.03817
-0.03118
-0.05700
-0.00882
0.00385
0.03056
-0.03836
0.04242
-0.03793
0.01525
-0.01579
0.00412
-0.01598
-0.05233
0.04847
0.07297
0.02864
0.04127
0.02049
0.04941
0.02212
0.01809
-0.02875
-0.03945
0.01928
-0.06229
0.04539
0.02169
-0.03072
0.02104
0.05574
0.00572
0.02290
0.01962
-0.02013
0.01976
-0.00692
-0.01251
-0.09090
-0.03589
-0.05014
0.00044
-0.01962
-0.01269
0.06615
-0.00133
-0.00414
-0.02619
0.01461
0.01282
0.04073
-0.03273
-0.03709
-0.01811
-0.01763
-0.02366
0.03012
-0.04104
-0.03683
-0.03031
0.04790
-0.02671
-0.00602
-0.02163
-0.00394
0.07955
0.00333
0.02030
-0.06839
-0.03592
-0.00745
0.07336
-0.00610
-0.08537
-0.04070
0.00354
0.03227
0.02941
-0.02784
-0.01464
-0.01478
-0.00582
-0.00056
0.02263
0.04448
0.01803
-0.01308
-0.01075
0.01475
-0.06103
0.02658
-0.02082
0.00976
0.05276
0.00214
0.02899
-0.00349
-0.00553
0.03532
0.00516
-0.01859
-0.03553
0.04779
-0.02718
0.02131
-0.04850
0.05764
-0.04447
0.04596
-0.02353
0.02595
-0.00222
-0.05585
0.03192
-0.00433
-0.00119
0.02787
0.01368
0.02649
0.03478
-0.02015
-0.02239
0.07592
0.03687
0.04127
-0.01996
0.03757
-0.03070
-0.03720
0.01129
-0.00452
-0.01505
0.02376
-0.05355
0.00629
0.00292
0.00538
0.00882
0.05085
0.01320
-0.01275
-0.01061
-0.02853
0.06006
0.00693
-0.01282
0.01614
0.00993
0.01520
-0.03532
-0.03199
-0.01662
0.06869
0.02227
0.00025
-0.04642
-0.01434
-0.02082
-0.01440
0.00748
-0.02758
-0.04913
-0.00060
0.01741
0.00602
0.03285
0.02740
-0.04216
-0.03114
-0.03405
0.01450
-0.04736
-0.00471
-0.03896
-0.03406
0.03841
0.02999
-0.03967
-0.07575
-0.04324
-0.00263
0.04238
0.01293
0.00170
0.04679
-0.03269
0.00696
-0.00383
0.00249
0.02608
-0.00902
-0.01007
0.01215
0.02089
0.02899
-0.03450
0.05367
0.00728
-0.00186
0.06029
0.03074
-0.00173
-0.02620
-0.00989
-0.00702
-0.03286
0.02718
0.02180
0.02023
0.01297
-0.01079
0.02230
0.00619
-0.03646
0.08641
0.04781
0.02331
-0.02384
0.00405
0.00062
0.03712
0.00790
-0.03054
0.04285
-0.00626
0.01394
-0.01700
-0.03808
-0.02262
-0.00130
0.01269
-0.02440
0.07476
0.00525
0.03324
-0.00707
-0.00553
0.01581
0.02126
-0.03375
0.02974
0.04322
0.02060
0.04510
-0.00865
-0.04581
-0.02259
-0.01736
-0.03977
-0.00191
0.01652
0.03051
0.02038
-0.02083
0.00183
-0.01184
0.00004
0.04660
-0.02617
-0.02201
0.05098
0.02307
0.02161
-0.01544
-0.02145
0.00641
0.03526
-0.01188
0.01760
0.05777
-0.02743
-0.00466
-0.00385
-0.01852
-0.07634
-0.01966
0.02932
0.00302
-0.03863
0.06123
-0.00596
0.01467
0.04281
0.04068
-0.03337
0.00462
0.04557
0.04121
0.00891
0.00417
-0.02885
0.01272
0.02896
0.02852
0.00825
0.00971
-0.00416
0.04262
-0.02119
0.02483
-0.06358
-0.02689
-0.03313
0.01165
0.04254
0.02486
-0.01949
0.03920
-0.00560
0.00655
-0.01539
0.00915
0.00094
-0.01138
-0.01415
-0.02507
0.02555
0.09338
0.04280
0.00066
0.02804
0.02203
-0.02743
0.06250
0.02457
0.00355
0.02510
-0.01608
-0.00275
-0.04215
0.01771
0.01605
-0.00088
0.05098
0.03039
0.01263
0.03228
0.05290
0.09118
-0.03930
0.01439
0.03489
0.00227
-0.01992
-0.00859
-0.01236
0.00777
0.01104
0.03202
-0.01782
0.01014
0.01361
-0.06612
0.02251
0.03923
-0.05857
0.01172
-0.00314
-0.07022
-0.04588
0.05363
-0.05444
-0.00916
0.01070
0.02111
-0.01653
-0.06395
0.02566
-0.05554
0.06237
-0.00962
0.02933
-0.03412
0.03513
-0.05332
-0.01239
0.01915
-0.02905
