-0.01501
0.01423
-0.03333
-0.00159
0.06087
-0.04887
0.05729
-0.00895
-0.02848
0.01561
0.09608
-0.00866
0.04288
-0.01521
0.01011
0.01276
-0.04709
-0.01601
-0.03248
0.05203
-0.01002
0.00447
0.02402
-0.04660
-0.03715
0.02539
0.02928
-0.11125
0.01255
0.00508
0.00522
-0.00662
-0.05169
-0.01066
0.01878
-0.01335
0.06174
-0.06652
0.00389
-0.00882
-0.03339
0.01665
0.01649
0.03792
-0.02303
-0.01068
-0.02130
0.07869
-0.05756
0.01204
-0.01808
-0.03668
-0.04554
-0.01345
-0.05880
-0.04300
-0.03225
-0.02240
-0.08992
0.03936
0.07575
0.10251
-0.01282
-0.01751
-0.00067
-0.05074
-0.01981
-0.05692
0.05612
0.02553
0.03379
0.04624
-0.00231
-0.02768
-0.03130
0.00614
0.03167
-0.06835
0.00687
0.02236
0.01286
0.02747
-0.04738
0.01932
0.04239
-0.04949
0.04663
0.05465
0.02805
-0.00265
0.03408
-0.02660
-0.01431
-0.01222
0.05853
-0.03306
-0.01981
-0.01118
-0.07994
0.00441
0.01527
-0.01347
0.00833
0.08308
-0.05797
0.00125
0.00126
0.04042
0.01685
-0.01450
0.06055
0.00649
-0.00486
0.00005
-0.02211
-0.06562
-0.02465
0.02838
0.02175
0.04110
0.04439
-0.03521
0.01443
-0.01473
-0.05558
-0.01425
-0.07427
0.00864
0.00546
0.03975
0.01135
-0.03709
0.01363
-0.01787
-0.04408
0.00906
-0.00492
0.00360
-0.01693
0.09336
-0.01117
0.03334
-0.03991
0.03251
-0.03160
0.00804
0.01835
0.00101
0.02838
-0.01116
0.00879
-0.00638
-0.02182
0.00552
0.03925
-0.04152
-0.00464
0.04826
-0.01478
0.00818
0.05524
-0.04675
-0.04089
0.01067
0.06628
-0.01433
0.00567
0.01764
0.00258
-0.05137
0.01749
-0.00849
-0.04866
-0.00818
0.00276
-0.00380
-0.00149
-0.01592
0.01609
0.05103
-0.05366
-0.01271
-0.02579
-0.05248
-0.01922
0.02379
0.01209
-0.01200
-0.08591
-0.02072
-0.04517
-0.07071
0.06410
-0.05071
0.05090
-0.04318
-0.00089
0.00698
0.02797
0.06883
0.01413
-0.06145
-0.06097
-0.03440
-0.00186
0.07975
0.01857
-0.05068
-0.03898
0.00347
-0.03778
-0.05338
-0.00197
-0.05390
-0.03305
-0.00343
-0.01719
0.06293
0.07229
0.00857
-0.02339
-0.05674
0.02881
0.00068
0.09146
0.01788
0.00588
-0.03052
-0.04722
-0.01233
0.01913
0.05763
-0.01499
-0.01516
-0.00238
0.02672
-0.04688
-0.00250
-0.01847
0.00707
0.02955
-0.05426
-0.00196
0.01966
0.06881
0.02217
-0.02017
0.05646
0.02566
0.01985
-0.02171
-0.00376
-0.03141
-0.00589
-0.01414
-0.05246
-0.00975
0.05412
0.04411
-0.02124
-0.00813
-0.03286
0.00942
-0.02678
0.04135
0.04551
-0.01576
-0.01354
0.01147
-0.02014
0.04423
-0.04934
0.03560
0.01112
0.00056
0.04299
0.02813
0.01918
-0.04202
-0.04383
0.01500
0.02149
0.03841
-0.01632
-0.05917
-0.09163
-0.00608
-0.00879
0.01572
0.00491
-0.02656
-0.08849
-0.07768
0.02016
-0.03407
0.00324
-0.03160
-0.04167
-0.06497
0.01845
0.02089
0.03046
0.02591
-0.03892
0.02955
-0.01310
-0.04778
0.01357
-0.07903
0.03155
0.06159
0.00820
0.02546
-0.00164
0.05293
0.00035
-0.02639
-0.00749
-0.06179
-0.02409
-0.00944
0.02708
-0.02856
0.05942
0.00711
0.02952
0.06311
0.11754
0.03015
-0.01447
0.07359
-0.00827
-0.06902
0.11048
0.03157
-0.06367
0.01266
-0.01814
0.00484
0.02802
0.08770
0.00732
0.01947
0.01316
0.01665
0.02763
-0.01898
-0.04869
-0.00232
-0.03322
-0.04115
-0.02329
0.06604
0.00310
-0.01212
0.04776
0.02468
-0.01431
0.07211
-0.03106
0.01873
0.01923
-0.07159
-0.02964
-0.02667
0.00282
0.01763
-0.02885
-0.04106
-0.01048
-0.01918
-0.03819
0.02963
0.03842
0.00773
0.03549
0.02019
0.02672
-0.00593
0.00652
0.06682
-0.02271
-0.01856
-0.01191
0.02851
0.02323
-0.01258
0.04156
-0.00946
0.02385
0.04314
-0.02105
-0.10374
-0.03537
0.03780
-0.00580
-0.00719
0.01861
-0.05194
-0.01366
-0.04855
0.01584
0.03151
0.03513
-0.05818
0.04525
-0.00193
-0.03656
0.02366
-0.04061
0.03572
0.02109
-0.00624
0.00627
-0.01298
-0.03762
-0.01573
0.08482
0.00540
-0.00925
-0.01551
-0.02993
-0.07426
-0.02209
0.06390
0.08643
0.01790
0.01769
0.04302
0.05686
-0.00208
0.01835
-0.00312
0.02837
-0.07830
-0.02395
-0.02292
0.01569
-0.06621
0.04693
-0.03202
-0.01091
-0.05203
0.04030
-0.03569
0.00124
-0.01972
0.01396
0.02750
-0.02099
0.02794
-0.01228
0.01652
-0.04340
0.00114
-0.01141
-0.03046
0.04601
-0.02439
0.01841
0.05749
-0.00537
0.01200
0.01318
-0.00546
0.01470
0.05106
0.02407
-0.01502
-0.04930
0.04069
0.06806
0.04676
-0.08792
-0.06318
0.00414
-0.01909
0.01962
-0.05703
-0.05326
-0.04147
0.03666
0.06981
0.06278
-0.03585
0.07790
-0.05835
0.01047
-0.00417
-0.05109
0.02387
-0.01303
-0.05995
-0.01862
0.06763
-0.05365
-0.02535
-0.02905
0.01231
-0.04334
-0.03492
-0.01330
-0.03085
-0.03188
-0.00519
0.04859
0.01999
0.02814
-0.04628
-0.02945
0.07199
-0.02127
