-0.08086
-0.02331
-0.03443
0.01409
0.06903
0.00148
0.03108
-0.02802
0.03166
-0.04819
0.02189
0.00694
0.05659
-0.00970
0.06194
0.02739
0.03088
0.03395
-0.01532
-0.00971
-0.06527
-0.02605
-0.01891
-0.00794
-0.02968
-0.01657
-0.06005
-0.03902
0.03306
0.04150
-0.02650
-0.00998
-0.05711
-0.00857
-0.08230
0.01361
0.03431
-0.01430
-0.05439
0.07519
-0.01661
0.01514
0.01160
0.04021
0.03856
0.01055
0.09877
0.03955
-0.03985
-0.05211
-0.00673
0.07962
0.03159
0.01311
-0.02625
0.00107
-0.01589
-0.00557
-0.00898
-0.00642
0.01065
-0.00557
-0.03867
-0.06715
-0.06121
0.06018
-0.11144
0.04626
-0.07792
0.00855
-0.02632
-0.01703
0.03099
-0.07306
0.03160
-0.04389
-0.01787
-0.00080
-0.05524
-0.03163
-0.04227
0.01545
-0.02792
0.02124
-0.01495
-0.03451
-0.06174
0.05637
-0.00137
0.03117
0.06882
0.04579
0.04306
0.02592
0.05071
-0.04761
-0.01553
0.02756
0.00380
-0.01821
-0.02110
-0.00427
0.01550
-0.04439
0.01385
-0.01197
-0.04763
-0.03316
-0.03437
0.02015
-0.00900
0.07100
-0.09329
0.04476
0.02761
0.04155
0.02450
-0.01700
-0.06713
-0.04637
0.00234
0.01364
0.07518
0.00052
0.05690
-0.03157
-0.03783
0.01197
0.05482
0.00874
0.00354
0.03331
0.09074
0.01212
-0.01212
-0.02266
-0.00450
-0.05394
0.00738
-0.01189
-0.05203
-0.01562
-0.04486
0.06557
0.07141
-0.04012
0.01639
-0.04691
0.03875
0.00818
0.03202
-0.05546
0.00954
0.02987
0.05581
-0.03465
0.04194
0.00546
0.08419
-0.00210
0.06252
-0.03125
-0.03955
0.00449
0.03669
0.02275
-0.03655
0.00743
0.03556
-0.02835
0.01704
0.03296
0.01765
0.00853
-0.04270
-0.00903
0.07234
-0.01684
0.00773
-0.01109
-0.01940
-0.00310
-0.06097
-0.03635
-0.02154
0.06251
0.00850
0.01465
-0.02244
-0.01096
-0.01897
-0.06224
0.01644
0.01789
-0.02019
-0.06034
0.03534
-0.01319
-0.02036
0.00194
0.01581
-0.07928
0.02202
-0.06564
-0.06316
0.02884
0.02457
-0.02517
0.04226
0.02401
-0.04927
-0.00458
0.00519
0.00309
0.02946
-0.01665
-0.04652
0.03257
-0.00098
-0.06435
-0.04293
-0.08228
-0.01211
-0.08969
0.03856
-0.03247
0.01804
0.05766
-0.00901
0.05587
-0.07640
-0.02023
-0.00188
0.02216
0.02115
0.00320
-0.00399
-0.02034
0.02441
-0.01662
0.00916
-0.03570
0.02668
0.01573
-0.02340
-0.00197
-0.01157
0.04104
-0.06203
0.03252
0.08093
0.05418
-0.01500
-0.05272
0.02684
0.04470
0.01799
-0.01446
0.06779
-0.04900
-0.06411
-0.05101
-0.02640
0.06719
0.03080
0.02283
-0.00618
-0.05971
-0.06455
0.01788
-0.08312
-0.06909
-0.02890
0.01200
-0.00245
-0.04995
-0.00168
0.06775
-0.01747
0.00390
-0.00422
0.02542
0.05116
0.02293
-0.03314
0.01166
-0.05333
-0.02832
0.02921
-0.04847
0.02337
0.03985
-0.00670
0.00029
0.02468
0.03569
0.05111
-0.04536
0.02867
0.03454
0.01499
0.07701
0.03869
-0.03207
0.04422
0.00142
0.02928
-0.02601
-0.00661
-0.03199
0.02196
0.03466
0.02904
0.00227
0.04867
-0.04591
-0.00097
0.01514
-0.00682
0.02493
-0.02923
0.03498
-0.01281
0.08730
-0.02240
0.00363
0.03202
0.07187
-0.01185
0.06194
-0.05466
-0.02453
0.02118
-0.00639
-0.09134
-0.08587
0.04533
-0.02782
0.10326
0.04350
-0.02818
-0.03151
-0.00685
0.03743
0.03753
-0.02443
0.01281
-0.02437
0.01707
-0.00645
0.06444
0.05808
-0.00280
-0.07500
0.05788
0.03136
0.00778
-0.01175
0.01763
-0.03432
0.00355
-0.03861
-0.07076
-0.00706
0.02207
0.02102
-0.00176
0.00326
-0.00721
-0.04356
-0.01006
-0.07979
0.05210
-0.01246
0.04964
0.03793
0.01881
-0.05443
-0.01467
-0.05164
-0.02218
-0.10136
-0.02039
0.01541
-0.07839
0.06157
-0.06721
-0.03606
0.06248
-0.06763
0.03341
0.00568
0.02143
0.02323
-0.00575
0.03836
0.04966
0.00219
-0.04235
0.01152
-0.03716
0.03638
0.01947
-0.02092
-0.06034
0.00088
0.03272
0.03714
-0.01601
0.00554
0.03952
0.06359
0.00088
-0.04277
-0.01402
0.09461
-0.08028
0.00066
0.05569
-0.01202
-0.06699
-0.03532
-0.07441
-0.00097
-0.05159
0.02899
-0.02166
0.01160
0.00382
0.07476
-0.01309
0.04325
0.00732
0.07161
-0.03125
-0.01270
0.03446
0.00828
-0.01941
0.01800
0.05094
0.04044
0.01119
-0.03599
0.01390
0.02363
-0.01487
-0.09819
0.05001
0.00792
-0.08941
0.04201
-0.04039
-0.05305
0.00750
0.00267
0.00146
0.03653
-0.00851
-0.02239
0.01150
-0.04967
-0.00305
-0.04668
-0.01168
-0.02986
-0.05827
0.02697
-0.03246
0.04615
-0.06690
0.01416
-0.06719
-0.01129
-0.00289
-0.03669
-0.00765
0.01605
-0.00354
0.02570
-0.03504
-0.05296
-0.02303
-0.04793
0.05646
0.06059
-0.05351
-0.05620
0.02248
-0.01496
-0.02978
-0.03604
-0.05365
0.02765
0.00766
-0.02306
-0.02061
0.03404
0.03403
0.09785
-0.09277
-0.05608
-0.01189
0.01243
-0.05631
0.08523
0.10510
-0.03366
0.08930
0.00049
0.00916
-0.01134
