0.00691
-0.05824
-0.07527
0.01284
-0.03640
0.03046
-0.03146
0.02754
-0.01591
-0.01382
0.06037
0.00542
0.04390
0.04728
0.07896
-0.04057
-0.05584
0.02448
0.02067
-0.02555
-0.07662
0.03830
0.01083
-0.00804
-0.01418
-0.03763
-0.12308
0.00805
0.01875
-0.03705
0.00909
0.04292
0.04697
-0.03844
-0.01448
0.00635
-0.00220
0.05496
0.03560
-0.00937
-0.02366
-0.00184
-0.00699
-0.03911
0.06410
0.01865
0.01465
-0.03070
-0.02350
-0.03368
-0.01549
-0.04625
-0.04967
-0.03542
-0.04045
0.07877
-0.02795
0.00098
0.04291
-0.00127
-0.05482
0.05955
-0.05700
0.00106
-0.03527
0.04833
0.01697
-0.06042
-0.04683
0.01115
0.00012
-0.00280
0.01899
0.01193
0.00066
-0.07445
-0.00154
-0.00602
-0.00330
-0.01531
0.07029
0.11119
-0.04117
0.05270
0.06552
-0.00020
0.01422
0.04763
-0.08308
-0.02932
0.02846
0.00571
0.10049
-0.03794
0.02581
0.00929
-0.04430
0.00257
0.00443
0.01492
0.02573
0.05836
0.07985
-0.01312
0.00440
-0.03745
-0.06261
-0.05224
-0.06429
-0.02375
-0.01899
0.06604
-0.05038
-0.01303
0.00003
0.02067
0.09344
0.03425
-0.04745
0.03321
-0.10699
-0.00816
0.01650
0.00653
-0.00898
0.00553
0.03384
-0.03105
0.01694
-0.03307
0.01690
-0.03951
0.03343
0.01613
-0.00394
0.02055
0.02161
0.02665
0.07167
0.02050
-0.02896
0.03302
0.02996
-0.00034
0.06525
-0.01321
-0.12714
0.04378
0.03154
0.00231
0.06332
-0.01591
-0.00828
-0.00927
0.06348
-0.03683
0.00324
-0.01696
0.00256
-0.07883
-0.03481
-0.01203
0.02149
-0.01858
0.02747
-0.07989
-0.01759
-0.01011
-0.00713
0.06549
-0.07432
0.04623
-0.00966
-0.04564
-0.03408
-0.00694
0.07476
0.05003
-0.00478
0.01788
0.02034
-0.05594
-0.01288
0.02350
0.00136
0.01214
0.04862
0.02393
0.00507
0.01048
0.05062
-0.00486
0.11231
0.04304
0.04306
0.05852
0.01135
0.01757
-0.00477
0.00189
0.03470
0.04916
0.08278
-0.04842
-0.00643
0.05359
-0.01976
0.02617
0.08972
0.06512
-0.01305
-0.00113
-0.09763
0.02362
-0.00885
0.00953
-0.03427
-0.05168
-0.03648
-0.03373
0.02964
0.08314
0.00084
0.01427
-0.01204
-0.04644
0.02904
0.03830
-0.06861
0.06941
-0.01646
-0.00777
-0.03936
-0.03019
-0.06366
0.01216
0.00931
0.00682
0.04675
-0.03338
-0.03584
0.05259
0.03346
-0.01846
-0.07792
-0.02861
-0.05929
0.04153
-0.04515
0.14420
-0.01168
0.01705
-0.06399
0.02597
0.02671
0.02721
-0.01191
-0.01114
0.05006
0.00034
-0.06757
-0.03873
0.04777
-0.01625
0.01819
-0.03018
0.04889
0.02788
0.01405
-0.04816
-0.06949
-0.04505
0.01052
0.06641
-0.02343
-0.06816
-0.01611
-0.03453
0.01007
0.04279
-0.01806
0.08037
-0.06427
-0.10778
0.08533
0.05891
0.01698
0.01203
-0.01180
-0.07374
0.07091
0.04578
0.04698
0.05241
-0.02180
-0.01952
0.04979
-0.01709
0.03742
-0.00763
-0.01802
0.05826
0.03005
-0.06214
0.00434
0.01069
-0.01674
-0.01763
0.01422
0.00535
-0.06111
0.04752
0.06322
0.00812
0.01318
-0.00381
-0.01563
-0.02785
0.00897
0.03205
-0.00985
-0.03214
-0.01941
-0.02539
0.05065
-0.01893
-0.02281
0.01384
0.00672
0.00607
-0.02332
0.00820
-0.03454
0.00268
-0.02837
-0.02632
-0.05043
-0.00694
-0.02969
0.00662
0.07238
0.00267
0.01229
-0.00519
0.02635
-0.00996
0.00306
0.00463
0.03655
0.10990
0.06321
-0.05000
-0.07599
0.05763
0.02317
-0.01523
0.00275
-0.04907
0.00406
-0.04853
-0.01925
-0.00420
-0.02647
0.00992
-0.02457
0.00305
0.05543
0.01767
-0.08843
-0.06007
-0.00534
-0.05162
-0.04105
0.00498
0.02666
0.04231
-0.00553
-0.00030
0.00978
-0.03625
-0.04685
-0.08015
-0.02212
0.08063
-0.00504
-0.10199
-0.02067
-0.04758
-0.01965
-0.06987
0.06837
-0.01499
0.08073
-0.09288
0.06510
0.06910
0.03550
-0.00601
-0.01901
0.06254
-0.05965
0.01020
-0.00794
0.02485
0.03588
0.03300
-0.00782
-0.01426
0.03711
-0.05987
0.02013
0.01622
0.06585
-0.07480
0.01921
0.07408
0.06058
0.06501
-0.05223
-0.00826
-0.01511
-0.06707
-0.08868
0.02193
-0.04921
-0.00043
0.06500
-0.00074
-0.01255
-0.01341
0.01955
0.04383
-0.01534
-0.03641
0.00287
0.06701
0.02416
-0.06755
-0.05503
-0.02692
0.03223
-0.00429
0.00326
0.01284
0.05346
-0.00643
-0.00066
0.02761
-0.03119
0.01495
0.00169
0.04836
0.02809
0.00982
0.00751
0.00014
0.01216
0.00943
0.04442
0.01198
-0.09012
-0.00305
0.00099
-0.03638
-0.01301
-0.05234
-0.05760
0.01896
-0.03915
0.07353
-0.03789
0.01081
0.00798
-0.05171
0.00160
-0.08369
-0.02053
-0.04492
0.08730
0.07268
-0.02509
-0.05164
-0.05370
0.02792
0.00687
-0.04170
-0.07427
0.00556
0.05123
-0.00670
-0.02488
-0.06940
0.01298
-0.01533
-0.01231
-0.08672
0.08748
-0.04732
-0.04643
-0.07056
0.00240
0.01880
-0.04515
-0.01315
-0.05433
0.01679
-0.00904
0.02126
0.03238
0.01329
-0.03104
0.00724
