0.01807
-0.03655
-0.06780
-0.04875
-0.00430
0.01797
0.01054
0.01906
0.03109
-0.03073
-0.03335
-0.00200
-0.00026
0.03738
0.06816
0.01862
0.02524
-0.00546
-0.04006
0.03315
-0.00054
-0.08103
0.03318
0.00375
0.01570
-0.04797
-0.03180
0.01559
-0.00260
0.04780
0.07674
-0.02965
-0.04713
0.04304
-0.00598
-0.01835
-0.01416
-0.03721
-0.01410
0.04235
0.03383
-0.00956
-0.05475
0.02279
0.07139
0.02727
-0.00547
-0.02454
-0.02235
-0.02794
0.02155
-0.01638
-0.02464
-0.02188
-0.09194
-0.01921
-0.03212
-0.07785
0.04390
0.06370
-0.04430
0.01257
-0.02393
0.01706
-0.02252
0.01639
0.01946
-0.05253
-0.02019
-0.03104
-0.05272
-0.05027
0.00422
-0.03320
0.02584
0.01697
0.04038
-0.03912
0.01216
0.06639
-0.00691
-0.02450
0.00317
0.02213
0.04712
-0.04422
-0.01640
0.06546
-0.03878
-0.00237
0.00251
-0.04736
0.06490
-0.05255
-0.00079
-0.03472
-0.03887
0.01362
0.05622
0.02538
0.06494
0.06792
0.03739
0.05144
0.02903
0.05873
-0.06101
0.00294
0.01604
-0.02647
-0.01488
0.01067
-0.01693
-0.03418
0.03502
0.00915
-0.05289
-0.07952
0.00005
0.00354
0.04837
0.04956
-0.02068
0.00002
0.05480
-0.06905
-0.06047
-0.00916
-0.00384
-0.00417
-0.02971
0.00815
-0.01049
-0.00046
0.03663
0.00792
0.04942
-0.07986
0.01413
-0.01578
0.02929
0.01340
-0.03386
0.04029
0.11340
-0.04739
-0.04476
0.04110
-0.03189
-0.03115
-0.08971
0.00996
0.07118
0.03674
0.00718
-0.08883
0.03537
-0.01725
-0.01317
-0.07676
0.03955
0.03433
-0.00975
-0.01531
0.12142
0.06023
-0.00597
0.02981
-0.02815
-0.04447
0.01325
0.04883
0.03857
0.00683
0.00932
-0.04362
0.01577
-0.07062
-0.06304
0.00452
0.00833
0.02864
-0.03176
-0.04161
0.01924
-0.01106
-0.04215
-0.07113
-0.01571
-0.06190
-0.05273
-0.04722
0.08581
-0.03924
0.02771
-0.03632
0.07283
0.00980
0.03571
-0.01594
-0.00026
-0.01581
0.07248
-0.03750
0.01114
-0.00243
0.02288
-0.00839
0.05788
0.13154
-0.02126
0.06380
-0.07260
-0.04270
0.05821
0.02828
-0.01891
-0.01836
0.05463
-0.06609
0.03145
0.00763
-0.00027
-0.02662
0.00048
-0.03189
0.04622
-0.02759
-0.06267
0.02336
-0.04097
-0.02893
-0.00318
0.03154
0.04826
0.00732
0.00691
-0.03964
-0.03691
-0.02064
0.06972
0.00362
0.07193
-0.04010
0.01611
0.04941
-0.01118
0.04829
-0.05362
0.01530
0.04398
0.06898
0.02907
-0.06156
0.04004
-0.05085
0.03933
-0.01832
0.00750
0.01947
-0.01388
-0.03622
-0.00872
-0.04627
0.04951
0.01718
0.00408
0.01288
-0.06990
-0.07814
-0.05317
-0.02474
-0.02649
-0.02348
-0.01685
-0.04291
0.01211
0.00860
-0.02028
-0.01303
-0.00475
-0.00436
0.06180
0.05213
0.01577
-0.04139
0.04431
0.00707
-0.03796
-0.02675
0.01623
0.04117
-0.00487
-0.04589
0.01304
0.07563
-0.00756
0.00856
-0.00133
0.02825
0.06275
-0.03102
-0.06110
-0.07481
-0.03238
0.02769
0.03707
-0.02585
0.02853
-0.00438
-0.10877
-0.07486
-0.01957
-0.06122
-0.06296
-0.03841
-0.05974
-0.03207
0.03063
-0.01212
-0.05630
-0.03960
0.00750
-0.06576
-0.04959
-0.03090
-0.01545
0.01646
-0.02412
0.03984
0.02079
0.00814
-0.02979
0.00122
-0.00374
-0.02084
0.00030
0.04449
0.01765
0.00326
-0.03301
-0.07626
0.01254
0.06837
0.01418
0.00014
0.03816
-0.00436
-0.03430
0.04115
0.05148
-0.05366
0.03300
-0.01616
0.06006
0.01199
-0.05647
-0.01571
-0.07958
-0.00214
0.01229
0.00502
-0.06392
-0.01239
-0.01500
0.02002
0.01916
0.04302
0.00008
-0.01273
0.03495
-0.00259
0.04239
0.04905
-0.02900
-0.02935
0.00467
-0.00441
0.03485
0.00368
-0.03657
-0.04153
-0.08076
-0.01581
-0.08720
0.00649
0.01685
-0.00571
-0.02714
0.00215
0.03340
0.03877
-0.03467
0.04590
0.00640
0.01053
-0.00504
-0.00831
0.05342
-0.05471
0.04463
0.03226
0.03923
-0.00859
-0.03229
0.00709
0.02658
-0.06586
-0.04469
-0.02907
0.00487
-0.01748
0.04166
-0.02854
-0.03756
-0.02513
0.02748
-0.04404
0.04667
-0.01813
0.00362
-0.00309
-0.04836
-0.00774
0.01907
0.04932
-0.04674
-0.01591
0.00045
-0.02567
-0.01751
-0.01613
0.02540
-0.01912
0.01670
-0.03184
0.03999
0.05057
-0.05017
0.02571
-0.05040
-0.02621
0.00071
0.08384
0.01583
0.02685
0.00611
-0.12213
0.05908
0.02155
-0.01721
-0.03135
-0.02438
0.03634
-0.01538
0.02559
-0.01994
0.02353
0.01245
0.04088
-0.01551
-0.01759
0.00602
-0.06558
0.00804
-0.01513
-0.04709
-0.01484
-0.00449
0.07209
0.00272
0.04421
-0.02665
0.02425
0.03792
0.03509
-0.00527
-0.07000
0.09043
0.03550
0.00247
-0.03862
-0.05022
0.00119
0.03000
0.04371
-0.06778
-0.02997
0.09198
-0.00792
-0.04796
-0.03758
0.02595
0.05650
-0.00656
0.04201
-0.00730
-0.07439
0.04136
0.03423
-0.00871
-0.03475
-0.03420
-0.03571
-0.00839
0.05428
0.06174
0.03790
-0.01146
-0.00126
0.03042
-0.04024
