0.04036
0.01719
-0.03322
0.08492
0.05905
0.08228
-0.07079
0.06586
0.03875
0.02995
0.04318
0.02331
0.03023
0.03981
0.01523
-0.00566
0.04392
0.04283
0.00344
-0.01244
0.02012
0.01421
0.03728
-0.03266
-0.02881
0.02437
0.03075
0.06720
0.03444
0.03856
0.06379
-0.03552
0.01578
-0.00917
0.00605
-0.02766
-0.04776
-0.03880
-0.02215
0.00548
-0.02191
-0.02803
0.03779
-0.01075
-0.01525
0.03799
-0.00350
0.01022
-0.03116
-0.05150
-0.00896
-0.04740
0.08472
-0.00636
0.00505
-0.01905
0.05787
-0.05723
0.04297
-0.00588
-0.01571
-0.01044
-0.03892
0.03626
-0.04345
-0.03412
0.00289
-0.09158
0.03310
0.00325
-0.03368
-0.03160
-0.01813
-0.04382
0.03024
0.00778
-0.02639
-0.05857
-0.00679
0.04227
0.03487
-0.04749
0.00234
0.02057
0.01393
0.01866
-0.02558
0.01825
-0.03256
-0.06178
-0.05280
-0.00942
0.02962
-0.00330
0.05990
0.07813
-0.00753
0.02899
0.05512
0.06252
0.01415
0.05970
0.03777
0.05773
0.02184
-0.00532
-0.07377
-0.06278
0.05914
0.04003
0.00142
0.03574
-0.06102
-0.11658
-0.01513
0.00247
-0.00816
-0.01104
-0.01748
0.03213
0.03492
0.01858
-0.07847
-0.06331
-0.00524
-0.07138
0.03876
-0.05127
-0.00666
0.00008
0.00508
0.04937
0.02135
0.02022
-0.01941
0.09224
0.00220
-0.02502
0.07036
0.02862
0.01854
0.01339
-0.00418
-0.02547
0.09889
0.00577
-0.01152
0.00790
-0.03199
-0.01807
0.02372
0.05516
0.03748
0.07910
0.00892
-0.04566
-0.06624
-0.01300
-0.01223
-0.11208
0.00193
0.06022
0.03790
0.06837
0.02482
0.00765
-0.01455
-0.00190
-0.07047
0.03813
0.04548
0.02441
0.06886
0.05280
0.04581
0.00469
-0.03924
-0.00115
-0.04469
0.00709
-0.04337
0.00525
-0.08200
-0.05208
0.04708
0.00694
0.05175
0.02476
0.04751
-0.03186
-0.02827
0.07638
0.06172
-0.09436
0.01977
0.01623
-0.01117
-0.03400
0.03727
-0.05263
0.03969
0.03723
0.08615
-0.06221
0.00271
0.05500
0.02127
-0.02864
0.01617
0.04374
-0.04723
0.03323
-0.01417
0.01116
0.05844
0.05021
0.01032
-0.02660
-0.00835
-0.06350
0.00879
-0.02337
0.03182
0.05738
0.01009
-0.04775
-0.02210
-0.06006
0.02049
-0.02232
0.02008
-0.00565
0.03410
-0.00498
-0.03370
-0.06143
0.01408
0.04390
0.01292
0.00125
-0.01515
0.01596
0.04748
-0.07601
-0.01515
0.08623
-0.01611
-0.03703
-0.00983
0.10220
-0.03532
-0.03881
0.07433
0.00580
0.04076
0.02240
-0.00330
0.03620
0.07541
-0.04122
-0.05043
-0.00853
0.09628
-0.08445
0.02217
-0.11425
0.00993
0.05187
-0.04026
-0.08666
0.07103
0.03909
0.03760
-0.00608
-0.01125
0.04006
0.03099
0.04609
-0.00681
0.05878
0.03163
0.02315
-0.02104
0.00624
-0.04190
0.00652
0.01984
0.02066
-0.04070
0.02714
0.05301
-0.03399
-0.02954
0.06420
-0.03213
-0.02269
-0.02289
-0.04288
0.02801
-0.05146
0.03448
-0.00432
-0.04546
-0.04990
-0.01492
0.00663
0.03869
0.04646
-0.05570
-0.01548
-0.09425
-0.04182
-0.03575
0.01879
-0.00654
0.07599
0.02361
-0.04107
0.08987
-0.01772
-0.00421
-0.04188
0.00829
-0.05634
-0.04863
0.03439
-0.02286
0.03372
0.02558
0.00197
0.09626
0.03018
-0.02966
-0.06580
-0.03132
0.06785
0.01592
0.01383
-0.06653
-0.03790
0.02600
-0.05298
0.00908
0.06659
0.02960
-0.03848
-0.03879
0.03658
-0.01511
-0.01422
-0.01418
-0.03225
-0.03516
-0.00256
0.05455
-0.04522
-0.00664
0.04164
-0.05977
-0.00002
0.00271
0.01809
-0.04081
-0.03227
-0.00344
0.02706
-0.06402
0.03980
0.01370
0.02011
0.01969
-0.02826
-0.03278
0.00188
-0.02949
0.00199
-0.02362
0.06699
0.01460
-0.01582
-0.06357
-0.03195
-0.03008
-0.00799
-0.02469
-0.06894
-0.00175
-0.01863
-0.03328
-0.01475
0.05564
0.00848
0.00179
0.05484
-0.00664
0.01333
-0.01114
0.06776
0.10093
-0.05392
0.00284
0.02548
0.04380
0.02694
0.07646
0.06378
-0.04896
-0.00170
-0.01289
0.01212
0.05427
0.01106
0.07041
-0.02719
0.01411
-0.02949
0.08775
-0.01419
0.03467
0.00678
0.08523
-0.06141
0.01477
-0.01655
-0.04070
0.08997
-0.04143
0.01073
0.05318
-0.03867
-0.02759
0.02304
-0.02318
-0.00593
0.09149
0.00369
-0.05123
-0.07159
-0.03225
-0.00141
-0.01086
-0.00182
-0.06158
0.05641
-0.03259
0.03430
-0.09827
-0.02717
-0.03637
-0.03109
-0.00529
-0.00692
-0.01532
0.05453
0.02451
-0.01537
-0.05413
-0.01957
0.04552
0.05283
-0.02110
0.09105
-0.00319
0.05851
0.00563
-0.03713
0.00268
-0.06246
-0.03048
0.03500
-0.02232
-0.08505
0.02424
-0.00545
0.00133
0.06151
0.01894
-0.05291
0.06563
0.03218
0.00041
-0.00656
-0.05474
-0.07947
-0.07072
-0.01755
-0.07772
0.10813
-0.04343
-0.04574
0.00428
-0.05930
0.02074
0.05624
-0.00245
0.01749
0.03554
-0.04659
-0.00921
-0.00403
0.07451
-0.00034
0.03385
-0.09204
-0.03662
0.03044
0.04004
-0.01279
0.02203
-0.00705
-0.01364
0.01340
