-0.00356
-0.01811
-0.02946
0.01924
0.02549
0.02702
-0.01033
0.05767
0.03435
-0.03682
-0.01583
0.03279
-0.01443
0.00615
0.03513
0.00981
-0.01668
-0.03025
-0.01971
-0.01491
-0.02091
-0.00625
-0.00962
-0.02452
-0.00383
-0.02897
-0.02872
0.00730
-0.00221
0.01952
0.04839
0.00112
0.01270
-0.00915
0.04171
0.01105
-0.01181
-0.03879
-0.03979
0.05229
0.03819
0.02838
0.00345
-0.02093
0.03860
-0.00762
0.02414
0.03163
-0.02898
-0.03443
0.03346
0.03449
0.05223
-0.02618
-0.04931
0.04046
-0.00961
0.01976
-0.00394
0.02461
-0.00929
0.01349
-0.00758
-0.03220
-0.05189
0.05906
-0.00796
-0.00399
0.01497
-0.05535
-0.00383
0.00262
-0.04370
-0.03936
0.04605
-0.00963
0.00828
-0.01852
-0.01601
0.06015
-0.01074
-0.00805
-0.03782
0.00721
0.02356
-0.04944
0.02053
0.05254
-0.01185
0.03599
0.03473
-0.01111
0.07749
-0.09422
0.01977
0.01035
-0.00132
0.01743
-0.01458
0.01872
0.06023
0.02215
0.05473
0.01984
0.05539
0.04765
-0.00035
0.01147
0.03541
-0.00448
0.05048
0.04745
-0.03691
-0.03364
0.02216
-0.00779
0.01228
-0.02395
-0.01752
0.00405
-0.05718
0.02740
-0.00027
0.00665
0.01789
-0.01601
-0.00864
-0.04517
0.00235
-0.01438
-0.01455
0.00552
0.08530
-0.07529
0.00308
0.02782
0.02740
0.00874
0.06295
0.02794
0.02624
-0.01997
-0.03642
0.03235
0.07699
-0.02875
-0.06918
0.04364
-0.00067
-0.00700
0.01595
-0.02049
-0.01844
-0.00668
0.00282
-0.01985
0.06749
0.02908
0.00532
-0.00890
0.04730
-0.02073
-0.01422
-0.01532
0.05892
0.02908
-0.01170
0.01815
-0.00570
0.01539
-0.00623
0.02501
0.01910
-0.04714
0.02941
-0.02850
0.00846
-0.08042
-0.04890
-0.02075
-0.08240
0.02503
-0.05345
-0.02942
-0.00395
0.04290
-0.02240
-0.01354
-0.02625
0.01002
-0.00135
-0.03678
0.07643
-0.02304
0.01775
-0.02035
0.07914
-0.00667
-0.00661
-0.03722
-0.01279
-0.02192
0.03447
-0.06452
0.00304
-0.01573
-0.01210
-0.01484
-0.01354
0.09218
-0.06994
-0.00303
-0.00451
-0.05302
0.01616
0.04858
-0.04338
0.01064
0.02802
-0.06530
-0.03111
-0.02557
-0.03059
-0.01136
0.01818
-0.00382
0.03358
-0.04545
-0.02702
0.05974
0.03036
-0.01937
-0.00903
-0.02725
0.04100
0.01860
0.00427
-0.00558
-0.01561
-0.02143
-0.00204
-0.00870
0.07925
-0.04979
0.04905
0.00683
0.01979
0.02020
-0.02800
-0.01755
0.03130
0.03163
-0.00396
0.00035
0.06381
0.00260
0.01928
0.01051
0.05948
0.05367
0.00827
-0.01712
0.04814
-0.02616
0.03690
-0.00675
-0.02532
0.06403
-0.03704
-0.01215
-0.09086
0.00386
-0.04343
-0.00499
0.00042
-0.08906
-0.00318
-0.00566
-0.05643
-0.02076
-0.00439
0.03371
0.05742
-0.01821
-0.05128
-0.03446
0.01053
0.00640
-0.04480
-0.02805
0.02122
0.02669
0.01665
-0.02951
-0.01084
0.06850
0.02377
-0.02932
-0.00799
0.04127
0.02655
0.00987
0.00927
-0.03590
-0.00072
-0.00979
0.02024
-0.02154
0.00916
-0.00321
-0.05425
-0.02367
-0.00960
0.00104
0.00533
-0.01664
-0.03469
-0.00773
-0.01819
-0.03546
-0.00393
-0.01775
-0.04053
-0.00479
-0.00372
-0.00759
0.01824
0.02817
0.00249
0.09471
0.00442
0.05479
-0.02427
0.02029
-0.02434
-0.00906
-0.00041
0.05279
0.03314
-0.00246
0.02834
-0.06897
0.03861
0.05135
-0.01692
-0.03949
0.05663
0.00145
-0.02276
-0.01480
-0.01709
0.00077
0.02090
-0.02116
0.02860
-0.00653
0.03778
0.00669
-0.01104
-0.03287
-0.01087
0.04023
-0.07008
-0.03943
-0.04051
0.05176
-0.03234
0.01968
-0.00476
0.00718
-0.00337
-0.01699
-0.00048
0.02715
-0.00634
0.01205
0.00290
-0.01319
0.04324
0.01915
-0.07676
-0.02552
-0.04634
-0.02271
-0.02484
0.01166
0.04456
-0.05580
-0.02184
-0.02490
0.03589
0.03234
-0.02656
-0.01197
0.03466
0.00154
0.02514
0.02446
0.04478
0.03460
0.00473
0.00731
-0.00183
-0.02121
-0.07966
0.02392
0.01080
-0.05619
0.00563
-0.04642
0.02771
-0.01004
0.00573
-0.07002
-0.06599
-0.00558
-0.02962
-0.01289
0.03368
-0.01739
0.04224
0.01771
-0.01632
0.02163
0.01906
-0.01418
-0.01493
0.01344
0.00488
-0.04486
-0.02844
0.00763
0.03273
-0.01758
-0.03577
-0.06134
0.04280
0.05638
-0.07469
-0.01318
-0.01634
-0.02964
0.02303
0.02269
0.01006
0.02106
-0.00744
-0.07001
0.01062
-0.02635
-0.00416
-0.03147
0.01208
0.01101
-0.01363
-0.02998
0.02338
0.02375
0.01561
0.00712
-0.02956
-0.01448
-0.01024
-0.05475
0.00420
-0.01019
-0.02166
-0.01138
-0.01755
0.00903
-0.03429
0.02999
-0.01696
-0.02308
-0.01245
0.02749
-0.02917
-0.04030
0.08404
0.02485
-0.02676
0.01371
0.00445
-0.00004
0.04890
0.00620
-0.04154
-0.05090
0.03579
-0.04886
-0.03980
0.02120
-0.00654
0.00953
0.03693
0.04293
0.00883
-0.06574
0.01079
0.03584
-0.05022
0.00191
-0.03054
-0.01155
-0.02926
0.00706
0.06436
-0.02350
0.02890
0.00620
-0.01377
-0.03938
