0.01496
-0.00756
-0.03166
0.02928
-0.00468
-0.03540
0.01134
0.01359
0.03032
-0.01208
0.01349
0.00347
-0.03260
-0.00202
0.04001
0.08147
-0.04920
-0.02653
-0.06670
0.05584
-0.03614
-0.00202
-0.01502
-0.01064
-0.03065
0.05681
-0.02103
-0.05920
-0.02595
-0.04214
-0.00670
0.07545
-0.01971
0.00227
0.01420
0.05464
0.02118
-0.03721
-0.02960
0.05821
0.01502
-0.02058
-0.02589
-0.05726
-0.01942
-0.05624
-0.00748
0.08178
-0.01080
0.06076
0.02656
0.00652
-0.00198
-0.01071
-0.04783
0.01090
-0.00892
-0.03947
0.00734
0.02358
0.02334
0.03436
0.01484
0.00721
-0.01184
0.01664
-0.02039
-0.05580
0.04891
-0.04726
-0.00905
-0.01544
-0.01412
-0.01738
-0.02749
0.01414
-0.00372
-0.05156
-0.00162
0.02484
0.00839
-0.02126
-0.08154
-0.00542
0.05433
-0.06576
0.05300
0.04114
-0.03885
-0.00960
0.01776
0.00686
0.04370
-0.08221
0.02472
0.02140
-0.01469
-0.07026
-0.04732
0.04053
0.02357
-0.00134
0.00166
0.03251
0.01126
-0.01035
0.02036
0.01093
0.01722
-0.02975
0.04510
-0.05533
0.01226
0.01547
-0.03655
-0.07506
-0.01750
-0.04061
-0.08583
-0.01948
-0.03261
-0.01378
-0.02016
0.03356
-0.02937
-0.09310
-0.04522
-0.04508
-0.02825
0.02339
-0.03713
-0.09653
0.04031
-0.10464
-0.04927
0.05670
0.04761
0.00197
0.05928
0.07788
0.13544
-0.02303
-0.02807
0.02274
0.02827
0.01389
-0.04432
0.03677
-0.03731
0.02113
-0.00160
0.04410
-0.03321
-0.05229
0.03657
-0.00356
0.05471
0.09709
-0.03358
0.01335
0.02430
-0.02392
0.02204
0.01260
0.00938
-0.05068
-0.02542
0.02653
0.02450
-0.06515
-0.00743
0.01257
0.00696
-0.00972
0.07427
-0.03048
-0.06028
-0.05858
-0.06032
0.05653
-0.14320
0.03151
-0.05806
-0.07615
-0.04344
-0.00697
-0.02488
-0.00240
-0.07928
0.01799
-0.03693
0.00427
0.09494
-0.01965
-0.01851
0.03834
0.01741
-0.00570
0.02242
-0.05276
-0.00572
0.01743
-0.02456
-0.00416
0.05810
-0.05686
0.03234
-0.00980
-0.09389
0.07847
-0.04927
-0.04282
0.01817
-0.03408
0.00428
0.04943
-0.01095
0.01154
0.01654
-0.01609
0.02435
-0.00429
0.02754
0.02852
0.06870
0.00277
0.01198
-0.04922
-0.06587
0.07957
0.04551
0.00245
-0.03376
-0.08199
-0.01090
0.02082
-0.02600
0.05019
-0.00106
-0.06348
-0.01246
-0.04678
0.03520
-0.03619
0.05545
0.05642
0.03147
0.02055
0.06725
-0.00289
-0.06622
0.00152
-0.00370
0.01709
0.03020
-0.00936
-0.06050
0.02001
-0.02396
0.09288
0.05619
0.01169
0.02939
-0.05736
0.03911
-0.04846
-0.08133
-0.00449
-0.04803
-0.03275
-0.03954
-0.04005
-0.03208
0.00570
0.02662
0.02002
-0.03463
-0.05660
-0.05523
0.08047
-0.03287
0.01639
-0.02222
0.01384
-0.09729
-0.03847
-0.01559
0.03818
-0.02242
0.04860
-0.03507
0.02052
0.07468
-0.01610
0.00225
-0.00190
-0.03785
-0.06231
-0.03938
0.02961
-0.05856
-0.01458
0.01484
-0.03459
-0.02503
-0.00935
-0.00257
0.00637
-0.00047
-0.03640
-0.03573
-0.01780
-0.04314
-0.06231
-0.00341
0.06393
0.00159
-0.01205
-0.02359
-0.06773
-0.00434
0.00205
-0.04209
0.02405
0.00849
0.05328
-0.06994
0.10251
-0.06904
0.09285
0.06108
0.05579
-0.05156
0.02391
0.00634
0.03733
0.00802
0.03024
0.00206
-0.03200
-0.01543
-0.05489
0.05709
-0.01054
0.05209
-0.03689
0.04831
0.03952
-0.04402
-0.01294
-0.11239
0.01321
0.00846
-0.04129
-0.00284
0.00735
0.01332
-0.04296
0.06036
-0.00111
0.01647
0.07754
-0.02567
-0.08307
-0.05485
0.05154
-0.01708
0.05537
0.00139
-0.06536
0.00902
0.02962
0.02274
0.06703
-0.06346
0.03473
-0.02370
0.07710
-0.00202
-0.03404
-0.07258
0.04360
-0.00017
-0.01769
0.05970
-0.06694
-0.00477
0.00339
-0.07662
0.01085
0.09969
-0.04009
-0.04233
-0.03183
-0.04533
-0.08566
-0.04932
-0.00945
-0.05404
-0.01154
-0.00326
-0.03107
-0.08849
0.01626
-0.08849
0.03839
0.01437
-0.09660
-0.00054
-0.00117
-0.01595
-0.01354
0.03293
-0.08618
-0.03047
0.02369
-0.02104
-0.03869
-0.02786
-0.03495
0.07082
-0.02499
-0.04151
-0.00645
0.06677
0.02691
0.06528
0.01600
0.07521
-0.00212
-0.04672
-0.05752
0.02917
-0.13263
-0.01085
-0.03280
-0.00665
-0.02102
-0.09044
0.01246
-0.03685
0.04723
-0.05800
0.08536
-0.07299
-0.01336
0.01717
-0.01457
-0.02376
-0.02175
0.01970
-0.05122
0.00806
0.02050
0.02163
-0.04540
0.01876
0.01069
0.03515
0.03656
0.00064
0.04676
0.02006
0.01397
-0.03475
0.04110
0.08084
-0.02695
0.02046
-0.02829
-0.01917
0.04077
-0.00426
-0.02401
-0.01423
0.03402
-0.08144
0.01510
0.03989
-0.04089
-0.03575
0.01105
0.05827
0.03600
0.02848
0.01362
-0.00711
-0.01025
-0.02931
-0.06098
0.01534
0.01071
0.01135
-0.03392
0.03714
-0.00703
-0.02675
-0.04319
0.01824
-0.08268
-0.00280
0.03584
-0.06830
0.00312
0.01071
-0.01507
0.00170
-0.00616
-0.01272
-0.01454
0.00722
0.01356
