-0.02457
0.04652
-0.01079
0.01446
-0.00670
-0.08877
-0.02171
0.00254
0.03879
-0.08973
-0.02925
-0.06140
-0.05479
-0.01258
-0.01068
0.01043
-0.02895
0.00730
0.00828
0.04732
0.05381
0.02510
-0.06273
0.01604
0.03789
-0.03597
0.08897
0.01412
0.07118
0.00810
0.02324
-0.00562
0.02018
0.01987
0.03195
-0.01088
-0.01832
-0.00163
0.08677
0.03354
-0.03386
-0.07805
-0.00984
-0.01981
0.01532
0.01044
-0.06917
-0.02794
0.08860
0.11977
0.07760
0.02186
-0.06345
-0.00490
0.07814
0.02520
0.01411
-0.03507
0.06350
-0.02712
0.02441
-0.04558
0.05237
-0.00551
0.01034
0.04252
-0.04833
0.03824
-0.01399
-0.09548
-0.07145
-0.00123
-0.03226
0.02625
0.05746
0.00805
0.03789
-0.06502
-0.05873
0.00688
-0.03204
-0.02542
0.06667
-0.06566
-0.00933
-0.03789
0.02953
-0.05598
0.04220
0.05819
-0.02259
-0.03515
0.06676
0.00418
-0.13178
0.00987
-0.02558
-0.00686
-0.00011
-0.01906
-0.00835
-0.01639
0.06808
-0.05907
-0.04214
-0.01819
-0.01088
-0.02369
-0.00711
0.00084
-0.00481
-0.01648
0.03724
0.07340
0.05922
-0.00005
-0.01858
0.01147
-0.03260
-0.02911
-0.00275
0.07679
0.00219
0.09311
0.00276
-0.02623
-0.00023
-0.06774
0.00071
0.06495
0.01102
-0.00614
-0.04163
-0.03789
0.02517
-0.04249
-0.00387
-0.00684
-0.02126
-0.01698
0.08133
0.03550
-0.04991
-0.03020
0.07567
0.06412
0.03873
0.01588
-0.02730
-0.01642
-0.01997
0.05433
0.01517
-0.03834
-0.04704
-0.05430
0.02539
-0.00566
0.00627
0.04241
0.00888
-0.05717
0.00819
-0.02195
-0.01380
0.00372
0.04294
0.01638
-0.02582
-0.03510
0.00889
0.05894
0.08136
-0.01866
0.00956
-0.06236
-0.06435
-0.05623
-0.03133
0.05140
0.10698
-0.02429
-0.02850
-0.03757
-0.01460
0.01876
-0.06229
-0.05244
-0.06129
0.06258
-0.04647
0.05964
-0.00035
0.03192
-0.05523
-0.03184
-0.01358
-0.00735
0.00103
-0.07265
-0.06693
-0.01018
0.01091
0.04189
0.06252
-0.10435
0.01441
-0.01046
-0.04998
0.07480
0.09529
-0.00579
0.00847
0.00876
-0.05735
0.03831
-0.05391
-0.05111
-0.00079
-0.04395
0.02158
0.01958
-0.00471
0.03447
-0.00704
0.04814
0.01854
-0.00140
0.05027
0.01639
-0.00844
-0.10884
0.01203
0.02040
-0.00078
0.06179
-0.07418
0.03877
-0.00480
0.03721
-0.00710
0.00316
0.01095
-0.04859
-0.01404
0.04775
-0.07226
-0.00021
0.03988
-0.08876
-0.07162
0.02275
-0.07210
-0.02498
0.05931
-0.05885
0.01700
-0.01400
0.01866
-0.01069
-0.00113
0.00120
-0.02349
0.00575
0.02683
-0.01214
-0.01987
-0.01423
-0.05410
-0.01314
-0.01124
0.05045
-0.01400
0.00307
0.09448
0.08141
0.02886
-0.00809
0.00894
0.04833
-0.03809
-0.08751
-0.02381
-0.00558
0.04512
-0.02622
-0.01810
0.01858
-0.03555
0.06911
-0.05582
0.02390
-0.01862
-0.10028
-0.03414
0.06443
-0.08680
-0.03267
0.06201
0.02394
-0.02761
0.01343
0.02304
-0.00883
-0.03773
-0.05434
0.13002
0.04326
-0.03866
-0.03464
-0.01482
-0.00039
0.05175
-0.06246
-0.03605
0.02026
-0.00680
-0.05877
0.02034
0.04335
0.01062
-0.04318
0.02445
0.00574
0.04598
-0.05483
0.03329
-0.05726
-0.04569
0.02767
-0.03779
-0.06501
0.01773
0.04739
-0.04973
0.02489
-0.05610
-0.03988
0.05263
-0.01996
0.00562
0.00244
-0.02535
0.03312
0.04702
0.03428
-0.01029
0.06123
-0.02880
0.04205
-0.03005
-0.07464
0.03734
0.00998
-0.00931
0.03126
-0.02440
-0.00476
-0.08515
-0.00844
-0.00415
-0.01851
0.03684
0.02816
0.06950
-0.06897
-0.01603
-0.00028
-0.06490
-0.02269
0.01957
-0.00003
-0.04194
-0.05956
-0.06634
-0.02303
-0.05429
-0.03658
-0.10240
0.00540
-0.05895
0.08513
0.03340
-0.00720
-0.01672
-0.04124
-0.03899
0.02021
-0.06008
0.01715
-0.01274
-0.03038
-0.05201
-0.05071
-0.00313
-0.04116
0.08291
0.04220
-0.03696
-0.02887
0.06816
-0.03805
-0.04889
-0.01758
-0.05482
0.00147
-0.06942
-0.03848
-0.03112
0.03632
-0.10932
0.00244
-0.03158
0.02491
0.00335
-0.03333
0.00512
0.05882
-0.02397
0.02357
-0.02796
0.04565
0.02506
-0.03855
0.00027
-0.03698
-0.02120
0.01852
0.00957
-0.02840
-0.04473
-0.06894
-0.02365
-0.04204
-0.05859
-0.03049
0.05978
-0.04330
0.02825
0.04327
0.03760
0.03386
-0.06430
-0.04309
-0.03191
0.06090
0.06491
-0.05725
0.01223
0.03454
0.07495
0.01498
-0.03107
0.07449
-0.05755
-0.02963
0.01429
-0.06228
0.01751
0.10985
-0.04396
-0.04809
-0.01111
0.00842
-0.03750
0.04122
0.00439
-0.05039
0.08297
-0.00746
-0.03152
0.10683
0.03378
-0.01358
0.02168
0.01115
-0.06437
-0.01163
0.01743
-0.06019
-0.01083
0.01131
0.01928
0.07537
0.02334
-0.01814
0.04586
0.02960
-0.03751
0.01354
0.01782
0.00315
0.06014
-0.01717
0.02594
0.09566
0.01735
-0.00673
0.00157
-0.04123
0.06032
0.00199
-0.01065
-0.02211
0.05782
0.05243
0.03927
-0.01644
-0.02058
0.01318
0.08263
-0.04459
