-0.01790
0.06702
0.03472
-0.00993
-0.00397
-0.10864
0.01894
-0.04712
0.05095
-0.02158
-0.04557
-0.05945
-0.07574
0.00228
0.01881
0.03055
0.00967
0.00254
-0.02769
0.10272
0.01410
0.00852
-0.03971
0.01696
0.02194
-0.05587
0.03763
-0.01471
0.02768
-0.02968
-0.04836
0.03805
-0.03073
0.04030
0.04241
-0.03512
0.02503
-0.06444
0.05440
0.02580
0.01265
-0.05408
-0.02591
-0.01921
-0.01635
0.03179
-0.00902
-0.00951
0.08024
0.12024
0.09032
-0.01187
-0.09914
-0.00720
0.08329
-0.04785
-0.04762
-0.03273
0.06727
0.00040
-0.02867
-0.02897
0.05456
0.00005
0.00025
0.01249
-0.03751
0.05282
0.02441
-0.08297
-0.02492
-0.00913
-0.01795
0.05632
0.02620
0.00619
0.06802
-0.04758
-0.01810
-0.00158
0.00864
-0.02553
0.01345
-0.06777
-0.02993
-0.01367
0.03824
-0.08129
0.03013
0.05622
-0.02279
0.01765
0.06177
-0.00723
-0.10895
0.00784
-0.04820
0.02501
-0.00646
-0.03747
-0.00667
0.02378
-0.00032
-0.06829
-0.04870
-0.01977
0.03803
-0.02155
-0.04173
-0.00848
-0.00962
-0.10740
0.06059
0.11126
0.00479
0.01278
0.01579
-0.01325
-0.04257
-0.03075
0.02588
0.08567
0.04445
0.04834
0.04385
-0.04016
0.01568
-0.04881
-0.03352
0.06896
-0.01199
-0.04821
-0.07176
-0.04068
0.01589
-0.05183
-0.04611
-0.03646
-0.01048
-0.00486
0.09654
0.03327
-0.02005
0.00513
0.05439
0.08030
0.02313
0.02198
-0.00156
-0.01910
-0.01057
0.03848
0.00863
-0.00428
-0.06544
-0.06428
0.00763
-0.01918
-0.06096
0.03388
0.01453
-0.03386
-0.01648
0.00177
-0.00557
0.00093
0.01501
0.02750
-0.02436
-0.06855
-0.01239
0.03683
0.04155
0.00223
-0.00390
-0.05690
-0.03424
-0.01567
-0.00694
0.05295
0.06733
0.00096
0.02365
-0.03401
-0.03845
-0.01357
-0.04757
-0.07651
-0.04361
0.06527
0.00035
0.08520
0.00984
0.06288
-0.02441
-0.02785
-0.03266
-0.03731
0.01816
-0.07064
-0.05516
-0.03499
0.02297
0.08066
0.08385
-0.10662
0.04288
0.05232
-0.05072
0.09017
0.06487
-0.00211
-0.01056
-0.01234
-0.05152
0.02135
0.00500
-0.06093
-0.04474
0.03604
0.05138
0.05250
0.02959
-0.00249
0.00021
0.11252
0.02775
0.03739
0.03961
0.07514
0.00256
-0.10895
-0.01677
0.03500
-0.01702
0.06619
-0.08951
0.01904
-0.00040
0.06372
0.02439
-0.00639
0.00521
0.01028
0.00020
0.02035
-0.06239
-0.00633
0.09286
-0.09857
-0.04112
0.04104
-0.05383
-0.05101
-0.00524
-0.05880
-0.01249
-0.01614
-0.06404
-0.00447
-0.01570
0.03235
-0.01066
-0.02681
0.01674
0.01954
-0.04227
-0.01572
-0.00853
-0.02275
-0.00632
0.00112
-0.00311
0.01298
0.02883
0.05287
-0.04095
-0.00449
0.05811
0.07901
-0.05407
-0.03331
-0.03100
0.02609
0.03460
-0.05043
-0.02087
0.02909
-0.03226
0.07301
-0.10427
0.07324
0.00818
-0.09640
0.00853
0.04219
-0.08890
-0.03712
-0.00381
-0.01181
-0.03914
-0.01115
-0.02003
0.03281
-0.00179
-0.04095
0.10326
-0.00127
-0.02486
-0.03086
0.00822
0.02495
-0.00235
-0.07430
-0.01164
-0.03396
-0.01972
-0.02154
0.02646
0.00632
0.01870
0.00721
0.06499
0.04701
0.03994
-0.05263
0.00225
-0.02261
-0.08960
0.02081
-0.07740
-0.04552
0.02471
0.01206
-0.03454
0.01628
-0.00121
-0.03453
0.06239
-0.01626
-0.02103
0.02534
-0.07150
-0.01733
0.06868
0.05983
-0.01453
0.06719
-0.03079
0.04745
0.01710
-0.06311
0.02081
0.02965
-0.03130
0.04542
-0.03299
0.01541
-0.04573
0.02647
0.03513
-0.00737
0.03438
0.03619
0.04730
-0.05758
-0.04373
-0.00763
-0.05664
0.01199
-0.01378
0.01578
-0.02464
-0.02860
-0.05806
0.04615
-0.07170
-0.02694
-0.06549
0.05441
-0.03724
0.08413
0.02400
0.00355
0.02778
0.01286
-0.06151
0.08816
-0.05606
0.02407
-0.04072
-0.01166
-0.05650
-0.01043
-0.00844
-0.07678
0.03078
-0.03771
-0.04926
-0.02515
0.05507
-0.07456
-0.04784
0.00465
-0.05726
-0.08234
-0.01571
-0.04033
0.00006
0.04033
-0.10785
-0.05229
-0.01141
0.04949
-0.03177
0.00026
-0.02664
0.03820
-0.01133
0.01092
-0.04651
0.02323
0.00775
-0.01218
0.04186
-0.03156
-0.01625
0.00189
-0.03530
-0.02709
-0.02497
-0.07226
0.03339
-0.05885
-0.02446
-0.00765
0.02251
-0.05347
0.01474
0.02410
-0.02146
-0.00026
-0.01078
0.01001
-0.03059
0.04900
0.11795
-0.05951
0.03333
0.01754
0.03653
-0.00838
-0.01351
0.02895
-0.04969
0.00135
0.01627
-0.05572
-0.00326
0.07177
-0.00860
-0.05167
-0.00882
-0.02250
-0.09447
0.03491
0.02101
-0.03674
0.10389
0.00747
0.01387
0.12146
0.01200
0.02337
0.06412
0.04666
-0.04865
0.02741
-0.00846
0.00209
-0.00541
0.05015
0.02043
0.08411
0.04491
-0.02923
0.04077
0.00755
0.02444
0.03068
-0.02887
-0.03112
0.01464
-0.02774
-0.00196
0.03461
0.01559
0.03515
0.00287
-0.02000
0.05240
-0.01910
-0.01868
0.01710
0.05184
0.02755
-0.04819
0.00434
-0.00700
-0.00087
0.04707
-0.02095
