-0.02904
0.06125
0.01050
0.00311
0.00515
-0.08658
-0.03911
-0.01416
0.05216
-0.06336
-0.00402
-0.04847
-0.04578
-0.00098
-0.00794
-0.00186
-0.02015
0.01799
-0.01598
0.06153
0.03887
0.03676
-0.04863
-0.02294
0.00537
-0.02891
0.05444
0.00257
0.06980
-0.00052
0.00811
0.02812
0.04030
0.00393
0.03860
-0.01660
-0.00674
-0.05853
0.09701
0.03713
-0.04345
-0.09092
-0.02040
-0.02177
0.01829
0.02895
-0.04488
-0.01378
0.09290
0.09229
0.06626
-0.01104
-0.06755
0.00205
0.07856
0.00404
0.00094
-0.01266
0.04772
-0.02913
0.00796
-0.02615
0.01596
-0.00481
-0.02340
0.03606
-0.05543
0.05258
-0.01355
-0.08390
-0.02771
0.00570
-0.02134
0.03418
0.03941
-0.02161
0.03210
-0.05387
-0.07659
0.00352
-0.02589
-0.02103
0.06144
-0.06333
-0.01258
-0.06348
0.03494
-0.04841
0.03952
0.07276
-0.00947
-0.02030
0.08925
-0.00501
-0.10864
0.03729
-0.03177
0.04316
-0.02757
-0.01500
0.00532
0.02194
0.07370
-0.05431
-0.03550
-0.03844
0.02221
-0.02677
-0.02821
0.00020
0.01817
-0.03260
0.02221
0.07369
0.03312
0.00790
0.01311
0.01676
-0.00073
-0.01819
0.00683
0.06167
-0.00207
0.08508
0.00520
-0.02538
0.01048
-0.06562
-0.01023
0.03178
0.01406
-0.00412
-0.06601
-0.03781
0.01560
-0.03247
-0.02378
-0.00407
-0.02018
-0.00097
0.05896
0.03022
-0.09165
-0.03221
0.09427
0.06333
0.02165
-0.00578
-0.00427
-0.01532
0.02404
0.06626
0.00354
-0.01724
-0.02219
-0.04327
0.01176
-0.02519
-0.00234
0.02527
0.00258
-0.06303
-0.01366
-0.00972
-0.00478
-0.03314
0.07526
0.03296
-0.03781
-0.02029
-0.01002
0.05857
0.04311
-0.03322
-0.00281
-0.06712
-0.06589
-0.05041
-0.00901
0.04479
0.10131
-0.01684
-0.05232
-0.02462
-0.00239
0.03254
-0.05692
-0.04878
-0.06475
0.07417
-0.01946
0.05101
0.00104
0.03903
-0.02768
-0.05501
-0.04028
-0.02648
0.00726
-0.06844
-0.05986
-0.01908
-0.00320
0.06452
0.05147
-0.09173
0.01345
-0.02204
-0.04605
0.08926
0.07961
-0.02265
0.00326
0.00414
-0.05325
0.03302
-0.04682
-0.03549
0.01935
-0.04221
0.02582
0.03744
0.00636
0.00822
0.00143
0.06847
0.01155
0.02571
0.05117
0.06860
0.00505
-0.12969
-0.00047
0.04932
-0.00091
0.04847
-0.09437
0.01803
0.01584
0.05252
-0.01018
0.02419
0.05276
-0.04562
0.00371
0.01232
-0.08887
-0.01328
0.07314
-0.08311
-0.05494
-0.00254
-0.07911
-0.04610
0.05980
-0.05155
0.05400
0.00191
0.03512
-0.00769
-0.03502
0.01670
0.00235
-0.00557
0.04512
-0.03067
-0.00226
-0.00605
-0.03538
-0.02094
-0.01390
0.03181
0.01175
0.01904
0.08416
0.06667
0.03240
0.02150
0.01550
0.02872
-0.03073
-0.02646
-0.01213
0.00121
0.03330
-0.04310
-0.01735
0.01391
-0.04493
0.04864
-0.06856
0.04047
-0.03112
-0.11184
-0.05351
0.04510
-0.05192
-0.04727
0.02984
0.02139
-0.03896
0.00624
-0.00815
0.00803
-0.03415
-0.05955
0.11591
0.01814
-0.05772
-0.02910
-0.01348
-0.00356
0.03464
-0.06712
-0.03245
0.00341
-0.02081
-0.06513
0.03894
0.04571
0.01592
-0.01539
0.01139
0.02366
0.05713
-0.06990
0.05464
-0.02274
-0.04120
0.01884
-0.03395
-0.05620
0.03308
0.03759
-0.05217
0.00960
-0.04318
-0.05759
0.05697
-0.04948
0.01928
0.00967
-0.02246
0.01694
0.06623
0.06830
-0.01144
0.03731
-0.01546
0.04094
-0.00166
-0.08246
0.00832
0.03474
0.01164
0.01712
-0.01223
0.02385
-0.06319
-0.00706
-0.00458
-0.02892
0.02307
0.02593
0.07557
-0.09652
-0.02319
-0.00711
-0.09572
-0.00801
0.00613
-0.03087
-0.06309
-0.07453
-0.04275
0.01306
-0.04825
-0.00454
-0.10350
0.02608
-0.06827
0.04277
0.01975
0.00153
-0.01476
-0.04103
-0.08358
0.02610
-0.07242
0.03569
-0.01520
-0.01513
-0.05022
-0.05275
0.02303
-0.02793
0.08989
0.01088
-0.03588
-0.00194
0.05514
-0.05360
-0.04632
-0.00507
-0.04432
-0.01259
-0.06775
-0.03625
-0.02330
0.02251
-0.08579
-0.01550
-0.01312
0.03338
-0.00964
-0.01549
0.01911
0.09424
-0.01667
0.01408
-0.03011
0.02543
0.01253
-0.04432
-0.00357
-0.01532
-0.02287
0.00704
-0.02179
-0.03536
-0.01961
-0.04073
-0.02087
-0.02119
-0.04547
-0.02663
0.04858
-0.05285
0.01986
0.02712
0.05817
0.03602
-0.05985
-0.03281
-0.05432
0.07266
0.05501
-0.06912
0.01895
0.01801
0.07378
0.02826
-0.02669
0.08115
-0.04412
-0.01844
-0.00679
-0.05835
0.02435
0.11097
-0.05810
-0.07631
-0.03379
-0.02827
-0.03810
0.05161
-0.01334
-0.03528
0.09402
0.00781
-0.02777
0.10738
0.05254
-0.02324
0.04579
0.01421
-0.06828
-0.02853
0.01695
-0.01862
0.00311
0.04339
0.01719
0.07329
0.01189
-0.03995
0.04137
0.03137
-0.00016
-0.01575
-0.01073
0.01122
0.02190
-0.02812
0.02286
0.07236
-0.00092
0.00816
0.00265
-0.04112
0.03059
0.00134
-0.00307
-0.02707
0.06984
0.06046
0.01232
-0.03800
-0.02580
-0.00754
0.08618
-0.02074
