-0.02743
0.06756
0.00996
-0.02530
-0.00631
-0.10231
0.00552
-0.06057
0.04368
-0.00359
-0.01522
-0.05672
-0.09849
-0.01912
0.04642
0.00406
-0.00589
-0.00568
-0.01455
0.09822
0.00389
0.02879
-0.04297
-0.00458
-0.00084
-0.05153
0.01775
-0.01304
0.01583
-0.01813
-0.02258
0.03433
-0.00849
0.04527
0.03921
-0.03776
0.02676
-0.04789
0.08436
0.03897
0.00995
-0.07193
-0.04384
-0.00464
0.00303
0.01974
-0.00429
-0.01779
0.08576
0.10169
0.09720
-0.01107
-0.11562
-0.04543
0.08335
-0.02282
-0.06030
-0.03309
0.04554
0.01485
-0.03651
-0.01533
0.03728
-0.01519
-0.00189
-0.00768
-0.03695
0.04612
-0.02742
-0.08269
-0.00142
0.01877
-0.04112
0.02520
0.03307
-0.02573
0.06261
-0.04543
0.00702
-0.00454
-0.01315
-0.01198
-0.00291
-0.06163
-0.02675
-0.03701
0.02500
-0.05482
0.02851
0.05914
-0.01684
-0.01552
0.05203
-0.01479
-0.11843
-0.00685
-0.03039
0.06447
0.00246
-0.04447
0.01498
0.03752
0.02426
-0.06784
-0.02256
-0.02177
0.01657
-0.00379
-0.02411
-0.00475
0.01341
-0.10754
0.06958
0.11619
0.04005
0.04752
0.04378
-0.01085
-0.02145
-0.01776
0.01163
0.06742
0.04496
0.08569
0.04039
-0.02561
0.00782
-0.05111
-0.02382
0.06511
0.00052
-0.04330
-0.04692
-0.05664
0.02193
-0.06451
-0.04922
-0.01025
-0.00118
0.00697
0.08298
0.02789
-0.02847
-0.00244
0.05544
0.05916
0.00903
0.02860
-0.00685
-0.01451
-0.02313
0.06183
0.03048
-0.03948
-0.04615
-0.07217
0.04401
-0.04153
-0.04386
0.02267
0.00362
-0.05339
-0.01996
-0.02309
-0.01112
-0.02194
0.04807
0.04075
-0.02936
-0.05197
-0.02029
0.04515
0.04822
-0.00164
-0.02928
-0.04777
-0.03682
-0.02232
0.02298
0.04779
0.08493
-0.01761
0.03280
-0.00361
-0.02664
0.00229
-0.03850
-0.04315
-0.05258
0.08907
-0.00432
0.04592
0.02907
0.08495
-0.00452
-0.04378
-0.01173
-0.02498
0.02469
-0.08035
-0.06800
-0.07700
0.03266
0.05612
0.06237
-0.11029
0.06145
0.04769
-0.03310
0.08705
0.02919
-0.01152
-0.02566
-0.04089
-0.04671
0.00674
-0.00101
-0.05876
-0.01775
0.01233
0.04417
0.06993
0.03744
0.00219
0.01724
0.08235
0.03318
0.03270
0.04421
0.09849
-0.01276
-0.11714
-0.02360
0.05916
-0.01363
0.05507
-0.10351
0.01310
0.00375
0.04428
0.00245
-0.00924
0.02598
-0.01594
0.01087
0.00983
-0.07667
-0.00078
0.10157
-0.09507
-0.02902
0.05186
-0.05431
-0.06587
-0.01104
-0.06261
0.00944
-0.01025
-0.02887
-0.01597
-0.02447
0.02207
-0.01894
-0.00188
0.04486
0.02970
-0.00846
-0.00112
-0.00270
-0.02825
-0.01963
0.01164
-0.02415
0.01096
0.00556
0.04103
-0.02759
0.00259
0.04025
0.05786
-0.04457
-0.00955
0.00471
0.01551
0.06293
-0.03066
-0.01569
0.02040
-0.03109
0.05849
-0.07850
0.06982
0.00451
-0.08960
-0.03034
0.06378
-0.06459
-0.04152
0.02592
-0.01162
-0.05180
0.01162
-0.06285
0.01402
-0.02254
-0.05574
0.10677
0.01231
-0.03550
-0.00654
0.01639
0.00329
0.01606
-0.08324
-0.00829
-0.05824
-0.02468
-0.05319
0.01612
0.00675
0.01064
0.02095
0.03037
0.04827
0.06144
-0.07464
0.02454
-0.01068
-0.05540
0.05417
-0.08703
-0.02554
0.01277
0.03004
-0.04493
-0.00543
-0.02724
-0.02678
0.05034
0.00549
-0.00242
0.00176
-0.06479
0.02856
0.05886
0.07648
-0.01116
0.02006
-0.01824
0.05112
0.02159
-0.06898
-0.00868
0.03675
-0.00079
0.03603
-0.03477
0.00489
-0.04817
-0.01967
0.02813
-0.02353
0.00146
0.00964
0.03317
-0.07191
-0.03413
-0.00756
-0.08580
-0.00090
-0.02945
-0.01343
-0.04484
-0.04235
-0.02880
0.01450
-0.05817
-0.00865
-0.05795
0.04017
-0.04437
0.05013
-0.00442
0.01280
0.01506
-0.01308
-0.05212
0.07135
-0.06150
0.03444
-0.04087
-0.01490
-0.04825
-0.02884
0.01053
-0.06854
0.01125
-0.04549
-0.04255
0.00217
0.04902
-0.07155
-0.02426
0.01396
-0.04454
-0.05848
-0.01898
-0.03711
0.00256
0.00898
-0.09975
-0.03631
-0.01176
0.04436
-0.03418
0.01434
-0.01406
0.07300
-0.01981
-0.00804
-0.03108
0.00481
0.00434
-0.00946
0.02694
-0.03145
-0.01147
-0.00707
-0.05352
-0.01700
-0.02307
-0.06566
0.03941
-0.06056
-0.04790
-0.01077
0.01790
-0.05139
-0.03507
0.06245
-0.00503
0.02364
-0.01147
-0.01306
-0.02641
0.02403
0.11031
-0.07318
0.03540
0.00224
0.05567
0.00928
-0.01090
0.07482
-0.06725
-0.01082
0.00418
-0.04477
-0.00102
0.06638
-0.02204
-0.07347
-0.00400
-0.02363
-0.08657
0.02843
0.01242
-0.01581
0.08941
0.01534
0.00210
0.11134
0.02293
0.01151
0.04609
0.02488
-0.04059
-0.00419
0.01485
0.01451
-0.00898
0.05329
0.00375
0.09413
0.06671
-0.03074
0.03919
-0.00212
0.04044
0.00246
-0.03058
-0.01382
-0.00170
-0.01685
-0.02923
0.06212
0.02842
0.02025
0.00007
-0.02851
0.04520
0.00250
-0.00621
0.01374
0.04734
0.01522
-0.05562
-0.00677
-0.01289
-0.01786
0.06036
-0.00506
