-0.03417
-0.06394
-0.09134
-0.03810
0.00013
-0.04329
0.07437
0.05427
-0.00582
0.00667
0.00503
0.05612
-0.00383
-0.05672
-0.04952
0.03199
-0.00400
-0.02598
-0.02046
-0.05123
-0.03774
-0.01788
0.00257
-0.08533
-0.03559
-0.05839
-0.02789
-0.07405
0.03596
0.02530
0.02435
-0.00927
0.05801
-0.00472
-0.07175
0.02571
0.05020
-0.02783
-0.00922
0.04623
-0.02214
-0.01146
0.03046
0.04179
0.05137
0.04200
-0.01053
0.03315
-0.02276
-0.02777
-0.00786
0.01316
0.01981
0.01522
-0.03825
-0.00084
-0.00855
0.08080
-0.02958
-0.02297
-0.04642
0.02513
-0.06937
-0.02072
-0.05261
0.03208
-0.02295
0.01873
-0.02719
-0.03873
-0.01355
-0.06005
0.07258
-0.00445
-0.00586
-0.01805
0.03003
0.00406
-0.08368
0.02693
-0.06120
0.03418
0.03490
-0.02585
0.01019
-0.00805
-0.04366
0.03148
-0.00325
-0.01471
0.01237
-0.04880
0.01821
-0.04524
-0.02798
0.00823
-0.00116
0.05462
-0.04910
0.05980
-0.00133
-0.00998
0.04455
-0.02483
0.00683
-0.03833
0.03862
-0.04547
0.02408
-0.07053
0.04579
0.06362
-0.04134
-0.07298
0.07686
0.04329
0.03147
-0.05665
0.07482
0.01529
-0.01055
-0.01743
0.02486
0.01546
-0.02683
-0.06236
-0.01028
-0.01958
0.04897
-0.03107
0.00485
-0.00692
0.00892
0.05152
-0.03946
-0.01770
0.00718
-0.01442
0.06320
-0.04377
-0.03602
0.01608
-0.07025
0.08161
0.05334
-0.01718
0.01110
-0.01179
0.02852
0.05007
0.04018
-0.00918
-0.02960
-0.00223
0.05257
0.01026
-0.03756
-0.00166
0.02378
-0.00062
0.06679
-0.02335
-0.03120
-0.03190
0.06013
0.07231
-0.01999
0.04692
-0.01869
0.02667
-0.01055
-0.05279
-0.01544
0.00270
-0.00423
0.00657
0.02838
-0.06198
0.02455
-0.04831
0.03041
-0.02766
0.01527
-0.01455
0.02550
0.00251
0.01239
-0.05276
0.01853
0.01247
-0.00887
-0.03058
-0.03053
-0.01234
0.06752
-0.03893
0.06768
0.05835
-0.00934
0.01138
-0.03658
-0.04725
0.03489
-0.07766
-0.00490
0.02350
0.07134
-0.01754
0.03106
0.03232
0.00765
0.04383
0.01903
-0.01236
-0.01041
0.00826
-0.03114
-0.02060
0.03010
-0.01228
-0.03868
-0.03840
0.04083
-0.08147
-0.03546
-0.06983
-0.01118
0.00059
-0.00165
0.01817
-0.04707
0.01838
-0.02400
0.04828
-0.03556
-0.01363
0.06569
-0.03902
-0.03790
-0.04467
0.06539
-0.01121
0.05717
0.00655
0.01180
-0.02218
-0.04323
-0.03019
-0.07725
-0.04437
0.06645
0.05724
0.01709
-0.02004
-0.03079
-0.04381
0.01213
-0.04036
0.10394
0.00484
0.00077
0.00833
-0.06710
0.03983
-0.01890
0.04313
0.04141
-0.03618
-0.07038
-0.07501
-0.04572
0.03537
-0.06553
-0.02262
-0.00867
-0.05288
0.04021
0.06140
0.02295
0.01455
0.01913
0.06030
0.03452
-0.04689
0.01227
-0.04769
0.04222
0.02241
0.02748
-0.03881
-0.00113
0.02098
-0.05649
0.03679
-0.00981
0.06766
0.02212
0.01642
0.01611
0.09573
0.01997
0.04248
-0.01572
0.00855
-0.02039
-0.01269
0.00721
-0.04658
0.00176
-0.00867
0.00759
-0.00719
-0.00039
-0.05009
-0.02828
0.01001
0.03047
-0.03114
0.04829
-0.02638
0.01026
0.01138
-0.01621
0.03748
-0.01988
-0.01631
0.02530
-0.01578
-0.03496
-0.01095
0.03026
0.04404
0.01881
0.04583
-0.03465
-0.00907
-0.00037
-0.01255
0.06037
-0.03971
0.04215
-0.01047
-0.00677
0.01635
-0.01954
-0.05736
-0.00582
-0.08366
0.06480
-0.00985
0.06075
0.01828
0.02811
-0.01124
0.03214
0.01632
0.00088
0.05817
-0.04058
0.01054
-0.04562
-0.05243
-0.01117
0.03784
0.07179
0.03314
0.03682
0.01470
-0.00811
0.00097
0.02464
-0.06576
-0.04867
-0.02074
-0.02989
0.01311
0.00610
-0.01438
0.02229
-0.03127
-0.03780
-0.01592
-0.02662
0.02056
-0.02631
0.04775
-0.00294
-0.05205
-0.05580
-0.01715
0.06684
-0.00541
0.00059
-0.02441
0.04428
0.02678
0.08973
-0.00230
0.04846
-0.02359
0.05448
-0.01225
0.01327
0.03973
-0.03287
0.01126
-0.02351
-0.05306
-0.02379
-0.00674
0.06258
-0.05560
-0.05574
-0.06977
-0.04012
0.05489
0.03876
0.04434
-0.00134
0.02987
-0.02190
0.06671
0.05815
-0.03087
-0.08601
0.03800
-0.01084
0.07993
0.01238
0.01349
-0.00430
0.09733
-0.02978
0.03927
-0.05798
-0.04303
0.00704
0.03984
0.00187
0.04030
-0.00449
-0.01277
0.01380
0.02613
0.01233
-0.00382
-0.00274
-0.05419
-0.00389
-0.04900
0.02386
0.02013
-0.07305
-0.01743
-0.00874
-0.00002
-0.00620
-0.01598
0.00857
0.03816
0.02465
-0.01082
0.05036
-0.06019
-0.03343
0.00289
-0.00180
0.06591
-0.02276
0.02064
0.02043
0.05139
0.04479
-0.01764
-0.00061
-0.00307
-0.03501
-0.00455
0.06529
0.03648
-0.02577
-0.05259
0.00009
0.00162
0.04823
0.01091
-0.06918
0.01081
0.02569
-0.02622
0.01549
-0.00104
-0.02462
-0.04178
0.05389
0.01715
0.00675
0.02319
0.06850
0.00370
-0.08825
0.00528
-0.04296
0.05060
-0.02800
0.08269
0.03863
-0.00791
-0.01294
-0.04098
-0.00318
-0.02056
