0.00049
-0.01119
-0.06789
0.04373
0.04172
0.02690
0.06452
0.05710
-0.05647
0.02419
0.00434
-0.03908
-0.00209
-0.03157
-0.00136
-0.00943
-0.04423
-0.01244
0.07265
-0.03190
-0.01563
0.01810
-0.05497
-0.08582
0.02422
0.02229
0.00284
-0.04887
0.13499
-0.01514
0.03089
-0.00650
0.01445
-0.00957
-0.02543
-0.03257
0.05250
-0.02134
0.03531
-0.01432
-0.00767
-0.01521
0.01541
0.03616
0.02112
-0.01390
-0.05398
-0.00596
0.00724
-0.04778
0.00827
-0.06302
-0.00184
-0.03701
-0.02911
-0.00880
-0.01541
0.05740
-0.02196
-0.02250
0.02642
-0.00350
-0.06399
-0.03957
-0.10696
-0.02075
0.00400
-0.00375
-0.06378
-0.04462
-0.04844
-0.02515
0.01277
0.00385
0.04922
-0.02315
0.05700
0.01587
-0.03134
-0.01773
0.00203
0.03174
-0.02315
0.00313
0.00798
0.02959
0.00679
0.04018
0.00357
0.02730
0.00178
-0.09299
-0.00953
0.04932
0.02736
0.00099
0.03704
0.01823
-0.09656
0.06737
0.00680
-0.03814
0.11081
-0.05343
-0.02761
-0.11006
-0.01604
-0.04036
0.03421
-0.02865
0.06459
0.05316
-0.02978
-0.07256
0.05160
0.02182
0.02442
-0.02200
0.04344
0.07730
0.03361
0.01872
0.01325
0.04255
-0.06835
-0.07074
0.05705
-0.02541
0.08358
0.07003
0.06205
0.00593
0.03403
0.06508
-0.01663
0.00011
0.10630
0.02455
0.05005
0.03336
-0.02955
-0.00850
-0.01439
0.03676
0.04719
0.00436
0.02990
-0.01067
0.06682
-0.06420
0.06810
0.05243
0.00753
-0.08869
0.06428
-0.03563
-0.03133
0.02322
0.03947
0.04845
-0.00998
-0.06314
0.00345
-0.02171
0.02234
0.06321
-0.02365
0.01859
-0.00832
0.09853
0.05510
-0.01268
0.04232
-0.00319
0.00006
-0.01562
-0.00440
-0.02662
0.03749
0.02914
0.04986
0.00234
-0.01644
-0.01844
0.01358
0.01173
0.06192
-0.07039
0.01946
0.02493
-0.00698
0.02145
-0.00625
-0.03404
0.08607
-0.01830
-0.04436
0.02754
0.02300
-0.00550
-0.00144
-0.06704
0.04294
-0.04718
-0.04743
0.03206
0.04797
0.02376
0.03510
-0.00828
-0.05294
-0.08704
0.02797
0.02104
0.00539
0.03512
-0.03231
-0.01428
0.00671
-0.01148
0.00626
-0.01215
0.00504
0.00062
-0.05104
-0.03038
0.01052
-0.03954
0.03580
-0.00740
-0.06335
0.02894
-0.04524
0.02611
-0.09022
0.03035
0.04159
-0.03189
-0.00049
-0.01742
-0.05914
-0.00899
-0.01480
0.02082
0.02612
-0.02475
-0.03196
-0.08612
-0.04671
0.03698
0.03624
0.04217
-0.02173
-0.04127
-0.05362
-0.01560
-0.01703
0.00707
0.12119
-0.08062
-0.06431
0.05971
-0.02905
0.03570
0.04667
0.01889
0.07971
-0.03883
-0.04260
-0.06592
0.00043
0.04388
-0.05812
0.02256
-0.01175
-0.02491
-0.00215
0.02411
0.01295
0.05697
0.00403
0.08076
0.00167
-0.03042
0.03015
-0.02545
-0.02185
0.01548
0.07349
0.00948
0.03909
-0.03764
-0.08254
0.08775
-0.04100
0.07392
-0.00540
-0.00415
-0.00958
0.04679
-0.02881
0.03625
0.01569
0.03333
-0.05590
-0.02557
-0.00281
0.04366
-0.04472
-0.01902
-0.01599
0.03010
0.03637
-0.00252
-0.01505
-0.01487
0.08722
-0.10434
0.02696
-0.02426
0.02105
0.04130
-0.06717
-0.00277
-0.00335
-0.02992
0.03454
-0.01744
-0.06791
-0.05005
-0.02183
0.02340
-0.00847
0.02780
-0.03804
-0.03892
0.00077
-0.03077
0.00888
-0.05793
0.08323
0.04236
0.02597
0.04022
-0.05627
-0.03341
-0.02878
-0.10987
-0.00840
0.00199
0.00673
0.01029
-0.00936
0.04948
0.02660
-0.01084
0.05071
0.06434
-0.02380
-0.05151
-0.01796
-0.03681
0.02211
0.04768
0.02003
0.01501
0.01796
-0.02446
-0.05089
0.01439
0.05616
-0.08801
-0.06579
-0.02716
-0.04080
-0.05546
-0.02802
0.04011
0.03803
-0.04997
-0.01433
-0.01031
-0.00169
0.07680
0.03697
-0.02340
-0.06046
-0.01093
-0.04344
-0.01246
0.08013
-0.02905
0.01374
-0.05244
0.00863
0.02615
0.03892
0.04705
-0.00273
-0.00479
-0.02608
-0.00811
-0.00552
0.06541
-0.02705
0.07375
-0.03886
-0.01591
0.06760
-0.00478
0.09555
-0.00213
-0.06153
-0.09622
0.02316
0.01083
-0.00611
0.04536
0.00273
0.01239
-0.02412
-0.01012
0.06610
-0.05814
-0.09493
0.05551
-0.00940
0.02914
-0.00095
0.01210
0.05612
0.07290
-0.04524
0.05337
-0.02146
0.01565
-0.00798
-0.02879
0.01257
0.04345
0.04136
0.03969
-0.06914
-0.02440
-0.00681
-0.02940
-0.04241
0.02079
0.02892
-0.07891
0.07040
-0.02282
-0.09398
0.00444
0.05733
-0.03034
-0.01719
-0.02816
0.01517
0.04486
0.05041
0.07154
0.06996
0.03061
-0.03889
0.00522
0.02294
0.03633
-0.01153
-0.00436
-0.01990
-0.02841
0.03380
-0.06273
0.05182
-0.01792
-0.01515
0.00793
0.00524
0.04986
-0.06046
0.00222
0.00725
0.03937
0.02472
-0.03809
-0.07102
0.03532
-0.01988
-0.00248
0.01718
-0.02075
-0.02821
-0.02903
-0.00955
0.01235
0.02955
-0.01466
0.03203
-0.00569
0.02740
0.00465
0.01901
-0.03983
-0.06521
0.02358
0.04436
-0.03753
-0.02793
-0.05610
-0.00451
0.02471
