-0.01062
0.05557
0.01549
-0.00661
0.00187
-0.09242
-0.02329
-0.02066
0.01743
-0.06768
-0.02249
-0.05509
-0.07479
-0.01379
0.01782
0.01366
-0.00867
0.01995
-0.01489
0.05735
0.03382
0.03417
-0.06185
0.02145
0.02831
-0.03904
0.06224
0.00371
0.07575
-0.02630
-0.01361
0.00358
0.01875
0.03278
0.04670
-0.01745
0.00097
-0.03465
0.09495
0.05046
-0.01796
-0.06772
-0.01490
-0.02721
0.00741
0.01947
-0.05107
-0.04232
0.09374
0.13241
0.07859
0.02469
-0.08921
-0.01075
0.09054
0.00559
-0.00689
-0.05157
0.05442
-0.02358
0.01085
-0.01862
0.03275
-0.01448
0.01670
0.03147
-0.04623
0.05400
-0.00071
-0.09702
-0.03529
0.00655
-0.04663
0.03957
0.05778
0.00573
0.05582
-0.04012
-0.05731
-0.00769
-0.02937
-0.01857
0.02802
-0.06397
0.00028
-0.03966
0.03810
-0.04388
0.03121
0.06682
-0.01661
-0.04275
0.06718
-0.00088
-0.11596
-0.00276
-0.04660
0.00736
-0.00729
-0.02701
-0.01585
0.01066
0.05538
-0.07460
-0.04066
-0.03277
0.00788
-0.03279
-0.02785
-0.01201
-0.00632
-0.06013
0.03926
0.11062
0.04115
0.01159
0.00548
0.00105
-0.03406
-0.03185
-0.00056
0.08303
0.00591
0.09698
0.01590
-0.01638
0.00316
-0.07239
0.00664
0.07238
0.00099
-0.02567
-0.05034
-0.05033
0.01789
-0.06829
-0.01680
-0.02657
-0.01771
-0.02085
0.09581
0.03301
-0.04041
-0.02802
0.05294
0.05212
0.01277
0.00251
-0.00302
-0.02469
-0.01173
0.03423
0.00526
-0.02622
-0.02772
-0.06047
0.03344
-0.00675
-0.00224
0.03954
-0.00707
-0.06161
-0.02352
-0.00730
0.00053
0.00676
0.05353
0.03496
-0.02303
-0.03924
-0.02866
0.05988
0.03411
-0.03349
0.00162
-0.06620
-0.04611
-0.02919
-0.02353
0.06282
0.10550
-0.04433
-0.00490
-0.02079
-0.01584
-0.00254
-0.08160
-0.07300
-0.06544
0.08911
-0.03633
0.07687
0.00652
0.05378
-0.05754
-0.03584
-0.02991
-0.01933
0.01487
-0.06643
-0.06471
-0.02466
0.01743
0.04484
0.05170
-0.11082
-0.01023
0.01348
-0.06113
0.09931
0.07891
-0.02955
-0.00034
-0.00239
-0.07438
0.02019
-0.04735
-0.05800
-0.03360
-0.01900
0.03666
0.03583
0.01830
0.03068
-0.00899
0.05573
0.02266
0.01022
0.05657
0.04519
-0.01046
-0.11327
0.00375
0.00635
0.02157
0.04813
-0.07668
0.03223
0.02831
0.06466
-0.00408
-0.00782
0.02230
-0.01770
-0.01622
0.02065
-0.06822
-0.00053
0.05391
-0.09635
-0.04097
0.04728
-0.06853
-0.04329
0.03707
-0.06520
0.02230
0.00337
-0.01197
-0.00867
-0.01187
0.01509
-0.03078
-0.00415
0.02250
-0.00428
-0.02443
-0.02409
-0.04728
-0.01114
-0.02430
0.03347
-0.00049
-0.01209
0.08160
0.06524
-0.01837
-0.02098
0.01429
0.05803
-0.04259
-0.06473
-0.03970
0.01186
0.05552
-0.02934
-0.01713
0.01748
-0.01669
0.06453
-0.08802
0.03799
0.00119
-0.10738
0.00080
0.06533
-0.08639
-0.02720
0.04329
0.00907
-0.03083
0.00039
0.00885
0.00543
-0.03211
-0.07678
0.13630
0.02525
-0.03901
-0.03977
-0.00494
0.00471
0.04195
-0.05842
-0.00173
-0.00116
-0.00157
-0.05000
0.01547
0.03621
0.02724
-0.02303
0.03028
0.01946
0.04290
-0.06262
0.01727
-0.02961
-0.05937
0.03736
-0.08261
-0.06376
0.01360
0.05946
-0.03723
0.02576
-0.05835
-0.04688
0.04102
0.01448
-0.01547
0.01535
-0.03858
0.02768
0.06234
0.06510
0.00468
0.04760
-0.01299
0.05159
-0.01577
-0.06915
0.03045
0.03761
-0.00293
0.03496
-0.02622
-0.01588
-0.07216
-0.00346
-0.00022
-0.03083
0.02668
0.03155
0.04787
-0.05369
-0.00588
0.01434
-0.07016
-0.00866
0.00188
-0.01152
-0.02840
-0.06543
-0.05963
0.00740
-0.05849
-0.03793
-0.09343
0.00836
-0.05450
0.07616
0.00776
0.01130
0.00988
-0.01897
-0.05689
0.03426
-0.03886
0.01528
-0.04621
0.00353
-0.05418
-0.03796
-0.01514
-0.03716
0.06926
0.00841
-0.06303
-0.00220
0.05836
-0.04615
-0.04801
-0.01844
-0.06298
-0.03130
-0.04942
-0.04285
-0.01250
0.02219
-0.10189
-0.01382
-0.01931
0.03388
-0.01189
-0.02010
-0.00684
0.05019
-0.01007
0.01304
-0.03856
0.04783
-0.00918
-0.03521
0.01678
-0.04603
-0.00629
-0.00162
-0.01126
-0.01313
-0.03093
-0.04572
-0.02240
-0.05064
-0.05890
-0.02532
0.06375
-0.05037
0.02006
0.04713
0.04193
0.04397
-0.06200
-0.05908
-0.03065
0.03716
0.09811
-0.05099
0.00987
0.02195
0.06292
0.01778
-0.00577
0.06400
-0.05263
-0.02092
0.02406
-0.03652
-0.00363
0.09957
-0.03750
-0.05797
-0.00177
-0.00750
-0.05066
0.03094
0.01302
-0.05013
0.09118
-0.00391
-0.02073
0.12909
0.02660
-0.01135
0.02807
-0.00587
-0.05306
-0.02078
-0.00526
-0.04579
-0.00139
0.04037
0.02433
0.08053
0.04258
-0.02416
0.06216
0.00344
-0.01596
0.02101
0.00605
-0.01178
0.05306
-0.02314
0.01562
0.04807
0.01926
0.01174
-0.01953
-0.02717
0.04617
0.01220
-0.01869
-0.01099
0.05291
0.03811
0.01006
0.01055
-0.02143
-0.01151
0.06767
-0.02854
