-0.02008
0.05304
0.04155
-0.02929
-0.00443
-0.10990
0.00676
-0.07649
0.04321
-0.01847
-0.02778
-0.04946
-0.08139
-0.00509
0.02938
0.03330
0.00580
-0.00579
-0.03061
0.11402
0.01278
0.02806
-0.03443
0.01967
0.00558
-0.05993
0.02065
-0.02715
0.00950
-0.02820
-0.05386
0.04311
-0.02840
0.06456
0.06000
-0.03277
0.02621
-0.05987
0.05436
0.05000
0.02956
-0.06064
-0.02658
-0.01674
-0.03604
0.02418
-0.00581
-0.01658
0.06496
0.13701
0.08315
-0.00320
-0.10330
-0.00804
0.09053
-0.05151
-0.05107
-0.03327
0.06703
0.00375
-0.00894
-0.00876
0.06049
-0.00220
0.02837
0.01544
-0.03518
0.04198
0.01097
-0.06999
-0.01455
0.01075
-0.03211
0.05839
0.02199
0.00355
0.04949
-0.04422
0.00180
-0.01313
0.00944
-0.02603
-0.01942
-0.06794
-0.01614
-0.02925
0.04186
-0.06446
0.01359
0.04516
0.01128
0.00492
0.05723
-0.02516
-0.11027
-0.01081
-0.02590
0.04182
0.00069
-0.04964
0.00539
0.02854
-0.00395
-0.05879
-0.04164
-0.02265
0.04332
-0.01080
-0.05417
-0.00216
-0.00996
-0.10755
0.06378
0.11470
-0.00025
0.00589
0.01774
0.00063
-0.04061
-0.02933
0.00419
0.08668
0.02661
0.05744
0.05031
-0.00604
0.01982
-0.05066
-0.03402
0.06755
-0.02547
-0.06182
-0.05549
-0.05539
0.00849
-0.07606
-0.06569
-0.02339
-0.00835
0.01061
0.09898
0.03711
-0.00652
0.01385
0.02680
0.06332
-0.00341
0.03357
-0.00183
-0.00955
-0.00547
0.03394
-0.00441
-0.01407
-0.05645
-0.06552
0.01297
-0.01147
-0.06009
0.04073
0.00028
-0.04867
-0.01767
0.01656
-0.01727
0.00555
0.02212
0.01734
-0.00584
-0.08071
-0.02761
0.03014
0.03633
-0.00604
-0.00918
-0.04559
-0.03455
-0.00105
-0.00154
0.04463
0.05361
-0.02280
0.03254
-0.01327
-0.04901
0.00521
-0.04620
-0.04657
-0.06162
0.06994
0.01717
0.06601
0.02417
0.07620
-0.03859
-0.03257
-0.02262
-0.02312
0.01263
-0.06903
-0.05160
-0.04361
0.01472
0.06422
0.07961
-0.10388
0.03301
0.05548
-0.04750
0.08297
0.04536
-0.00668
-0.01120
-0.01580
-0.05805
0.00365
0.01718
-0.06251
-0.04995
0.04990
0.03127
0.05305
0.02489
-0.00547
0.03166
0.10707
0.03386
0.02556
0.03331
0.08990
0.01533
-0.10339
-0.01971
0.01880
0.00282
0.05581
-0.08391
0.02497
0.00562
0.05994
0.03090
-0.00606
-0.00119
0.02036
-0.01151
0.00854
-0.04303
0.01661
0.09316
-0.10635
-0.03655
0.04295
-0.05941
-0.06044
0.00109
-0.05719
-0.01822
-0.02119
-0.07536
0.01476
-0.01089
0.01503
-0.01426
-0.01910
0.00857
0.02859
-0.04412
-0.00355
-0.00110
-0.03326
0.00689
0.01097
-0.00204
0.01835
0.01649
0.05065
-0.04062
-0.01968
0.05237
0.05797
-0.04225
-0.03333
-0.01469
0.02758
0.04180
-0.05654
-0.03160
0.00683
-0.02074
0.07953
-0.11027
0.08365
0.03733
-0.09804
0.02339
0.03256
-0.09127
-0.04323
0.00358
-0.01173
-0.02440
0.00031
-0.02180
0.04321
0.00456
-0.04203
0.10411
-0.00808
-0.01922
-0.01506
0.01996
0.02958
0.01665
-0.07437
0.00713
-0.05053
-0.03926
-0.00340
0.01141
0.00443
0.01596
0.01326
0.04509
0.04849
0.03639
-0.05009
-0.00056
-0.01052
-0.07891
0.05414
-0.09146
-0.04711
0.00439
0.01605
-0.03056
0.01389
-0.01999
-0.04036
0.05287
0.01795
-0.02211
0.01351
-0.06505
-0.02019
0.06316
0.07317
-0.01631
0.04326
-0.02837
0.04902
-0.00468
-0.07152
0.02396
0.03651
-0.03931
0.04338
-0.01686
-0.00778
-0.03369
0.01623
0.02325
-0.00934
0.01376
0.02315
0.04157
-0.05550
-0.04904
0.00773
-0.07636
0.00302
-0.02766
0.02404
-0.03900
-0.01707
-0.03990
0.03968
-0.06663
-0.04124
-0.06575
0.06165
-0.02737
0.06960
0.01788
-0.00939
0.04355
0.01690
-0.03644
0.08989
-0.03317
0.04014
-0.04330
0.01196
-0.04761
0.00011
-0.00763
-0.08056
0.01631
-0.03281
-0.06694
-0.01768
0.05756
-0.06404
-0.02724
-0.00431
-0.05919
-0.09106
-0.01368
-0.04434
-0.01042
0.01685
-0.11009
-0.05439
-0.01153
0.05455
-0.04037
-0.00375
-0.03201
0.03528
-0.01611
-0.00821
-0.05256
0.01740
-0.00417
0.01197
0.05520
-0.04346
0.01708
-0.01257
-0.04669
-0.01857
-0.02669
-0.05992
0.04442
-0.06626
-0.01134
-0.00556
0.03807
-0.04631
-0.01095
0.03487
-0.02195
-0.00289
0.00849
0.01126
-0.01864
0.03298
0.13720
-0.06000
0.02850
0.02042
0.02320
-0.00774
0.01215
0.03614
-0.05621
0.00976
0.01869
-0.04840
-0.02168
0.05380
-0.00541
-0.05987
0.00108
-0.02556
-0.09408
0.01795
0.03003
-0.03770
0.09867
0.00335
0.02500
0.12822
0.00785
0.02384
0.04383
0.03986
-0.04192
0.01555
-0.01284
-0.00388
-0.00704
0.05740
0.03336
0.09418
0.06727
-0.03292
0.05994
-0.01001
0.02534
0.01296
-0.02505
-0.02675
0.02107
-0.02263
-0.00271
0.03785
0.02968
0.03790
0.00641
-0.01587
0.03468
0.00372
-0.02212
0.02649
0.04025
0.02177
-0.05393
-0.00458
-0.01739
0.00876
0.04750
-0.00817
