0.02686
0.00323
-0.06625
-0.00017
0.00448
0.05253
0.01581
0.03570
-0.03149
-0.02529
-0.00229
0.02488
0.00931
0.00170
-0.00040
0.03648
0.02975
-0.03832
-0.00763
-0.04451
-0.01378
-0.07470
-0.03568
-0.00446
0.02634
-0.01928
0.02704
0.01564
0.04107
0.04316
0.03993
-0.03965
0.03030
0.05365
-0.07759
-0.03975
-0.01220
-0.02579
0.00288
0.00081
-0.05216
-0.00381
0.01402
0.01496
0.06520
0.04756
0.01671
0.00369
0.03301
0.00816
0.00536
0.04351
0.04894
-0.04928
-0.03967
0.01147
-0.00122
-0.00400
-0.01721
0.05293
-0.03633
0.02131
-0.03174
-0.00758
-0.03715
0.01428
-0.02968
0.02314
-0.01761
-0.04286
-0.04340
0.00147
-0.00876
0.04389
0.00848
0.03004
-0.00020
-0.03066
-0.05674
0.03376
-0.05454
-0.03095
0.02992
0.01000
0.03148
-0.06305
-0.03257
0.00825
0.00414
-0.00173
-0.00170
-0.05154
0.01819
-0.03574
0.04744
0.02433
-0.00537
0.01718
0.02717
0.02495
0.02475
0.03644
0.03868
0.01287
0.00641
-0.00187
-0.05305
-0.00886
0.02997
-0.06158
0.04345
0.02356
-0.03734
-0.06416
0.04403
0.04414
0.00258
-0.06333
0.07423
0.01344
0.03494
0.08142
0.03721
-0.06052
0.00541
-0.04543
0.00573
-0.03974
0.04361
-0.03841
-0.01956
0.08279
0.00818
0.02509
-0.05621
-0.05765
0.01171
-0.03477
0.02455
0.00242
0.02440
-0.00378
-0.07215
-0.05252
0.08899
-0.03954
-0.00690
-0.01903
-0.00247
-0.01416
0.01588
0.01237
0.02112
0.05309
0.00261
0.02048
-0.01699
0.00464
0.06715
-0.04611
0.05510
0.02885
0.00057
-0.02062
0.07171
0.05031
0.04190
0.05368
-0.06681
0.05373
0.03591
0.09492
0.03230
-0.05476
0.06992
-0.01413
0.00018
-0.06690
0.00078
-0.01579
0.01430
0.00398
-0.06303
-0.02407
0.01186
-0.01407
-0.01712
-0.01416
-0.00160
0.02010
-0.03811
-0.03567
0.03870
-0.08043
-0.00430
-0.04550
0.06039
0.02215
-0.04048
-0.00449
0.00920
-0.02369
0.05985
-0.03222
0.02883
0.01887
-0.02404
-0.07334
-0.04193
0.06082
0.00115
0.00057
0.01824
-0.02125
0.08466
0.03271
-0.02910
-0.00858
0.06730
-0.08005
-0.04318
-0.08044
-0.03102
-0.06692
-0.01637
-0.04050
0.06515
0.03047
-0.01876
0.02274
0.01053
-0.01985
-0.01672
-0.00393
0.03546
-0.03359
0.04085
-0.03718
0.01603
-0.02795
0.06308
0.01358
0.05645
-0.07257
0.05583
0.03591
-0.01064
0.01366
-0.07377
0.00047
-0.01456
0.03901
0.05851
0.01419
0.01049
-0.01307
0.03728
0.00824
0.09202
0.03063
-0.04938
-0.02666
0.00936
-0.04213
0.00638
-0.03707
0.00242
-0.00253
-0.02404
-0.05357
-0.02049
0.06430
0.00304
0.02393
-0.00248
-0.04363
0.00929
0.07699
-0.05578
-0.03847
-0.03129
-0.00051
0.05103
-0.00704
-0.02862
-0.05931
0.04501
-0.01610
-0.07779
-0.04981
-0.01185
-0.00631
-0.06899
0.00104
0.01482
0.01107
-0.02613
0.02337
0.04099
0.02246
0.07714
-0.07855
-0.00560
-0.03617
0.01097
0.03406
-0.01048
0.00910
0.02726
0.02953
-0.06855
-0.04324
-0.01993
0.00597
-0.01951
-0.01589
-0.04584
-0.01640
0.02749
0.00618
0.01573
-0.01938
-0.07417
-0.06008
-0.02583
0.02093
-0.00687
-0.00280
-0.02351
-0.00844
0.03916
0.01770
-0.02142
0.04646
-0.03991
-0.00558
-0.01073
-0.01955
0.02062
0.03873
0.02050
-0.02211
0.06871
0.02307
0.00216
-0.04387
0.03690
-0.03375
0.02794
-0.00994
-0.01513
-0.00988
0.02581
-0.01193
0.05683
-0.01123
0.03514
0.01429
-0.07885
-0.01577
-0.05605
-0.09594
-0.01798
-0.04078
-0.04343
0.02122
-0.02686
-0.03584
0.01293
0.02716
0.03698
0.02045
-0.02749
-0.04290
0.01773
0.00180
0.02080
-0.01613
0.01093
0.00190
-0.10492
-0.07340
-0.08624
-0.02067
-0.04709
0.00408
0.02708
-0.00417
-0.01946
-0.03455
-0.00559
0.09128
0.01428
0.02262
0.01557
0.04585
0.06956
0.04885
0.09737
-0.01213
0.06580
0.03491
0.04938
-0.02307
-0.07011
-0.02411
-0.00110
-0.02140
-0.06983
-0.00358
0.04568
-0.02003
-0.02032
-0.01608
-0.01461
-0.06049
0.02899
0.02562
0.06180
-0.00148
0.01509
0.05041
0.00084
-0.01282
-0.01800
0.03820
-0.03041
0.07817
0.03103
-0.00661
0.02893
0.01066
-0.08541
0.00559
0.01559
-0.01886
0.01342
0.02126
0.03443
-0.02930
-0.02948
-0.00437
0.01078
-0.00233
-0.02257
0.04839
-0.00358
-0.02616
0.03654
-0.04340
0.01082
-0.00890
0.00699
-0.01127
-0.00026
-0.01747
0.02698
0.02020
0.03030
0.04735
-0.02300
-0.01199
-0.01917
-0.03773
0.04087
-0.03754
-0.01136
-0.00508
0.00861
0.01257
0.00468
-0.02573
0.01417
-0.00094
-0.04553
0.01478
0.03535
-0.04405
0.07741
0.00125
0.01221
0.01091
-0.01273
-0.03389
-0.03298
0.00910
-0.08813
0.02251
0.00759
0.01174
-0.03745
0.05144
-0.00244
-0.00323
0.08069
0.03833
-0.04048
-0.03900
0.07495
0.02533
-0.01575
-0.00403
-0.01000
-0.03870
-0.00287
0.04613
0.05161
0.02605
0.01330
0.01546
0.02797
-0.05101
