0.04643
0.06256
0.04341
0.01538
-0.00067
0.01090
-0.00507
-0.04406
0.00399
0.05215
0.06974
-0.02023
0.00646
0.02125
-0.02462
-0.02572
0.06513
0.03299
-0.01694
0.01589
0.01020
-0.00070
0.07912
-0.01449
-0.00535
0.02929
0.01643
-0.02429
0.04255
0.01560
0.03915
0.07838
0.02551
0.04483
-0.00216
-0.06830
-0.01256
-0.08328
-0.00314
-0.00155
-0.03800
-0.05978
0.01623
0.07810
-0.03933
-0.00601
0.00650
0.04105
-0.02910
0.00880
-0.00910
-0.07462
0.02818
0.04114
0.06878
-0.03636
-0.02829
0.00054
-0.00729
0.01745
-0.00014
0.05658
-0.05613
0.03331
0.03573
-0.05498
-0.04332
-0.00896
0.02697
0.02165
0.04274
0.05818
-0.03052
0.06526
-0.03281
0.02658
-0.00358
-0.00424
-0.00814
0.00821
0.07195
-0.03705
-0.04726
0.01524
0.05632
0.03027
-0.03701
0.00688
0.03276
-0.02714
0.00261
-0.03930
0.00893
0.02975
0.06653
0.03148
-0.04529
0.08248
0.02691
0.03260
0.03433
0.06372
-0.02458
0.02409
0.03940
0.03258
-0.00073
-0.04998
-0.00996
-0.01100
0.04341
-0.01598
0.00553
-0.09980
-0.09141
0.04660
-0.00291
-0.02229
0.01863
0.07450
0.08550
0.03803
-0.02875
-0.02698
-0.06961
-0.03383
0.08636
-0.07973
0.05212
-0.00941
0.02645
0.05401
-0.04089
0.04123
-0.03453
-0.02692
-0.05438
-0.11445
0.01036
0.02956
-0.03039
0.03130
-0.04253
-0.06086
-0.02754
0.00431
0.03661
-0.01394
-0.01927
-0.05240
0.05893
0.02548
-0.00015
0.09463
-0.00443
0.02041
-0.15739
-0.00375
-0.00046
-0.11925
0.03573
0.07871
-0.00635
0.04003
0.05074
-0.02228
0.00206
0.04177
-0.07429
0.01237
-0.04851
-0.03327
-0.05300
0.01027
0.01208
0.03834
-0.07092
0.07430
0.01923
-0.01399
0.03780
-0.00741
0.00439
0.02806
0.06963
-0.01598
0.08334
0.01824
0.01021
0.05623
0.02063
0.04806
0.01799
-0.05876
0.02387
-0.01535
-0.08580
-0.01807
0.06085
0.00951
0.10427
-0.00833
0.06743
0.00228
0.03242
0.01259
0.01510
-0.01217
0.00338
0.00861
-0.03214
-0.01255
0.01404
0.02053
-0.02050
-0.00066
0.09677
-0.01081
-0.03008
0.03507
-0.02312
-0.03423
0.06444
0.01860
-0.03730
-0.00973
0.00998
0.04951
-0.00519
-0.04685
0.03421
-0.02157
-0.03804
0.01815
-0.02860
-0.04613
-0.03930
0.03118
0.03659
0.04656
0.01376
0.01406
-0.02259
0.03799
0.02908
0.03955
-0.03653
-0.00920
-0.00724
0.04358
-0.00182
-0.00500
0.09212
-0.01655
-0.09651
-0.00247
-0.01078
0.03830
0.05082
-0.01118
-0.05009
-0.04668
0.08188
-0.00571
-0.00674
-0.04701
0.01593
0.04880
0.03858
-0.06717
0.12416
0.00465
0.07425
0.05302
-0.01205
0.08959
0.00150
0.09308
-0.03415
-0.00393
0.00355
0.02442
-0.04157
0.00992
0.02559
-0.07622
0.01165
-0.03184
-0.02375
0.00169
-0.01685
-0.03293
-0.07662
0.02028
-0.00961
-0.02614
-0.05837
-0.05328
-0.01303
-0.03981
0.02312
-0.01241
-0.03833
0.00907
0.07097
0.00011
-0.02061
0.04987
-0.02795
0.00847
-0.05464
0.00828
0.02818
0.04711
0.04280
0.01211
-0.04347
0.03288
0.06100
-0.00675
-0.03404
-0.02750
0.01281
0.03947
-0.05959
0.03525
-0.02736
0.07753
0.01219
-0.04261
0.02061
0.02112
-0.06017
0.03019
0.02955
0.02715
0.02806
-0.04382
-0.03437
-0.00009
0.02227
0.00733
-0.03225
-0.05141
0.04963
0.01421
-0.01608
0.00151
0.03031
0.00585
0.06190
-0.01707
0.00888
0.00978
0.03221
0.02984
0.00433
-0.00879
0.00076
0.02583
-0.06898
-0.09588
-0.00635
-0.03387
0.02372
0.01986
-0.03970
-0.04408
-0.01688
0.04518
-0.04551
-0.03937
-0.04380
0.01020
0.06946
0.07934
-0.00417
0.05352
0.02743
0.05990
0.01657
-0.05196
-0.05510
0.02661
0.00472
-0.00960
-0.00297
0.10336
-0.01042
0.02246
-0.05455
0.01658
-0.01393
0.07267
0.02687
-0.03962
-0.02727
0.05884
0.04366
-0.11496
-0.00522
-0.00559
0.11894
0.00296
0.02991
-0.04867
-0.03175
-0.00334
0.01398
-0.01777
0.08648
-0.04206
-0.00407
-0.00914
-0.01429
-0.02748
0.06234
0.02767
0.03166
-0.02184
0.04018
0.00473
-0.01153
0.04712
-0.00378
0.05060
-0.02434
0.01068
0.02195
-0.00929
0.00586
0.02739
-0.05833
0.00669
0.05640
0.05126
-0.05302
-0.06248
-0.01518
-0.01195
-0.05401
-0.02341
-0.02947
0.00806
-0.00026
0.00276
-0.02673
0.05220
0.00333
-0.01581
0.02361
-0.00426
0.02563
-0.03581
0.01662
0.02117
-0.08517
0.05077
0.05248
0.05078
0.02187
0.05364
-0.00814
0.05855
0.01751
-0.03681
0.00085
-0.06775
0.04884
0.02555
0.05271
-0.04133
0.00113
-0.03369
-0.06165
-0.01619
0.05428
-0.01267
-0.01283
0.03636
0.07683
0.04353
-0.04498
0.05221
-0.09301
-0.05490
-0.01882
0.15570
0.02113
-0.07743
0.01035
-0.04976
-0.01848
-0.00294
0.02345
-0.04333
-0.03141
0.02721
0.03835
-0.06292
-0.01614
-0.04501
0.03526
-0.00821
-0.02924
0.01042
-0.03692
0.03512
-0.00225
-0.04940
0.04167
-0.00480
