0.01077
-0.03981
-0.09207
-0.00582
0.00886
-0.07157
0.01660
0.06332
0.05493
-0.04471
-0.06531
0.02293
-0.02862
0.01486
0.00848
0.01113
-0.00713
-0.02074
0.04611
0.00745
0.02398
-0.03634
0.02941
0.05127
0.07373
-0.01998
-0.01491
-0.03254
0.07873
0.06959
-0.00328
-0.08419
-0.05535
-0.02239
0.02449
0.00844
-0.01532
-0.02509
0.02094
0.09074
-0.01486
0.04796
-0.08030
0.04093
0.02773
0.02967
-0.05530
0.02295
-0.02534
0.05037
0.00250
-0.04622
-0.03352
0.02598
-0.07038
0.02274
-0.01511
-0.01022
-0.00820
-0.03798
-0.00324
0.02454
-0.03188
0.00804
0.00899
0.02361
-0.00310
-0.00208
-0.00185
-0.07321
-0.03974
0.01260
-0.02738
0.00529
0.03189
-0.00359
0.04131
0.00218
-0.00430
0.06880
0.03049
-0.01671
0.01403
0.00892
0.01938
0.01869
-0.02292
0.04696
-0.00864
0.01622
0.09376
-0.04978
0.05891
-0.05485
-0.02983
-0.01699
0.00822
0.00147
-0.03097
0.03300
-0.00182
-0.02830
0.04674
0.01831
0.01268
0.00657
-0.04013
0.03712
0.04490
-0.03996
0.07527
0.02404
0.03326
-0.01868
0.06714
-0.05237
-0.03527
-0.02546
-0.04389
0.01519
0.02391
0.06968
0.02999
-0.00432
0.02608
-0.04856
-0.07156
-0.03077
-0.02006
0.02653
-0.01993
-0.00807
0.00890
-0.01202
0.01099
-0.00806
0.04887
-0.00736
0.05481
0.02606
-0.03498
0.03546
-0.00877
0.06102
0.09536
-0.01469
-0.00646
0.08504
-0.02237
-0.09509
-0.04561
-0.00191
0.03199
0.00697
-0.02146
-0.04889
0.03204
0.06170
-0.01224
-0.00703
0.05104
-0.00006
-0.04074
-0.02729
0.09969
0.12429
-0.01649
0.00325
-0.03593
-0.00016
-0.03583
-0.06984
0.05565
-0.00398
0.07176
-0.03055
-0.00632
-0.08094
-0.04472
0.00685
0.02872
-0.05079
-0.03223
-0.00237
-0.01416
-0.00940
-0.03225
-0.10533
-0.02860
-0.02282
-0.03824
-0.05450
0.05849
-0.01966
0.01056
-0.03900
0.02564
0.04721
0.02421
0.04797
-0.01966
-0.01131
0.00958
-0.04044
0.05403
0.00451
0.06633
-0.02067
0.08140
0.06344
-0.01397
0.02187
-0.03947
-0.05029
0.00256
0.02051
-0.05720
-0.01242
0.01223
-0.06106
-0.05417
-0.05537
-0.00045
-0.04677
-0.04051
0.00012
0.01617
-0.02067
-0.01555
-0.04882
-0.04062
-0.00151
0.00786
-0.00254
0.03320
0.05433
0.01115
-0.00884
-0.07617
0.03558
-0.00018
-0.01048
0.03608
0.03461
0.01685
0.06386
-0.02786
0.04203
-0.07247
-0.01447
0.07697
0.09887
-0.00572
0.00381
0.01883
-0.05750
-0.01375
-0.01178
0.02464
0.00912
-0.01874
-0.03273
-0.04878
-0.01528
-0.00027
0.07629
0.02120
0.00539
-0.13726
-0.02289
-0.08606
-0.01993
-0.04134
0.02569
-0.00324
-0.03681
0.03242
0.02100
-0.00738
-0.04671
-0.00258
-0.02425
0.03925
0.03174
0.03949
-0.05182
0.03765
0.02958
0.00219
0.02055
-0.00918
-0.05763
-0.01626
-0.00259
-0.03267
0.05049
-0.05288
0.01623
-0.03922
0.06481
0.00879
0.02009
-0.00196
0.04067
-0.03987
-0.01725
0.01875
-0.01096
0.03559
-0.00952
-0.06092
0.00023
0.06421
0.01326
-0.02381
0.00323
-0.00695
-0.01239
-0.00626
0.00257
-0.04689
0.00799
0.02282
0.00301
-0.07672
0.01486
0.02160
-0.02664
-0.06388
0.03069
0.00723
-0.02762
-0.03609
0.08026
0.00352
-0.06810
-0.05244
0.07861
0.07590
0.00060
0.06755
0.00358
0.00424
0.05334
-0.00417
-0.04265
0.01945
-0.00377
-0.02048
0.00387
0.03142
-0.01902
0.04068
-0.03469
-0.03040
0.03371
0.00017
-0.03917
-0.01640
-0.04428
0.00277
0.00782
0.01747
0.08981
0.05449
0.02689
0.07014
-0.01916
0.01691
0.00487
-0.02523
-0.00537
0.05175
-0.00846
-0.01542
0.00339
-0.00470
-0.04793
0.03918
0.00058
0.03333
-0.00099
-0.00251
0.07850
-0.01458
0.03256
-0.01539
0.01132
-0.04050
0.00449
0.05236
0.00962
-0.01431
-0.02244
0.00164
-0.00946
0.07504
0.00108
0.00436
-0.04880
0.03555
0.00031
0.00296
0.01131
-0.03885
0.01472
-0.03715
-0.05293
-0.00591
-0.03180
0.00126
-0.01432
-0.07459
-0.08100
-0.01222
-0.03577
0.05751
-0.03195
0.02429
-0.02640
-0.01961
0.07372
0.02167
-0.01875
-0.01863
0.01954
0.00437
-0.00753
-0.02624
-0.03137
0.05416
0.04846
-0.00081
0.05290
-0.06946
-0.03775
0.07804
0.03990
-0.02916
0.07265
-0.01079
-0.03492
-0.04452
0.06405
0.02390
0.03641
-0.03042
-0.06534
0.05937
0.00163
0.03681
-0.01648
-0.06591
0.03686
0.03979
0.00720
0.02256
-0.00258
0.03732
0.00706
0.04419
-0.04659
-0.05069
-0.03876
-0.00251
-0.01505
-0.03519
0.00149
0.02454
0.05199
-0.01363
0.09136
0.02829
-0.06284
0.03952
0.01241
-0.05155
-0.05536
0.04204
0.02235
-0.00992
0.02999
0.01646
0.09388
0.03035
0.02886
-0.04258
0.02082
0.05823
-0.01221
0.04997
-0.03628
0.00925
0.00158
0.06904
0.08113
-0.02298
-0.01118
0.01654
-0.02745
0.00292
0.00704
-0.01529
-0.01571
0.02763
0.05383
0.02521
0.06224
-0.03982
-0.04746
0.06274
-0.09670
