0.04285
0.03778
-0.03168
0.07062
-0.02607
-0.01348
-0.01890
0.08712
0.00842
-0.02247
-0.01326
-0.03713
-0.04230
-0.04998
-0.00462
0.00091
0.07374
0.05888
0.07357
-0.01589
0.00123
0.00760
0.02631
-0.00677
0.05305
0.00117
0.06255
0.00648
0.09002
0.04098
0.01289
0.02409
-0.02115
-0.02357
0.05051
-0.08554
-0.07124
-0.06967
0.01746
-0.00343
-0.00031
-0.02957
-0.03909
-0.01012
-0.00132
-0.02923
-0.08977
-0.00398
-0.00080
0.05323
0.00994
-0.03290
0.02758
0.00940
-0.00560
0.00894
-0.02052
0.01339
0.02001
0.05146
0.00684
-0.00971
0.02204
0.09819
-0.01291
-0.01009
-0.02376
-0.03410
0.01198
-0.10576
-0.04573
0.00194
-0.03269
0.03821
0.02982
0.03294
0.02445
-0.03689
0.06408
0.00885
0.07007
-0.05130
-0.07199
-0.02540
0.05541
0.02584
0.00993
0.05349
0.06754
-0.01074
-0.04006
-0.07686
0.04184
0.00167
-0.04476
0.03165
-0.06570
-0.01308
-0.04732
0.06355
0.01437
-0.03372
0.00689
0.01334
0.05521
0.00849
-0.01887
-0.03002
0.07862
-0.04348
0.05157
-0.00608
-0.00391
-0.04683
0.00146
0.02831
-0.06234
0.00713
-0.06790
0.08330
0.04479
0.02930
-0.01525
0.01381
-0.01391
-0.05774
0.07336
-0.07093
-0.00601
0.07174
-0.02306
-0.05921
0.03437
-0.05740
0.01418
0.06646
0.01982
-0.04562
0.06751
0.03171
0.03419
0.03644
-0.01052
-0.01906
-0.00905
0.00591
0.01411
0.08725
-0.02300
-0.03609
-0.00022
0.07671
0.04566
-0.01946
0.03351
-0.02952
-0.03885
0.00929
-0.00593
-0.01343
0.03695
0.03045
0.01640
0.01511
0.05012
0.02242
-0.01783
0.08006
-0.06359
0.05101
-0.03205
-0.02765
0.05819
-0.00779
-0.02074
-0.00222
-0.09130
-0.01134
-0.03200
0.02833
-0.00108
-0.00516
0.03843
0.00390
0.03530
-0.04720
0.00978
-0.07409
-0.03960
0.03315
-0.03234
0.09139
0.08539
-0.08164
0.05782
-0.00833
-0.03332
-0.06557
0.10258
-0.09027
0.07708
-0.01226
0.08971
-0.02607
0.01836
-0.06216
0.00775
0.01347
-0.02786
0.05258
-0.02045
0.01388
-0.02448
-0.00907
-0.03812
0.03600
0.04477
0.00437
-0.04164
0.00131
0.04008
0.07096
0.04886
0.05430
0.00520
-0.01015
0.01195
-0.01315
-0.00971
-0.03311
0.01789
-0.03843
0.00473
-0.04075
-0.06643
0.08911
-0.00684
0.02504
-0.01927
0.02405
-0.07502
-0.03223
-0.02753
0.02146
0.07462
0.09685
-0.06550
-0.07668
0.04804
-0.03387
-0.02648
0.06132
0.06395
0.05567
-0.06774
-0.04567
-0.04101
0.01967
-0.00037
0.00592
0.00144
-0.01919
0.03780
-0.00671
0.00183
-0.03704
0.00994
-0.00459
-0.08818
-0.04233
0.00127
0.02482
0.04204
-0.00371
-0.00006
0.06909
-0.05789
-0.04670
-0.02796
0.05652
-0.03404
0.02279
-0.06730
-0.00308
0.01234
0.02952
0.05124
0.03564
-0.04152
0.00852
-0.01089
-0.04495
0.00318
0.00621
-0.00820
0.06515
-0.03700
-0.03701
0.01732
0.03535
0.02720
-0.00489
0.00909
0.01177
-0.05535
-0.01641
0.04728
0.03114
-0.04553
-0.06849
-0.10172
-0.03403
0.03097
-0.01723
0.03603
0.01850
0.04467
-0.06559
0.05425
-0.10149
-0.00100
-0.04425
-0.01335
-0.00351
-0.01473
-0.01079
0.01722
0.02170
-0.03924
0.03233
0.01059
0.06695
-0.06752
0.05601
0.05003
0.08494
-0.00352
0.04011
-0.02537
-0.02636
0.04650
-0.02708
0.01776
0.03534
-0.00212
-0.04104
0.05583
0.04627
-0.03334
0.05318
0.01381
-0.01774
-0.02705
0.01636
-0.04865
0.06812
0.05823
-0.02146
-0.02954
-0.03479
-0.00274
-0.00015
-0.00137
0.03763
0.02155
0.06989
0.01774
-0.01671
-0.03177
0.06205
-0.03309
0.03595
0.01644
0.03461
0.00532
0.03262
-0.03386
0.01507
0.01275
-0.01488
-0.04045
0.10480
0.01193
0.06234
0.08319
-0.06302
0.00199
0.04789
-0.06723
-0.00602
0.03599
-0.02787
-0.08306
-0.05971
-0.00039
-0.06984
-0.01826
0.03343
-0.03026
-0.05729
-0.02222
-0.05630
-0.00830
0.06079
-0.04506
-0.01008
-0.01599
0.00185
0.07972
-0.03114
0.07311
0.01058
-0.06461
-0.08456
-0.05422
-0.02161
-0.00124
0.02918
0.00880
0.03349
0.06964
0.00699
0.06050
0.02437
-0.01077
-0.01745
-0.00452
-0.03191
0.03020
-0.06013
-0.04336
-0.01897
0.04077
-0.02986
-0.03696
-0.02576
-0.00448
-0.11060
-0.02548
0.05194
-0.04156
0.01942
-0.05298
0.00549
0.00501
-0.01337
-0.01671
0.04032
-0.01168
-0.02989
0.05324
-0.07918
0.02585
0.00507
-0.00211
-0.03543
-0.03395
0.03377
0.00389
0.11587
0.01023
0.07511
0.01735
0.07295
0.01056
0.04778
0.05646
-0.10915
0.05756
-0.02142
-0.02254
-0.03242
0.01718
-0.03136
-0.00365
0.05090
-0.05858
-0.00512
0.01457
-0.01120
0.03360
-0.02774
0.02327
0.08718
-0.00945
-0.03379
-0.04869
0.07442
0.00014
-0.03125
0.01576
-0.03589
-0.02090
-0.04366
0.03817
0.00147
0.03032
-0.03362
-0.01791
-0.07995
0.04680
0.00055
-0.01806
-0.00289
-0.00527
-0.01713
-0.01054
0.02968
-0.02564
-0.08781
-0.02600
-0.04553
