0.01555
0.02271
-0.07985
-0.04809
-0.00181
0.02694
-0.00459
0.03216
0.03120
-0.05873
0.00538
-0.01375
0.01542
-0.00016
0.04411
0.06033
0.02855
-0.00651
-0.02069
0.01770
-0.01479
-0.07261
-0.01220
-0.01550
0.03698
-0.09151
-0.01848
-0.02389
-0.00451
0.03922
0.04418
-0.02685
-0.01594
0.06932
-0.00101
-0.02172
0.06828
-0.04896
0.03431
-0.01372
-0.01255
-0.02817
-0.03091
0.00434
0.04249
0.03238
0.01195
-0.01981
0.02679
0.01449
0.02838
0.02161
-0.03435
-0.02520
-0.03299
0.02403
-0.04100
-0.03970
0.02915
0.05377
-0.01310
0.02918
-0.04775
0.02069
-0.06396
0.02071
0.00520
0.01189
0.05428
-0.05799
-0.10293
-0.06440
-0.01474
0.01953
0.04160
-0.01316
-0.02603
-0.06511
-0.00642
0.03346
-0.03004
-0.02904
0.00164
-0.01468
0.00694
-0.03504
-0.01884
0.04708
-0.01695
0.03574
-0.03884
-0.03108
0.06456
-0.02447
-0.04949
0.00435
-0.03395
0.01356
0.02356
-0.01696
0.01772
0.07264
0.03670
-0.02073
0.01981
-0.00278
-0.07450
-0.07912
-0.01322
-0.06213
0.00161
0.01471
-0.03790
-0.02234
0.07033
0.07612
0.05882
-0.06555
-0.00163
-0.00534
-0.00310
0.07255
0.05267
0.03392
0.06774
-0.02036
-0.01310
-0.05984
-0.02221
0.00250
-0.02945
0.07988
-0.00867
-0.07725
0.03893
-0.05751
-0.00820
-0.06330
0.03572
-0.01509
0.02216
-0.01327
-0.06036
-0.00200
0.11519
-0.04754
-0.02480
0.04075
0.01135
-0.01066
-0.00914
-0.04094
0.07101
0.01704
-0.00564
-0.04484
0.04572
0.01194
0.03959
-0.05250
0.06961
0.00491
-0.00957
-0.04918
0.09472
0.03883
-0.02015
0.05516
-0.00603
0.02094
0.02604
0.11083
0.05162
-0.01506
0.00800
-0.07855
0.00462
-0.04795
-0.03385
0.02425
0.02363
0.01373
-0.03603
-0.04188
0.02134
0.02502
-0.00626
-0.00332
-0.03529
-0.00352
-0.05280
-0.01521
0.07042
-0.03860
-0.00124
-0.07399
0.10113
-0.00026
0.02697
-0.02004
0.00701
-0.05325
0.11168
-0.02565
0.03616
0.01844
-0.03340
-0.00085
-0.01191
0.14735
-0.03917
0.03422
-0.03191
-0.05764
0.02011
0.04399
-0.00980
-0.03606
0.05647
-0.08254
-0.02405
-0.00412
0.00399
-0.04147
0.04263
0.01553
0.04861
0.01009
-0.02307
0.05388
-0.00279
-0.07821
-0.00305
0.03172
0.07275
0.02748
0.00218
-0.07030
0.01623
-0.00517
0.07682
0.03604
0.09250
-0.05760
0.01005
0.05209
-0.03980
0.03407
-0.04631
-0.03110
-0.00593
0.03269
0.02873
-0.02175
0.05824
-0.09275
0.05476
-0.00703
0.06421
0.01227
-0.02812
-0.06451
0.01790
-0.04387
0.02702
-0.00395
0.01732
0.01095
-0.04791
-0.06378
-0.07151
0.01623
-0.02169
0.00289
-0.01927
-0.00552
-0.00833
0.01576
-0.01135
-0.03843
-0.08409
0.00671
0.06170
0.03124
0.00999
-0.06027
0.03064
-0.01400
-0.06993
-0.01259
-0.02051
0.06092
-0.04075
-0.01666
-0.00603
0.09944
-0.03189
0.00619
0.03355
0.02231
0.05708
-0.01183
-0.02607
-0.01184
0.00726
-0.00949
0.05023
-0.04748
-0.00968
-0.03478
-0.05707
-0.05661
0.00813
-0.07982
-0.00459
-0.06974
-0.07812
-0.02004
0.01702
-0.00373
-0.02464
-0.04892
-0.04427
0.00347
-0.03989
0.01910
0.03136
-0.00490
-0.02740
0.06035
0.00588
-0.03750
-0.06324
0.00152
-0.05359
-0.00677
0.04270
-0.02446
0.09364
0.03925
0.05128
-0.09791
-0.00184
0.04218
-0.00330
-0.03056
0.04810
-0.00185
-0.03566
0.05850
0.03412
-0.01683
0.05033
-0.00372
0.08323
0.03194
0.01871
-0.00479
-0.14047
-0.04747
-0.00171
-0.06607
-0.06286
-0.06048
-0.01429
0.01677
-0.00629
0.00309
-0.04683
0.03920
-0.00786
0.00335
0.00045
-0.03139
0.00457
-0.00123
-0.00789
-0.07048
0.00166
0.05707
-0.07998
-0.02629
-0.02116
0.00224
-0.01760
-0.02956
0.00656
0.03167
-0.02584
-0.00073
-0.00926
0.05992
-0.05517
0.03910
-0.01875
0.03133
0.06779
0.01800
0.02861
-0.01787
0.03599
-0.01669
0.06041
-0.03550
-0.08653
-0.03769
0.02078
-0.02005
-0.04058
-0.02284
0.01865
-0.03241
-0.00856
0.01502
-0.11421
-0.01630
0.00863
0.02616
0.08507
-0.01926
-0.02285
0.00985
-0.06761
0.01357
0.01868
0.06211
-0.05263
0.02890
-0.00730
-0.02742
0.01030
-0.02572
0.00377
-0.01221
0.00011
-0.01694
0.06944
0.00778
-0.05564
-0.00032
-0.02831
-0.00453
0.02711
0.03566
0.01717
0.08481
0.02994
-0.10030
0.09168
-0.00369
0.01302
-0.00250
0.02765
-0.00359
-0.07333
-0.05678
0.02009
0.05630
0.01783
0.08131
-0.04458
-0.03292
0.01359
-0.04796
-0.04933
-0.01751
-0.05534
-0.01283
0.03641
0.04387
-0.00597
0.04566
-0.03345
0.01023
0.00201
-0.00623
-0.04223
-0.05794
0.04927
0.00160
-0.01457
-0.03008
0.00485
-0.01462
0.03100
0.04297
-0.04659
-0.03522
0.08935
-0.02554
-0.07552
-0.04522
-0.01463
0.07779
0.05465
0.05750
0.02011
-0.04260
0.02948
0.03040
0.01018
-0.03972
-0.04158
-0.00636
-0.00539
0.04658
0.07158
0.02431
0.04619
0.02530
0.02959
-0.04085
