-0.00491
0.03268
-0.08114
0.00679
-0.01189
-0.00014
-0.02862
0.03080
-0.03430
0.07392
-0.00203
0.01916
0.03575
0.02108
0.04476
-0.02200
-0.01823
0.07928
-0.03444
0.04604
-0.01291
0.01900
0.02365
-0.00227
0.03008
0.00601
-0.03560
-0.03769
-0.01388
-0.01203
0.02668
0.02182
-0.03310
0.02371
-0.01154
-0.08432
0.01487
-0.08187
-0.01308
-0.08045
-0.06718
-0.00918
-0.05088
-0.00366
-0.01561
0.05126
0.00910
-0.01527
0.00621
-0.02257
-0.03383
-0.06663
-0.00444
-0.04771
-0.01946
-0.01863
-0.08839
-0.00692
-0.00543
0.04058
-0.03795
0.07514
-0.03997
0.05922
-0.04882
-0.06603
-0.04602
-0.02644
0.05222
0.03890
-0.06195
-0.01542
0.02248
0.05579
0.04479
-0.02542
-0.05627
-0.06697
0.08925
-0.02853
0.07864
-0.01954
0.01254
-0.00550
-0.05939
0.00785
-0.02152
0.05116
-0.02623
-0.03902
-0.04190
0.05212
0.05705
0.05671
0.00521
0.04193
-0.01772
-0.01654
0.01359
0.01710
0.01708
0.08729
0.04547
0.00896
-0.00076
-0.06577
-0.10438
-0.10151
-0.03065
-0.05001
0.02184
0.00575
-0.03233
0.00184
0.01213
0.04066
0.03829
0.01108
-0.09336
0.03607
0.05034
0.01520
0.02812
-0.00102
0.03210
-0.00355
0.01069
-0.00799
-0.00190
-0.02929
0.03166
0.00131
0.00021
-0.02468
0.02969
-0.00337
0.01137
-0.02539
-0.01308
0.03528
-0.05871
0.05145
-0.01379
-0.01611
0.09137
-0.00982
-0.05540
0.01251
0.05286
0.00025
-0.04960
0.00083
0.07139
0.04921
0.03998
-0.08491
-0.01660
-0.03326
-0.08627
-0.10166
0.00998
0.05433
0.01081
0.00233
0.06135
-0.02078
-0.06155
0.05327
-0.05241
0.02154
0.00127
0.02762
0.01196
0.07834
-0.09732
-0.05915
-0.00460
0.08373
-0.04082
0.09095
0.01807
-0.02152
0.06869
0.01021
0.07479
-0.01887
0.07772
-0.04299
0.01273
-0.03534
-0.01008
0.02818
0.10340
-0.02297
0.02479
0.01462
0.00291
-0.05133
0.10648
0.00975
0.06309
-0.00878
0.01807
-0.00590
0.02073
0.00884
0.01843
0.02485
0.01778
0.04728
-0.02462
0.05529
-0.05407
0.03312
0.04521
0.06970
0.04674
0.00029
-0.00228
-0.06971
-0.01209
0.11389
0.05196
0.01590
0.10763
0.01262
-0.00507
0.03900
0.04356
0.05214
-0.00264
-0.03021
0.00458
0.00673
-0.04039
0.03885
-0.07213
0.00319
0.06339
-0.02909
-0.01567
0.02210
-0.00103
0.02528
0.00782
0.07805
0.00183
0.02096
0.07014
0.06558
-0.03416
-0.01789
0.05781
0.02122
0.02305
-0.06590
0.01388
0.06187
0.01986
-0.04312
-0.03156
-0.03096
-0.00072
-0.03974
0.03819
-0.08850
0.02236
0.01458
0.03253
-0.02113
0.02579
-0.08741
0.04130
0.03522
-0.00521
0.04814
0.01532
0.03434
0.03449
0.07108
-0.00873
-0.00351
-0.08377
-0.00922
0.01032
0.04361
-0.00324
-0.05758
-0.05653
0.02980
-0.01756
0.01162
-0.00159
0.05402
-0.05447
0.00218
-0.01493
-0.07145
-0.04157
0.04280
0.04812
0.00173
0.03104
0.04748
0.04222
-0.01007
-0.00709
-0.06191
-0.09488
-0.06848
-0.05513
0.02631
0.00496
-0.00780
0.05129
-0.03003
-0.05501
-0.05624
0.03087
0.00474
-0.02457
-0.04290
-0.03553
0.03488
-0.02476
0.00246
0.02878
-0.01731
-0.04481
0.00063
0.03163
-0.01243
-0.07497
-0.03688
-0.03632
-0.01514
0.05330
-0.01209
-0.01309
-0.01148
0.06919
-0.02127
0.02452
-0.01429
0.05029
0.01750
-0.00346
0.05285
0.02077
0.10314
0.04603
-0.03290
-0.03038
0.02958
0.04808
0.06457
-0.03550
-0.02208
-0.02117
-0.04575
0.03940
-0.06439
-0.02686
-0.02278
0.01803
-0.00974
0.00791
0.01450
-0.07434
0.02084
0.01577
0.00576
0.06303
-0.01022
0.01640
0.02882
-0.04715
0.03509
-0.00190
0.04988
-0.02037
0.00397
0.07292
0.03345
0.01801
-0.07788
-0.03473
-0.00800
-0.01690
0.06384
-0.03483
-0.01772
0.00400
0.00301
0.02081
0.06046
-0.02242
0.01430
-0.02074
-0.01646
-0.05128
-0.03757
0.05488
0.04915
-0.01394
-0.02989
0.03461
0.09356
-0.01980
0.02891
0.01931
-0.00451
0.06342
0.05010
-0.08163
0.03014
0.06410
0.03201
0.00862
-0.04182
-0.02630
-0.05606
-0.07215
0.00906
0.03395
0.07205
0.00384
-0.02437
0.00972
-0.03514
0.02518
-0.03170
0.02337
-0.01902
0.03345
0.05163
-0.02478
-0.04864
-0.03405
0.00455
-0.04083
0.01433
-0.04507
0.04786
0.01928
0.04042
-0.05344
-0.01021
0.06046
-0.04600
0.04587
0.02579
0.07846
0.00224
-0.01245
-0.02918
-0.02946
0.04124
0.07169
0.04051
-0.00711
0.03736
0.02636
-0.03059
0.01480
0.05394
-0.04304
-0.04524
0.03456
0.03587
-0.02717
0.01415
-0.01771
-0.01779
0.00517
-0.01138
-0.05533
-0.06817
0.04723
0.07753
0.00090
-0.02315
-0.01153
0.04708
0.04605
-0.07523
-0.07647
-0.02700
0.09713
-0.04489
-0.08760
-0.09558
-0.03770
0.06342
0.03677
-0.09183
0.03828
0.03723
-0.00390
-0.02300
0.03915
-0.03415
-0.00809
-0.03682
-0.05591
0.01051
-0.05485
0.05577
0.05404
-0.03668
0.03484
-0.01929
