-0.05147
-0.06061
-0.02537
0.01049
0.06383
-0.00291
-0.01896
-0.01546
0.03290
-0.04221
-0.00288
0.02473
0.00786
0.01787
0.05359
0.04279
0.05104
0.06959
-0.02591
-0.03365
-0.06593
-0.01898
0.04068
-0.01189
-0.04439
-0.01516
-0.05874
-0.03673
0.05031
0.04291
-0.04761
0.00190
-0.01182
-0.02229
-0.06436
-0.00909
0.00885
-0.03490
-0.08110
0.09800
-0.04172
0.00519
-0.04913
0.05185
0.05919
-0.01138
0.09882
0.05205
-0.06266
0.00935
-0.04214
0.06510
0.04559
0.03728
-0.01278
0.02979
0.00066
-0.00620
0.02330
-0.01739
0.00745
-0.02333
-0.04067
-0.03477
-0.02283
0.07908
-0.08514
0.03846
-0.05864
-0.02795
-0.03129
-0.01540
0.04739
-0.03718
0.00381
-0.00368
0.01204
-0.00676
-0.03892
0.00187
-0.00935
-0.00602
-0.00249
0.04079
0.01002
-0.02225
-0.07342
0.09330
-0.02072
-0.01032
0.07187
0.00108
0.08989
0.00071
-0.00099
-0.02054
-0.05962
0.04450
0.02411
0.00538
0.00722
-0.01187
0.00762
-0.02278
0.03860
0.01610
-0.03966
-0.08405
-0.04178
-0.04984
-0.01767
0.06513
-0.10172
0.01940
0.00864
0.05640
0.02804
-0.03208
-0.04056
-0.02602
0.02159
-0.01274
0.04676
0.02558
0.05097
-0.04510
-0.02824
-0.03256
0.05897
-0.01448
-0.00337
-0.00759
0.06467
-0.00231
-0.03348
-0.03742
-0.02499
-0.08745
0.04592
-0.03809
-0.05469
0.03971
-0.06824
0.04085
0.09948
-0.02005
0.00149
-0.04979
-0.01257
0.02293
0.00510
-0.03584
-0.01196
0.03724
0.03499
-0.04393
-0.00796
0.00987
0.05716
-0.06507
0.04560
-0.01671
-0.04441
0.01422
0.05042
0.03853
-0.03677
0.03748
0.00266
-0.03069
-0.01596
-0.01887
0.00751
-0.00411
-0.03975
-0.01867
0.03305
0.00098
-0.03434
-0.00106
0.02509
-0.01778
-0.04753
-0.00902
0.03590
0.00321
-0.02520
-0.01361
-0.01832
-0.01921
-0.03079
-0.01385
0.03591
0.03592
-0.03083
-0.02195
0.01684
0.00088
-0.02074
0.01983
0.03643
-0.03031
0.03594
-0.08222
-0.07979
-0.01686
0.03595
-0.00929
0.05256
0.06359
-0.02319
0.01601
-0.01755
0.03575
-0.00828
0.01372
-0.04341
0.02353
-0.04397
-0.02887
-0.05894
-0.03732
0.02711
-0.08124
-0.00006
-0.03034
-0.01362
0.02667
-0.01147
0.05045
-0.06569
-0.04696
0.00350
-0.00713
0.01147
-0.00628
0.03171
-0.00654
0.03592
0.00209
0.01563
-0.04069
0.03559
0.01486
-0.04742
0.02147
-0.03922
0.02215
-0.04747
0.00961
0.11241
0.06630
-0.00014
-0.03374
0.00799
0.03309
-0.00325
0.02230
0.05111
-0.01292
-0.03155
-0.05573
-0.01107
0.08002
-0.00950
0.01404
0.02783
-0.07120
-0.08840
-0.00094
-0.07765
-0.05454
-0.01326
-0.02742
-0.00963
-0.03806
-0.00027
0.06876
-0.01061
0.02137
0.02850
0.00952
-0.02079
0.03701
0.00631
0.03042
-0.01888
-0.01786
0.03942
-0.06911
-0.00785
0.03023
0.03580
-0.00553
0.01525
0.04803
0.00541
-0.04147
0.05145
0.04994
0.02103
0.06242
0.05549
0.01040
0.02344
-0.01940
0.06994
-0.02854
-0.05540
-0.03739
-0.04677
0.03422
0.03820
-0.00148
0.03112
0.02916
-0.03718
0.03765
0.01835
0.03618
-0.02268
0.00941
0.02380
0.07148
-0.04238
-0.01455
0.00199
0.06349
-0.02058
0.08323
-0.01564
-0.01344
0.00059
-0.00318
-0.08764
-0.03235
0.02356
-0.00441
0.06123
0.01497
-0.04131
-0.00510
-0.00934
0.04903
0.04274
-0.01626
-0.01744
0.01995
0.03737
0.01725
0.08241
0.00348
-0.00979
-0.08104
0.03175
0.04446
-0.00937
-0.03821
-0.01209
0.00372
-0.05437
-0.03767
-0.05343
0.03753
0.02813
0.03264
0.02732
0.02722
0.01310
-0.01826
-0.01740
-0.02703
0.04032
-0.01402
0.02798
0.06381
-0.01224
-0.05903
-0.00311
-0.06456
-0.04895
-0.08175
-0.02198
0.02773
-0.06581
0.04359
-0.04435
-0.05749
0.02024
-0.06869
0.02430
0.00004
0.02993
0.00027
0.00539
0.02699
0.07236
-0.00608
-0.01238
-0.04216
-0.03812
0.04715
-0.00250
-0.01655
-0.03679
-0.02399
-0.00262
-0.03431
-0.03415
0.02974
0.02475
0.02816
-0.00633
-0.05782
0.00186
0.10505
-0.01479
-0.01662
0.05697
-0.00988
-0.04250
-0.00531
-0.02358
0.01979
-0.05386
0.02290
-0.01621
0.02312
-0.01350
0.02462
-0.02040
0.04803
-0.02156
0.03432
-0.06214
-0.03366
0.07167
-0.00038
-0.02011
0.04273
0.02562
0.00880
-0.05097
-0.02369
0.01122
0.03629
-0.01518
-0.10573
-0.00587
-0.00631
-0.03735
0.09043
-0.02500
-0.02032
0.04088
-0.02419
-0.01295
0.04577
0.01777
0.03147
0.00364
-0.04131
-0.03099
-0.02520
0.02820
-0.04346
-0.05495
-0.01014
0.01365
0.04849
-0.08184
0.03286
-0.04145
-0.00261
-0.00821
-0.05214
-0.00674
-0.04469
0.01857
0.06061
0.00129
-0.03432
-0.03130
-0.02754
0.06296
0.05735
-0.04273
-0.05473
0.05103
-0.02995
-0.03111
-0.04072
-0.04074
-0.00999
0.02127
-0.05411
0.00295
0.04594
0.00220
0.05078
-0.10817
-0.01689
-0.04396
0.02900
-0.04080
0.08565
0.07289
-0.00174
0.04634
-0.02146
0.00259
-0.05867
