0.01363
-0.01574
-0.03760
-0.00043
-0.01156
-0.03687
-0.03019
0.00466
0.02028
-0.03966
0.04609
-0.00534
0.00895
0.03754
0.03977
-0.04094
0.00129
0.01824
0.06043
0.01989
-0.08166
0.01406
0.03112
-0.06450
0.01415
-0.06151
-0.04812
-0.03448
0.09503
0.04107
0.02368
0.02740
0.00429
0.05694
0.02294
-0.04999
-0.04949
0.00253
-0.00643
0.10661
-0.00072
-0.04669
-0.02338
0.09974
-0.00619
-0.05576
-0.00997
0.02409
-0.06722
-0.01322
-0.04535
-0.06292
0.00748
0.04182
-0.00048
0.04324
-0.05307
0.03145
0.01268
-0.01482
0.02857
0.05743
-0.00835
0.01097
0.05682
0.05386
0.00446
-0.04324
-0.07316
-0.05125
0.02865
0.01818
-0.01374
-0.00571
-0.04795
-0.02662
0.03450
-0.02381
0.03777
-0.00021
0.07724
0.05597
-0.08496
0.08342
0.08237
0.01538
-0.02947
0.06165
-0.00576
0.00084
0.13364
-0.04649
0.05427
-0.09168
0.02393
-0.03437
-0.04109
0.09294
-0.04446
-0.00297
0.05597
0.01488
0.05747
0.02213
0.00310
0.05703
0.03362
0.01521
-0.04113
0.00735
-0.01479
0.02472
-0.02028
-0.01399
-0.06268
0.02108
0.00351
0.08750
-0.02114
0.04845
-0.05605
0.01232
0.03305
0.03904
-0.08313
0.01002
0.03683
-0.08170
0.01720
0.03838
-0.03648
-0.02782
0.05802
-0.00105
0.00473
-0.03661
-0.01237
-0.04760
0.05497
0.04695
-0.05124
0.03088
-0.01821
0.00175
0.00506
0.00729
-0.05869
0.05582
-0.00321
-0.05969
0.11498
0.02517
-0.02989
0.03201
0.00514
-0.03291
-0.03518
-0.03337
0.00522
-0.03515
0.01580
0.01875
0.01742
0.00390
0.04293
0.00480
-0.03619
0.01674
-0.01578
0.05157
-0.08747
-0.01456
-0.00722
-0.02522
-0.03904
-0.00554
0.02049
0.01612
0.01214
-0.03487
0.03684
-0.00497
-0.02080
0.06108
0.01194
0.04311
0.06514
0.01738
-0.02714
0.01731
0.05846
-0.02078
0.05347
0.03679
0.01954
0.00851
-0.04574
0.02641
0.02666
0.04039
0.06947
-0.02443
0.05910
-0.04339
0.00199
0.00886
0.01876
0.03245
0.08418
0.06885
-0.07848
-0.03711
-0.07714
0.03366
-0.07335
-0.02772
-0.00137
0.01711
-0.04169
0.04563
-0.05309
0.00128
0.01760
-0.01029
-0.01933
0.01980
0.08531
-0.00342
-0.10031
0.01489
-0.01102
-0.03522
0.00600
-0.03741
-0.06196
0.01756
0.00854
0.02427
0.00325
0.01923
-0.02842
-0.01838
-0.01349
0.00722
-0.04932
0.00585
-0.07345
0.03358
-0.04796
0.05632
0.05176
0.07153
-0.03762
0.00953
-0.07419
0.06936
0.02856
0.02554
0.05851
0.00799
-0.05034
-0.06426
0.03206
0.00856
0.01173
0.06005
0.05518
0.03442
-0.03348
-0.03992
-0.01615
-0.06588
0.00898
0.07551
-0.04654
0.02439
-0.00346
-0.01636
-0.01021
0.00588
0.02239
0.06409
-0.03140
-0.00553
0.06308
-0.03443
-0.04069
0.01225
0.07127
-0.00083
0.02689
-0.01512
0.01986
-0.00707
-0.00849
-0.00419
-0.00875
-0.03129
0.03352
0.02795
-0.03630
0.05370
-0.00154
-0.03356
0.02054
-0.01213
0.04781
0.03164
-0.04501
0.02659
-0.09121
0.06459
0.11541
0.03948
0.02726
-0.02009
-0.04920
0.00152
0.04274
0.02337
-0.04641
-0.03569
0.02544
0.04177
-0.00243
-0.01533
0.02245
0.08260
0.00662
0.06726
-0.00479
0.00771
-0.10339
0.03900
0.02023
-0.01624
-0.04564
-0.01705
0.00840
0.02657
0.03703
0.02964
-0.00839
-0.02495
-0.02003
0.01395
-0.03976
-0.03399
-0.00401
0.10488
0.05242
-0.03804
0.01143
0.01285
-0.01920
-0.02323
0.03398
-0.02110
0.05378
-0.04995
-0.09153
-0.05062
-0.04782
0.02711
0.02768
0.01622
0.02855
-0.00098
-0.06121
-0.00115
-0.06665
-0.06858
-0.03726
0.02705
0.05903
0.05206
0.00682
-0.00017
0.04198
-0.02225
0.03536
-0.07851
-0.06328
0.00996
-0.03113
-0.02197
-0.00109
0.04603
0.03605
-0.04233
0.03497
-0.00579
-0.00297
-0.03952
0.08138
-0.01709
-0.00594
0.03473
-0.02515
-0.02821
-0.01061
0.03934
0.05391
-0.01090
0.00926
0.02199
-0.02491
-0.08055
0.03802
-0.08274
0.01176
0.04016
-0.00737
-0.09456
0.03407
0.00478
0.03124
0.03881
-0.02329
-0.01955
-0.00460
0.03756
-0.01477
0.12539
-0.00537
-0.01370
0.01525
0.00568
-0.01901
-0.00957
0.01883
0.02872
-0.02532
0.00424
-0.02758
0.04279
0.03624
-0.09296
-0.07396
0.04331
-0.00282
-0.06189
-0.02112
0.01667
0.03575
0.04256
0.01125
-0.03956
-0.03205
0.02898
0.02725
0.05339
-0.01894
-0.00037
0.02886
-0.00351
-0.05254
0.03372
0.02365
0.01219
0.01408
-0.01976
-0.02881
0.00982
-0.01675
-0.05891
-0.01217
-0.05025
0.01554
0.07928
-0.00727
0.03918
0.03649
-0.08178
-0.00240
-0.05444
-0.01629
-0.02043
0.02068
0.05953
0.01425
-0.00375
-0.03003
0.10448
-0.01370
-0.02021
-0.05230
0.05657
0.01689
-0.04239
-0.02738
-0.06111
-0.05222
-0.04484
-0.04015
-0.06531
0.04194
-0.00191
-0.00683
-0.05265
-0.06093
0.00196
-0.06404
0.04346
-0.07914
0.01202
0.00108
-0.00497
-0.05116
-0.02705
0.03931
-0.02138
