0.02922
-0.00745
-0.07797
-0.01788
0.01224
0.01945
0.04541
0.06075
-0.05727
-0.02691
-0.01543
0.03170
0.00472
-0.04389
-0.00197
0.01839
0.02636
0.00312
-0.01704
-0.04639
-0.04214
-0.02660
0.00974
-0.05171
0.03181
-0.05850
0.03377
-0.04687
0.06068
0.02897
0.01077
-0.01193
0.03071
0.03003
-0.03140
-0.01288
0.04269
-0.01857
-0.00160
-0.00409
-0.02507
0.00109
0.00173
-0.01400
0.03952
0.03029
-0.02264
-0.02782
-0.00308
0.00471
-0.02204
-0.00367
0.01185
0.00340
-0.06676
0.00468
-0.00904
0.06028
-0.00821
0.01332
-0.01907
0.02872
-0.05751
-0.00230
-0.02918
0.02188
0.00201
-0.00449
0.02045
-0.04513
-0.06050
-0.02042
0.01343
0.03167
0.02930
-0.00632
-0.00776
-0.01837
-0.04493
0.02425
-0.02620
-0.01039
0.03556
-0.05696
0.03541
-0.00440
-0.05439
0.04189
-0.01509
0.00960
-0.00076
-0.07380
0.02566
-0.06591
-0.01083
-0.01595
-0.00452
0.02149
-0.05133
0.03333
-0.00834
0.01027
0.04111
0.00406
0.01194
-0.02829
-0.00086
-0.06835
0.00333
-0.08082
0.01099
0.04037
-0.03951
-0.09114
0.05653
0.02919
0.02164
-0.04972
0.06784
0.02703
-0.01246
0.04806
0.02011
-0.01881
-0.00902
-0.04793
0.03525
-0.06834
0.01430
-0.03477
-0.00215
0.02985
0.00642
0.00981
-0.03971
-0.05833
0.02287
-0.03272
0.03586
-0.02551
0.00513
0.02898
-0.07368
0.05093
0.03182
-0.02510
-0.01912
-0.02613
0.03326
0.01965
0.02495
-0.02535
-0.02746
0.02482
0.05826
0.01229
-0.04601
0.02377
0.03874
0.00028
0.06032
0.01353
-0.01451
-0.01889
0.04484
0.09046
-0.01851
0.02349
-0.01462
0.05839
-0.03529
0.02111
0.00054
-0.03208
0.02812
-0.01244
0.01789
-0.06573
-0.01085
-0.02197
0.04371
-0.03776
-0.00050
0.01446
0.05291
-0.01638
0.01948
-0.03774
0.03013
0.04199
-0.03475
0.00441
0.01371
-0.04428
0.03329
-0.02827
0.04625
0.02308
0.01603
0.00144
0.00227
-0.04516
0.05695
-0.04470
0.02163
0.03491
-0.02527
-0.02119
-0.00729
0.06821
-0.01239
-0.00035
-0.00064
-0.02644
0.00167
0.02703
-0.01540
-0.02843
0.00262
0.01234
-0.05770
-0.02592
-0.02365
-0.05427
-0.01970
-0.03301
0.03471
0.01560
-0.01864
0.01412
-0.02028
0.01586
-0.01217
-0.03194
0.00474
-0.00345
0.07435
-0.04428
0.00098
-0.01977
0.05903
-0.00077
0.02339
-0.01054
0.02344
0.00473
-0.03763
-0.04161
-0.08417
-0.02722
0.04745
0.07151
0.02933
-0.00337
-0.01804
-0.05971
0.02616
0.01015
0.07304
0.02755
0.00946
-0.00100
-0.03472
-0.00206
-0.01638
0.00642
0.01476
-0.00356
-0.05455
-0.08822
-0.02625
0.06219
-0.00092
-0.01776
-0.00835
-0.02535
-0.00588
0.02026
0.00530
-0.00758
-0.01380
0.04719
-0.01404
-0.01881
-0.01131
-0.07456
0.06370
0.00500
-0.01574
-0.05052
-0.06481
-0.03279
-0.04932
0.02151
0.02285
0.03026
-0.01785
0.05642
0.01760
0.04799
0.08588
-0.03231
0.00385
0.00908
-0.01396
-0.02074
0.01883
-0.03965
-0.00682
0.00838
-0.01914
-0.00210
0.00659
-0.01636
0.00805
0.00502
-0.02301
0.00120
0.00073
-0.02561
0.04791
-0.05218
-0.04402
0.02237
-0.03431
-0.00723
0.00381
-0.03048
-0.02991
-0.02056
0.02321
0.00793
-0.00222
0.02937
-0.04561
0.03198
-0.00767
-0.03779
0.06144
0.02529
0.03691
-0.01138
-0.01139
0.01830
-0.01433
-0.03871
0.02016
-0.03354
0.03054
0.00845
0.01681
0.02390
0.05227
-0.00709
0.01068
0.04050
0.04120
0.03955
-0.07711
0.00133
-0.06154
-0.09530
-0.02715
0.00915
0.01779
0.05070
0.03800
-0.01239
-0.00194
0.06676
-0.00509
-0.02658
-0.02872
-0.02651
0.00839
0.00966
0.02372
-0.04855
-0.01482
-0.00754
-0.06486
-0.03241
-0.03725
-0.01271
0.01469
0.01874
0.01496
-0.00184
-0.00180
-0.00781
-0.00116
0.07651
-0.03472
0.00498
0.01318
0.05325
0.11327
0.04586
0.02832
-0.00783
0.01204
0.02196
0.03051
0.01265
-0.05499
-0.03360
-0.04327
-0.05736
-0.03218
-0.00016
0.05604
-0.06895
-0.06514
-0.01918
-0.05216
-0.01165
0.03166
0.03136
0.03188
-0.01984
-0.01961
0.08282
0.02591
0.01620
-0.04335
0.03545
-0.01306
0.04838
-0.00005
0.00422
-0.01011
0.06413
-0.06469
-0.00361
-0.03107
-0.02165
0.01167
0.01322
0.03214
-0.01844
-0.03502
-0.00642
0.01730
-0.00268
0.01212
0.01356
0.02401
-0.01305
-0.00497
-0.04449
0.04523
-0.01928
0.00120
-0.05065
0.00352
-0.00261
0.05276
0.05764
0.02415
0.05299
0.00349
0.03549
0.03753
-0.03814
-0.00182
0.00845
-0.00845
-0.00307
0.04821
-0.00410
0.01739
0.00031
0.02419
-0.01054
-0.01395
-0.01685
0.00959
-0.03060
0.04060
0.01815
0.03122
-0.00824
0.01995
-0.01865
0.04918
0.01281
-0.05373
-0.00997
0.03630
0.02552
-0.01734
-0.01729
-0.02854
-0.03587
0.08930
-0.00926
0.00602
0.00215
0.05691
0.02438
-0.03454
-0.02663
-0.01816
0.01401
-0.04195
0.05985
0.05869
0.04163
0.01691
-0.02178
-0.01345
-0.03391
