0.03879
0.03140
-0.03617
0.02701
0.00854
0.01444
-0.03361
-0.00001
-0.04653
0.03787
0.00578
0.00795
0.02704
0.01241
0.02462
-0.05595
0.02060
0.04875
0.01866
0.04978
0.10582
0.04898
0.08829
0.03185
0.06652
0.03675
0.08293
-0.00336
0.11072
-0.00691
0.07193
0.01646
-0.03938
-0.00205
0.07485
-0.04057
-0.00833
-0.05990
0.03421
0.00476
-0.03959
-0.01183
-0.02226
-0.02102
-0.06440
-0.00190
-0.05008
-0.03159
-0.02770
0.04287
-0.02984
-0.09605
0.00819
0.00892
0.02793
-0.03828
0.02010
0.00865
0.03993
0.00625
0.06664
0.06240
-0.05108
0.01952
0.05794
-0.04356
0.00748
-0.08310
0.02442
0.01263
-0.04417
0.04236
-0.05135
0.06366
0.07448
0.01882
-0.01587
-0.01849
0.00614
0.00372
0.06713
-0.07153
-0.00427
-0.04138
0.02335
-0.01348
-0.02597
0.08057
-0.04816
-0.01622
0.02016
-0.06644
0.01963
0.02581
-0.00112
-0.01257
0.01351
-0.01537
-0.00194
0.07341
0.01272
0.00367
0.06177
-0.00528
0.00638
-0.02030
-0.09385
-0.07351
0.00570
0.01781
0.04380
0.03196
0.00644
-0.07814
0.00070
-0.03579
-0.05640
-0.00508
-0.03969
0.08051
0.06012
0.06280
-0.06527
0.00759
-0.03117
-0.01906
0.03716
-0.06501
0.01738
0.01923
0.05051
0.01614
-0.01438
-0.00262
-0.01897
0.02315
0.03751
-0.00649
0.00516
-0.00726
-0.02935
0.03595
0.03207
-0.00102
0.00501
0.01579
-0.02760
0.00644
0.04281
-0.07918
-0.04213
0.05718
0.02260
0.04228
0.05249
-0.07330
-0.08000
0.05061
-0.04116
-0.06625
-0.00412
0.02908
0.02018
0.05743
0.07491
0.06119
-0.00774
-0.05167
-0.03769
-0.01356
-0.05291
-0.06998
0.03812
-0.00603
-0.00643
-0.06526
-0.06246
0.02927
-0.06370
0.04588
0.02500
-0.08205
0.00363
-0.01263
0.03117
0.00223
0.03753
-0.06598
-0.04954
-0.00249
-0.06951
0.06390
0.08624
-0.04346
-0.01953
0.02257
-0.06145
-0.01959
0.11810
0.00852
0.02014
0.01303
-0.00619
-0.03136
0.02489
-0.01477
-0.02915
-0.05043
0.00821
0.01761
-0.02867
0.02280
-0.04622
0.02758
-0.02091
0.06924
0.06319
-0.04773
-0.03794
-0.02301
-0.00992
0.01926
0.03656
0.04860
0.02361
-0.02551
-0.03602
-0.04073
0.06134
-0.05977
0.00995
0.04024
0.03074
-0.03036
0.01294
0.01888
-0.02385
0.03215
0.01096
0.00654
-0.04314
0.00646
-0.02619
0.04283
0.01221
0.06511
-0.04352
-0.02958
-0.01221
0.02973
0.00060
0.00601
0.01998
-0.01929
0.01387
-0.10099
-0.01340
0.04476
0.05911
-0.03705
-0.02304
-0.04317
-0.00036
-0.02413
0.01091
-0.08782
-0.00742
0.04618
-0.02842
-0.05176
0.13037
0.04478
0.02872
0.02115
0.00642
0.08525
0.00903
0.03656
-0.01820
0.03221
0.06621
-0.05063
-0.07723
0.02655
0.04611
-0.04985
0.02661
-0.07885
-0.02369
0.04230
-0.01415
-0.05833
-0.04937
0.02879
-0.06627
0.02281
-0.06201
-0.01235
-0.04705
0.02030
0.10323
0.01778
-0.00534
0.03339
0.00177
-0.07614
0.03340
0.05604
-0.07416
-0.04796
-0.05252
-0.03258
0.02097
0.03117
0.00927
0.07315
0.00486
-0.07749
-0.00363
-0.00290
-0.01039
-0.08340
-0.03448
0.01773
-0.06256
0.01259
0.01203
-0.01691
-0.02041
-0.00222
0.01334
-0.02636
-0.06011
-0.01394
-0.00933
-0.00259
-0.04733
-0.01406
-0.03297
0.03849
0.05995
-0.03170
-0.04342
0.05073
0.07920
0.03381
-0.01545
0.01514
0.01689
0.04860
0.00999
-0.06370
0.02167
0.04420
-0.01592
0.06293
-0.00070
-0.01016
-0.03626
0.02453
0.02497
-0.05219
-0.06816
-0.00378
0.05537
0.05399
0.03147
0.00462
-0.06289
0.03770
-0.02169
-0.00323
-0.00148
0.03392
0.03278
-0.03598
-0.04223
-0.00304
-0.01024
0.00446
0.01923
0.03286
0.03476
0.00228
0.02323
-0.04556
-0.01936
0.02250
-0.02029
0.08781
-0.00408
0.03295
-0.03646
0.03109
0.01462
0.01544
0.00146
0.09557
-0.00720
-0.06412
-0.03466
0.03591
0.09256
0.02873
-0.00665
0.00373
-0.05447
0.03708
0.01419
0.00114
0.04841
-0.04263
-0.02023
0.02953
-0.05196
-0.06987
0.07724
-0.00829
0.00467
-0.05864
0.00061
0.01825
-0.02554
0.01842
0.01471
0.04968
0.03444
-0.04797
0.02740
0.01415
-0.01803
0.06037
0.00254
-0.00179
0.01178
0.01387
-0.00561
-0.03080
-0.00705
0.01080
0.02710
-0.00095
-0.07419
-0.00252
0.03274
-0.01744
-0.05530
0.06244
-0.00249
0.00494
0.10645
-0.03914
0.01010
0.02864
0.05998
0.03876
-0.02095
0.04141
0.08310
0.05937
0.00756
0.08043
0.00868
0.05410
0.02519
0.00734
-0.01189
-0.04782
0.03726
0.02336
0.00962
0.02100
0.05425
-0.03622
0.01662
-0.00495
-0.00517
-0.09175
-0.00842
0.00893
0.05851
0.03681
0.02158
0.07727
0.01015
-0.05922
0.01125
0.09369
0.03112
-0.03583
0.05896
-0.09092
0.02750
0.06084
0.05504
0.00205
0.03803
0.00010
-0.01417
-0.04207
0.05217
-0.01099
0.06286
-0.05489
-0.05674
-0.00252
0.01906
0.06859
-0.03954
-0.01654
0.05731
0.00470
