-0.01492
0.08153
0.05167
0.04584
-0.01846
-0.07008
-0.06232
-0.01700
0.04457
-0.04433
0.01721
-0.05792
-0.05543
-0.00333
-0.00470
-0.01231
-0.00287
0.01315
-0.01808
0.03513
0.03003
0.00394
-0.06158
-0.02681
-0.01536
-0.00835
0.03927
0.01511
0.07742
-0.01692
-0.01213
0.03494
0.02536
-0.02138
0.00939
-0.03629
0.01667
-0.09644
0.09202
0.02995
-0.02039
-0.05052
-0.02671
-0.00986
0.04438
0.01700
-0.03436
-0.01392
0.08958
0.04973
0.06736
-0.00067
-0.07349
0.00055
0.06817
-0.01719
-0.01419
-0.02461
0.02731
-0.00135
0.01103
-0.02957
-0.00647
-0.01607
-0.03358
0.07237
-0.02018
0.07636
-0.00602
-0.09436
0.04044
0.01036
-0.01373
0.07182
0.03094
-0.01254
0.05017
-0.00192
-0.07677
0.02681
0.00752
0.00002
0.04212
-0.01461
-0.00319
-0.04292
0.05847
-0.01368
0.06776
0.08335
-0.02833
-0.01615
0.05327
0.03644
-0.11732
0.06883
-0.04435
0.04059
-0.03545
0.00476
-0.01594
-0.01019
0.03611
-0.08778
-0.02661
-0.00755
0.04705
-0.04786
-0.04201
-0.02643
0.07038
-0.04758
-0.00255
0.12083
0.03443
0.05279
0.02280
-0.01929
0.01022
0.01737
0.02905
0.06479
0.00169
0.08331
0.01323
-0.06798
-0.00724
-0.03670
0.01833
0.04440
0.01883
-0.02359
-0.04182
-0.01591
0.01508
-0.01396
-0.02449
-0.05553
-0.01704
-0.00136
0.04095
0.02759
-0.06986
-0.02928
0.07640
0.05454
0.01017
0.01180
0.00805
-0.04203
0.00918
0.06561
-0.00420
-0.02118
-0.00131
-0.03009
0.03617
-0.04679
-0.02359
0.00773
0.04039
-0.04352
-0.02184
-0.02205
0.02658
-0.02284
0.06110
0.06907
-0.02927
0.01890
-0.02764
0.05132
0.00461
-0.04576
-0.03673
-0.07869
-0.02247
-0.04511
0.01359
0.03240
0.11435
-0.01917
-0.02205
-0.02732
-0.01726
0.01163
-0.10161
-0.08046
-0.04495
0.07776
-0.05358
0.06444
0.00389
0.05117
-0.00405
-0.05055
-0.02609
-0.05896
0.03503
-0.03979
-0.05120
-0.04744
0.00202
0.09157
0.00776
-0.10328
0.00201
0.00875
-0.04848
0.09728
0.06736
-0.01724
0.00953
0.02373
-0.04927
0.02923
-0.05230
0.00271
-0.01557
-0.03993
0.06160
0.02977
0.03049
-0.01197
-0.03662
0.07069
0.00277
0.03064
0.05962
0.05085
0.00518
-0.12054
-0.00653
0.03484
-0.02444
0.07259
-0.09133
0.02558
0.01562
0.07832
-0.00469
0.05114
0.05810
0.00729
0.02234
-0.00120
-0.07739
-0.01795
0.08003
-0.11566
-0.03669
0.01476
-0.04527
-0.04306
0.02665
-0.03681
0.04622
0.00187
0.03306
-0.01575
-0.03430
0.02489
-0.01666
-0.02907
0.03152
0.01723
0.02027
-0.03160
-0.04689
-0.00431
-0.03859
0.00916
0.03018
0.00228
0.08626
0.05370
-0.01148
0.01814
0.01650
0.03365
-0.03285
0.00928
-0.03364
0.02554
0.03994
-0.00349
-0.00238
0.03712
-0.02156
0.03355
-0.04640
0.02604
-0.03593
-0.08291
-0.05539
0.08436
-0.03586
-0.01914
0.00589
0.03522
-0.05652
-0.02120
-0.00544
0.01221
-0.05531
-0.07051
0.10308
0.01771
-0.05487
-0.05723
-0.01203
-0.01574
0.05441
-0.05652
-0.02264
-0.02157
0.01700
-0.08344
0.04266
0.07312
0.01154
0.02098
0.02326
0.03325
0.07007
-0.11740
0.07859
0.01322
-0.02912
0.04074
-0.02819
-0.03656
0.01274
0.06576
-0.01110
-0.00060
-0.05223
-0.05238
0.07916
-0.04938
0.03062
-0.00088
-0.01020
0.01081
0.05034
0.02903
-0.01598
0.00254
-0.00933
0.04489
0.02668
-0.07380
-0.01629
0.06919
0.01135
0.04046
-0.02203
0.03973
-0.04967
0.02056
0.00259
-0.00622
0.01342
0.03610
0.04701
-0.08154
-0.01152
-0.00679
-0.09273
0.01962
0.04534
-0.04384
-0.01751
-0.06440
-0.02768
0.02938
-0.02745
-0.00092
-0.05757
-0.00056
-0.05185
0.04070
0.00481
0.02498
-0.02803
-0.01933
-0.10990
0.00982
-0.05476
0.01760
-0.02128
-0.02942
-0.05938
-0.07806
0.00360
-0.01302
0.06199
-0.02349
-0.04956
0.00540
0.02226
-0.04483
-0.05668
0.01286
-0.05103
-0.03157
-0.01136
-0.01853
0.02668
0.02535
-0.03063
-0.04318
0.01057
0.01476
-0.00958
0.02841
-0.03338
0.08726
-0.00492
0.05481
-0.02635
0.04075
0.02511
-0.07714
-0.03083
-0.00752
-0.06845
-0.01445
-0.00675
-0.03619
0.01962
-0.02242
0.00320
0.01121
-0.08764
-0.03630
0.02659
-0.03741
0.02824
0.06604
0.06614
0.06573
-0.08876
-0.02549
-0.05725
0.07339
0.03221
-0.06686
0.03643
-0.01609
0.04223
-0.00252
-0.03478
0.05593
-0.03575
-0.00416
-0.00300
-0.03675
0.00538
0.10387
-0.01990
-0.11012
-0.01815
-0.04809
-0.04649
0.02576
-0.01004
-0.02260
0.05983
0.00337
-0.01102
0.09508
0.05038
-0.04449
0.07469
0.00202
-0.05975
-0.04879
0.01210
0.03452
0.01741
0.07111
-0.00276
0.09289
-0.01483
-0.05550
0.03033
0.02064
0.02523
0.00249
-0.02276
0.03554
-0.00626
-0.03616
0.00002
0.01773
0.00157
0.00518
-0.01606
-0.03445
0.01816
0.02889
-0.02421
-0.00928
0.05073
0.02221
-0.01140
-0.03778
-0.01918
-0.03372
0.08705
0.00719
