-0.02925
0.07208
0.02927
-0.00043
-0.01699
-0.10847
0.01033
-0.05692
0.05835
0.00998
-0.02823
-0.05913
-0.08770
0.00148
0.04947
0.01477
0.01668
-0.00784
-0.02405
0.09286
-0.00131
0.01505
-0.03515
0.00857
0.00931
-0.05090
0.00335
-0.01165
0.01658
-0.01747
-0.06028
0.04338
-0.02334
0.02576
0.04203
-0.03323
0.01193
-0.06694
0.06596
0.03370
0.02165
-0.04991
-0.04800
-0.01889
0.00393
0.03603
-0.01112
-0.03740
0.08693
0.09459
0.10470
-0.01838
-0.10809
-0.02172
0.04073
-0.07042
-0.06143
-0.03024
0.03560
0.02421
-0.02735
-0.04776
0.03990
-0.01370
-0.01412
0.01796
-0.01953
0.04003
-0.00339
-0.06359
0.01790
0.00734
-0.01784
0.04075
0.02216
-0.00629
0.06801
-0.01239
0.01425
0.04394
0.01174
-0.02175
-0.01318
-0.06586
-0.01507
-0.01576
0.03758
-0.03292
0.02208
0.06569
-0.02745
-0.00459
0.04751
-0.00932
-0.10847
0.00108
-0.02117
0.05232
-0.00482
-0.02929
-0.01270
0.02158
0.00594
-0.06615
-0.01347
-0.00742
0.04419
0.00115
-0.02780
-0.01252
0.00441
-0.10847
0.06989
0.09868
0.01357
0.01542
0.02295
-0.03064
-0.04240
-0.01697
0.02963
0.07768
0.01168
0.07746
0.06081
-0.06478
-0.00847
-0.02555
-0.03285
0.06915
-0.00496
-0.06551
-0.03616
-0.04250
0.02958
-0.04413
-0.02491
-0.02777
-0.00763
0.01504
0.09376
0.03731
-0.01047
0.01835
0.04166
0.07342
-0.00832
0.03216
-0.01719
-0.02652
-0.04607
0.05647
0.01279
-0.01496
-0.04759
-0.08113
0.04278
-0.03068
-0.07095
0.02839
0.02401
-0.02733
-0.00849
-0.00471
0.00093
-0.01798
0.03152
0.03242
0.00353
-0.05073
-0.03609
0.03085
0.03864
-0.00732
-0.04560
-0.06149
-0.01769
-0.04150
0.01935
0.02797
0.06555
-0.01246
0.03016
0.00331
-0.03450
-0.00866
-0.05278
-0.08413
-0.05607
0.08421
-0.02166
0.05702
0.02815
0.09670
-0.00423
-0.03509
-0.01483
-0.06525
0.04113
-0.06927
-0.04450
-0.05300
0.01767
0.08356
0.04552
-0.10830
0.05667
0.04892
-0.04439
0.09641
0.02905
-0.00084
-0.03529
-0.04013
-0.02698
0.01773
0.00986
-0.04972
-0.03632
0.03779
0.07289
0.07040
0.03087
-0.01604
0.00224
0.08231
0.03716
0.03778
0.03651
0.09688
-0.01132
-0.10847
-0.01761
0.04413
-0.03454
0.07924
-0.08818
0.00768
-0.01002
0.06480
0.02308
-0.00233
0.01360
0.01131
0.02260
0.01688
-0.06843
0.00501
0.12285
-0.10847
-0.01271
0.07049
-0.04735
-0.07438
-0.01945
-0.03676
0.00528
-0.02753
-0.06967
-0.00450
-0.01017
0.03460
-0.03580
-0.01750
0.04274
0.05563
-0.03223
-0.00317
-0.01911
-0.01819
-0.03367
-0.01492
-0.00941
0.02649
0.01988
0.03754
-0.04821
-0.00330
0.03622
0.06694
-0.03341
0.00242
-0.01056
0.03929
0.05139
-0.03793
-0.00806
0.04760
-0.04858
0.05462
-0.08585
0.05765
0.03852
-0.10762
-0.01769
0.05539
-0.07208
-0.01306
-0.00223
0.00057
-0.04454
-0.01637
-0.05312
0.01451
-0.04065
-0.05322
0.10724
-0.01391
-0.01033
-0.03452
-0.00208
0.01475
0.01483
-0.09899
-0.01253
-0.06206
-0.01224
-0.03074
0.01401
-0.00707
-0.00730
0.02798
0.05680
0.03362
0.04005
-0.08067
-0.01309
-0.00400
-0.05709
0.06004
-0.07063
-0.00338
0.01501
0.02672
-0.02584
0.01188
-0.03489
-0.02056
0.06991
-0.01710
-0.00972
0.01462
-0.07019
0.00651
0.06548
0.05416
-0.02652
0.02405
-0.04119
0.03844
0.03321
-0.06185
-0.01444
0.03724
-0.00689
0.05199
-0.05205
0.03029
-0.03786
0.00584
0.03166
0.01230
0.00799
0.02788
0.02875
-0.07918
-0.02525
0.00490
-0.07359
0.00575
-0.01475
0.00482
-0.00553
-0.01119
-0.02153
0.02945
-0.05224
0.00226
-0.07141
0.03642
-0.02361
0.06997
-0.00273
0.00679
0.01710
0.00605
-0.08042
0.07957
-0.04978
0.04850
-0.02961
-0.02816
-0.06005
-0.01828
-0.01537
-0.09473
0.00448
-0.07231
-0.05760
0.00280
0.02868
-0.07209
-0.04540
0.01232
-0.05097
-0.06997
0.02196
-0.04682
-0.00584
0.00142
-0.09953
-0.06690
-0.00155
0.03581
-0.03521
0.04349
-0.04419
0.04095
-0.02212
0.00589
-0.01164
0.00935
0.03039
-0.01107
0.02487
-0.01163
-0.02822
-0.03089
-0.04708
-0.02967
-0.02102
-0.07408
0.05572
-0.05667
-0.03744
-0.02074
0.00350
-0.04543
-0.02008
0.06266
-0.02195
0.02738
-0.00449
0.03388
-0.03449
0.02267
0.10343
-0.08293
0.04642
-0.00155
0.02915
-0.02463
-0.01586
0.04584
-0.04913
0.00514
0.02148
-0.02032
-0.00787
0.05965
-0.01052
-0.08394
0.00085
-0.03360
-0.07952
0.04264
0.00439
-0.03173
0.09527
-0.00120
0.00492
0.09779
0.00418
0.01002
0.07696
0.05296
-0.04830
-0.01014
0.02991
0.04777
0.00021
0.06462
-0.00901
0.07808
0.06349
-0.04912
0.04824
0.00004
0.05123
0.01431
-0.02553
-0.00415
-0.00455
-0.03398
-0.02564
0.04712
0.02839
0.03731
0.00593
-0.02812
0.05069
0.00672
-0.00384
0.03275
0.04696
0.01949
-0.05667
-0.02019
-0.00596
-0.02423
0.03426
0.00170
