-0.01822
0.08128
0.03882
0.00200
0.00042
-0.09714
-0.04398
-0.01009
0.04568
-0.05597
-0.02036
-0.06205
-0.08250
-0.00416
0.00694
0.00496
0.00460
0.02490
-0.03611
0.05859
0.05060
0.02010
-0.04953
0.01740
0.00959
-0.04429
0.06902
0.03014
0.05438
-0.02163
-0.02004
0.01682
0.01537
0.02594
0.07322
-0.03029
-0.01163
-0.06460
0.06857
0.04177
-0.01407
-0.04038
-0.01162
-0.01642
0.00497
0.01238
-0.03730
-0.02488
0.07850
0.11704
0.06751
0.03230
-0.05898
-0.00278
0.09830
0.00982
-0.01241
-0.04761
0.05581
-0.00771
0.01313
-0.01760
0.03815
-0.01731
0.02432
0.04208
-0.04046
0.06761
0.02940
-0.09534
-0.02141
0.00444
-0.05389
0.03763
0.06238
0.01763
0.04866
-0.03136
-0.05569
0.01631
-0.02238
-0.03066
0.03400
-0.04408
-0.01135
-0.04075
0.04262
-0.03695
0.04295
0.07227
-0.02964
-0.01962
0.07735
-0.01274
-0.11582
0.02893
-0.05626
0.01401
0.00791
-0.03382
-0.00753
0.01250
0.02428
-0.05532
-0.03492
0.01450
0.02721
-0.03317
-0.03038
-0.00419
0.00009
-0.06301
0.03426
0.10951
0.00922
0.01634
-0.00120
0.01354
-0.03614
-0.02801
0.00252
0.07048
0.00484
0.09673
0.02418
-0.01220
0.00194
-0.06977
-0.01348
0.05873
-0.02289
-0.01839
-0.03166
-0.07889
0.04187
-0.04754
-0.02699
-0.05074
-0.03314
-0.01698
0.08463
0.02657
-0.05241
-0.03547
0.04923
0.06161
-0.00281
0.01376
-0.01854
-0.01785
-0.01883
0.02418
-0.00726
-0.00221
-0.05344
-0.05324
0.02504
-0.01216
-0.02623
0.00998
0.02965
-0.03702
-0.03257
0.00364
0.01467
-0.00175
0.05288
0.03806
-0.02475
-0.03493
-0.02585
0.05885
0.01423
-0.04596
-0.01802
-0.07322
-0.03997
-0.02296
-0.04483
0.03096
0.09144
-0.01746
-0.00141
-0.02081
-0.00865
0.00619
-0.10349
-0.07847
-0.06272
0.07957
-0.03056
0.08429
0.01189
0.04979
-0.05767
-0.03643
-0.02703
-0.03999
0.01013
-0.05814
-0.05692
-0.00657
0.01302
0.04314
0.04583
-0.11289
-0.02926
0.00033
-0.07680
0.12120
0.09398
-0.00947
0.00057
-0.01074
-0.08227
0.03632
-0.04281
-0.03626
-0.04386
-0.01704
0.05233
0.03668
0.01793
0.03299
-0.01163
0.07744
0.02721
0.00569
0.04742
0.04975
0.01105
-0.11582
0.00427
-0.00580
0.03501
0.06574
-0.08443
0.03682
0.01757
0.08744
0.00841
0.00303
0.02689
-0.02067
-0.01117
0.03198
-0.06103
0.01623
0.08080
-0.11190
-0.04961
0.03635
-0.05211
-0.03551
0.04386
-0.04938
0.02801
0.02221
-0.01072
0.00221
0.00558
0.00119
-0.00040
-0.01298
0.01740
-0.01089
-0.04660
0.00276
-0.03581
0.00087
-0.01981
0.01316
0.01198
-0.00823
0.09751
0.06465
-0.02891
-0.00847
-0.00653
0.04629
-0.03855
-0.06599
-0.03751
0.01697
0.03069
-0.02756
0.00062
0.02547
-0.04522
0.05621
-0.08312
0.03868
-0.00420
-0.11438
-0.01078
0.06491
-0.06991
-0.03635
0.03030
0.00669
-0.03110
-0.00552
0.00784
0.00010
-0.01191
-0.06844
0.15461
0.01346
-0.04291
-0.05076
-0.02240
-0.00231
0.02660
-0.06011
0.01049
0.00067
-0.01954
-0.03002
0.02822
0.02464
0.00479
-0.03706
0.05501
0.02491
0.04005
-0.07650
0.03083
-0.01372
-0.03797
0.05944
-0.06713
-0.04985
-0.00109
0.06219
-0.02449
0.04349
-0.05009
-0.03768
0.03953
-0.00477
-0.01196
0.01252
-0.03781
0.02151
0.05866
0.05630
0.00307
0.08604
-0.02222
0.05652
-0.00877
-0.07083
0.04069
0.04184
-0.00711
0.03286
-0.03143
-0.00044
-0.06250
0.01592
-0.00648
-0.00017
0.00074
0.01276
0.02974
-0.03972
-0.02374
0.01587
-0.05315
0.00564
-0.00086
0.00951
-0.00823
-0.04313
-0.06268
0.03026
-0.04760
-0.04263
-0.08827
0.02443
-0.04367
0.08081
0.01612
-0.01234
-0.00329
0.00055
-0.03297
0.02643
-0.03346
0.01618
-0.06773
0.00904
-0.07603
-0.03450
-0.00148
-0.04755
0.05715
0.00467
-0.03443
-0.01298
0.06063
-0.04795
-0.04372
-0.03123
-0.06488
-0.03739
-0.03335
-0.04418
0.00147
0.02775
-0.10235
-0.01120
-0.00424
0.05078
-0.03732
-0.02259
-0.01769
0.03621
-0.00710
0.03137
-0.00669
0.06231
-0.00025
-0.02129
0.04678
-0.04961
-0.02894
-0.01471
-0.01436
-0.03106
-0.05006
-0.07365
-0.00127
-0.05608
-0.06472
-0.04363
0.06105
-0.03143
0.01630
0.02982
0.01799
0.02849
-0.05797
-0.04692
-0.02178
0.05953
0.08806
-0.05596
-0.00130
0.01973
0.06127
0.01511
0.01993
0.05020
-0.06914
-0.02956
0.01640
-0.01335
0.01347
0.09357
-0.02386
-0.05417
-0.02403
-0.02826
-0.02839
0.04358
0.00359
-0.07495
0.08813
-0.01457
-0.02313
0.12906
0.01827
-0.01529
0.03572
0.02419
-0.05258
-0.01835
0.00813
-0.04030
0.02146
0.05650
0.00981
0.08250
0.02327
-0.03020
0.05871
-0.00415
-0.00738
0.00484
-0.00663
-0.00218
0.04225
-0.01266
0.02428
0.03849
0.01754
0.00152
-0.03446
-0.02675
0.01135
0.01002
-0.01926
-0.00054
0.05201
0.01840
-0.00363
0.00702
-0.00532
-0.00777
0.06051
-0.03793
