-0.03017
0.07955
0.02786
-0.03473
0.00325
-0.10859
0.00033
-0.03670
0.05377
-0.00512
-0.03169
-0.08404
-0.10475
-0.02036
0.03696
0.01718
0.00282
-0.00195
-0.05712
0.09020
0.01019
0.01611
-0.05523
0.01095
-0.00933
-0.02693
0.01331
-0.01481
0.01785
-0.02759
-0.06095
0.04431
-0.01754
0.05495
0.08519
-0.02524
0.02143
-0.07900
0.04959
0.05726
0.01637
-0.04861
-0.02685
-0.01295
-0.02240
-0.00187
-0.01335
-0.01140
0.07426
0.11556
0.08514
0.01544
-0.08582
-0.01838
0.08023
-0.02924
-0.07014
-0.04834
0.03882
0.00174
-0.01252
-0.01453
0.02850
-0.02386
0.00281
-0.01284
-0.03810
0.07651
0.01966
-0.07908
-0.00771
0.00120
-0.07112
0.01257
0.03718
-0.00546
0.05771
-0.03111
-0.00424
0.00130
-0.02486
-0.02482
-0.00447
-0.05609
-0.03416
-0.02424
0.03659
-0.04930
0.03888
0.05957
-0.00637
-0.01367
0.06017
-0.03419
-0.10837
0.02579
-0.02138
0.02598
0.00333
-0.05263
-0.00794
0.02726
0.00806
-0.04673
-0.04200
-0.00886
0.04442
-0.00624
-0.02999
-0.01243
0.00587
-0.10835
0.07515
0.11224
-0.01306
0.01445
0.02374
-0.00442
-0.05227
-0.03151
0.01638
0.06777
0.01447
0.09837
0.04911
-0.01622
-0.01132
-0.04323
-0.03643
0.06951
-0.03657
-0.04348
-0.02234
-0.08845
0.05442
-0.07071
-0.03105
-0.05127
-0.01397
0.02550
0.09026
0.01216
-0.03909
0.00042
0.02578
0.07061
-0.00734
0.02355
-0.01865
-0.00655
-0.01987
0.03272
0.00892
-0.02270
-0.05604
-0.05988
0.04320
-0.00517
-0.03226
0.02271
0.01931
-0.05511
-0.04195
0.00551
-0.00150
0.00203
0.04472
0.03497
-0.00435
-0.05938
-0.00696
0.04760
0.00790
-0.01056
-0.02787
-0.04883
-0.04672
-0.01208
-0.02141
0.02032
0.05287
-0.00164
0.02392
-0.00193
-0.02671
0.01485
-0.08376
-0.06772
-0.05359
0.08675
0.01163
0.06524
0.00820
0.06580
-0.04478
-0.04189
-0.02254
-0.03139
0.00036
-0.07774
-0.06788
-0.04482
0.01752
0.04833
0.05661
-0.10851
0.02778
0.03749
-0.07669
0.10510
0.05097
-0.03132
0.00989
-0.03990
-0.05041
0.01385
-0.00650
-0.04186
-0.04733
0.02163
0.06796
0.04338
0.01702
0.01283
0.00650
0.09374
0.04153
0.00750
0.03454
0.08835
0.00435
-0.10748
-0.03485
0.01775
0.02574
0.06328
-0.08773
0.01462
0.01349
0.05888
0.01092
-0.01366
0.00208
-0.00225
0.00318
0.01156
-0.01668
0.02365
0.11420
-0.10713
-0.03587
0.05058
-0.03763
-0.07846
0.00182
-0.05537
0.01684
-0.01254
-0.06620
-0.00610
0.02529
0.02210
0.00320
-0.01420
0.03579
0.01441
-0.06396
0.00782
-0.02626
-0.03209
-0.02321
0.00550
-0.01312
0.00982
0.04111
0.03302
-0.04760
-0.00981
0.01697
0.05936
-0.05645
-0.03307
0.00913
0.04832
0.01635
-0.05004
-0.00172
0.04087
-0.03871
0.06378
-0.10562
0.07234
0.03043
-0.10597
0.00725
0.05199
-0.07011
-0.05251
0.00959
0.00292
-0.06263
-0.01402
-0.03667
0.01793
-0.00231
-0.05418
0.13154
-0.00947
-0.01182
-0.01270
-0.00748
0.01599
-0.00216
-0.10285
0.02161
-0.04048
-0.02221
-0.00396
0.01886
-0.02517
-0.00034
0.02821
0.05384
0.03695
0.01582
-0.06703
-0.01738
0.01111
-0.07170
0.07511
-0.08779
-0.01131
0.00363
0.05024
-0.03196
0.01999
-0.03848
-0.00982
0.04292
-0.00771
-0.02462
0.01603
-0.05318
0.00093
0.05956
0.06373
0.00409
0.04917
-0.02414
0.02131
-0.02511
-0.05588
0.02392
0.01979
0.00622
0.02085
-0.02608
-0.00978
-0.03057
-0.00501
0.01525
0.02043
-0.00925
0.00163
0.01884
-0.05805
-0.03195
0.02408
-0.04361
-0.00560
-0.00497
0.02062
-0.00797
-0.02283
-0.08576
0.03262
-0.05191
-0.00906
-0.06491
0.02516
-0.02616
0.06436
0.01724
-0.00639
0.04384
0.01432
-0.04118
0.06228
-0.03890
0.03793
-0.06036
0.02534
-0.05354
0.00514
-0.02534
-0.09815
0.00303
-0.02938
-0.04653
-0.00995
0.06033
-0.07460
-0.05067
0.00926
-0.06957
-0.05834
-0.00030
-0.05276
-0.00341
0.00908
-0.10828
-0.03068
-0.01780
0.03348
-0.05040
0.01673
-0.03201
0.00859
-0.01104
0.00336
0.00406
0.02276
0.00913
-0.00108
0.06015
-0.03565
0.00380
-0.02190
-0.05384
-0.01760
-0.03478
-0.09037
0.03937
-0.07042
-0.01174
-0.03414
0.04179
-0.03599
-0.02667
0.05461
-0.02209
0.02484
-0.01352
0.01203
-0.01926
0.03566
0.12439
-0.06705
0.04039
-0.00136
0.02467
0.00573
0.02192
0.02863
-0.05053
-0.00483
-0.00179
-0.02141
-0.01206
0.04106
0.01871
-0.03295
-0.00413
-0.03480
-0.06586
0.03564
0.04357
-0.04908
0.08508
-0.01245
-0.00320
0.12618
-0.02017
0.03236
0.07060
0.06920
-0.05669
0.00108
0.00315
-0.01250
-0.00540
0.06673
0.01913
0.08245
0.06001
-0.03170
0.05046
-0.02339
0.01056
-0.00540
-0.00930
0.00292
0.02433
-0.01781
0.00388
0.04600
0.01978
0.02012
-0.00364
-0.02054
0.01491
-0.00132
-0.00769
0.01169
0.06427
0.01981
-0.07317
-0.00496
0.00346
-0.01787
0.04113
-0.00037
