-0.01929
-0.03457
-0.11879
0.00403
0.03260
-0.03248
0.05783
0.06615
0.00205
-0.06207
-0.00516
0.06303
0.01639
-0.05073
0.01784
0.03669
0.00017
-0.04189
-0.01376
-0.01346
-0.07409
-0.01996
-0.06786
-0.05650
0.01703
-0.09680
0.00111
-0.04898
0.06060
0.03236
0.04124
-0.03250
0.01244
0.04027
-0.06302
0.00212
0.02151
-0.00530
-0.01246
0.08243
0.01752
-0.02462
0.01844
0.00043
0.00980
0.03812
0.01895
0.00143
0.02629
-0.02031
0.01719
0.04467
0.02859
-0.03802
-0.05928
0.02586
-0.01962
0.02139
-0.01382
-0.02855
-0.05951
0.05138
-0.04624
-0.03060
-0.03200
0.06177
-0.04910
-0.00083
-0.03018
-0.09911
-0.03740
-0.02649
-0.01293
-0.02970
0.03868
-0.03180
0.00687
-0.06492
-0.07355
0.01971
-0.07203
0.00613
-0.00465
-0.01606
0.04446
-0.05545
-0.02186
0.01464
-0.00784
0.02451
0.04894
-0.01540
0.04011
-0.08883
-0.00598
-0.03441
0.00104
0.01482
-0.06147
0.03843
-0.00700
0.03464
0.09661
-0.02390
-0.00132
-0.02445
-0.00863
-0.00921
0.03660
-0.00310
0.04051
0.04352
-0.07205
-0.00258
0.04141
0.01678
0.02898
-0.00853
0.00946
-0.00393
-0.05494
0.05236
0.03725
-0.00209
-0.00967
-0.03141
0.02755
-0.07106
0.02195
-0.01144
-0.02045
0.01137
0.06652
0.00129
-0.03200
-0.03190
0.00311
-0.00510
0.07127
0.00089
0.01236
0.01157
-0.06671
0.06882
0.10618
-0.01060
-0.05763
-0.00313
0.07269
0.00475
0.07189
-0.01234
0.00716
0.01024
0.05788
-0.00252
0.07598
0.01168
0.04514
0.06598
0.06205
-0.03734
-0.00415
-0.02538
0.02565
0.07489
-0.00915
0.04111
-0.01451
0.01548
-0.01018
0.06572
0.03807
-0.01037
0.02395
-0.00012
0.04147
-0.09978
0.00923
-0.01201
0.00642
-0.03740
-0.05270
-0.01292
-0.01111
0.06444
-0.00138
-0.00375
-0.02848
0.03333
-0.03352
-0.05609
0.00311
-0.03254
0.02842
-0.02662
0.08728
0.03922
0.00131
-0.01455
-0.05714
-0.08492
0.04707
-0.08469
0.04056
0.00736
0.01636
-0.00883
0.01533
0.08899
-0.05381
0.00576
-0.00330
-0.02513
-0.00369
0.02947
-0.08254
-0.02133
0.03014
-0.06891
-0.04478
-0.04563
-0.02611
-0.04874
0.02021
-0.02911
0.03955
-0.01183
-0.00887
0.07245
-0.06266
-0.03704
0.01683
-0.03767
-0.01518
-0.00243
0.03878
0.00334
-0.00767
-0.04691
0.05997
-0.03729
0.05002
-0.07463
0.01665
-0.00038
-0.02894
0.00446
-0.08076
-0.03358
0.03867
0.08024
-0.01185
-0.00410
0.03291
-0.00545
0.06984
-0.03307
0.09881
0.00525
-0.02836
0.02198
-0.05476
-0.02131
0.04743
0.01077
-0.02318
-0.01729
-0.07238
-0.06492
-0.11297
0.02640
-0.05467
-0.01517
-0.02040
-0.03816
-0.01148
-0.01909
-0.00590
0.02767
-0.00354
0.04976
0.04345
-0.00269
-0.03281
-0.05121
-0.02663
0.01530
0.02593
-0.00045
-0.04838
0.00931
-0.00291
-0.01544
0.02525
0.03938
0.01388
-0.00846
0.04675
0.08211
0.02753
0.01717
0.00823
-0.05591
-0.02506
-0.03123
0.05237
-0.04782
-0.01165
-0.02076
0.00370
0.00926
0.00400
-0.04724
-0.00446
-0.03724
0.02089
-0.01021
0.02161
-0.01797
0.04681
-0.01759
-0.03010
0.03012
0.03103
-0.02393
0.03625
0.00802
-0.02618
0.03769
-0.00691
0.03227
0.01586
0.04139
-0.07511
-0.00628
-0.02382
-0.04265
0.09173
0.05466
0.03470
-0.04611
0.00255
0.03251
0.00173
-0.05608
0.03635
-0.05347
0.01047
0.00546
-0.00712
0.03093
0.03778
-0.04094
0.04975
-0.01212
0.02681
0.04208
-0.02892
-0.04272
-0.02949
-0.06128
-0.05470
-0.00563
0.04112
0.03914
-0.00782
0.00705
-0.02571
0.00190
0.01380
-0.10144
-0.01881
-0.03992
-0.01053
-0.03352
-0.01348
-0.02537
-0.02673
-0.04180
-0.10873
-0.04280
-0.07170
-0.01220
-0.06238
0.04123
-0.00446
-0.00733
0.03886
-0.05557
0.04296
0.03547
-0.03841
-0.02390
0.03204
0.03666
0.09422
0.01359
0.01401
0.01576
0.05525
0.04334
-0.00067
-0.00807
-0.08582
0.01157
-0.01773
-0.04225
-0.05678
-0.04577
0.00783
-0.02247
-0.02791
-0.07143
-0.03324
0.01952
0.00369
0.05091
0.00604
-0.00321
-0.03428
0.06890
-0.02515
0.03954
-0.03256
-0.01932
-0.02436
0.07252
0.03091
0.02083
-0.02577
0.04106
-0.02358
0.02628
-0.05440
-0.06898
0.02805
0.00918
-0.02326
-0.00341
0.02130
-0.00443
0.04364
-0.00058
-0.01214
0.03990
0.06271
-0.10648
-0.00509
-0.00871
-0.01326
-0.00089
-0.02280
0.00075
-0.01722
-0.01476
0.05421
-0.00679
-0.00726
0.02154
0.01977
-0.01662
0.02954
-0.09816
-0.05336
-0.00633
0.00120
0.00989
0.00899
0.00414
0.00417
0.05832
0.02494
-0.02045
-0.00264
-0.01510
-0.04188
-0.00621
0.07731
0.00517
-0.04761
-0.02899
0.01222
-0.03499
0.08050
0.00769
-0.06697
-0.05015
-0.00962
0.00996
-0.00948
-0.02259
-0.02009
-0.01807
0.04485
0.00640
0.00345
-0.02449
0.05416
0.06163
-0.04836
-0.01924
-0.05295
0.02174
-0.05036
0.07618
0.08765
0.00078
0.03964
-0.00425
0.01268
-0.01517
