0.04525
-0.04556
0.00722
0.03922
0.03676
0.01540
-0.06344
-0.05303
0.01872
-0.00675
0.06631
0.04422
0.00242
0.03641
-0.03115
-0.05996
0.02735
0.09144
-0.02465
0.08749
-0.00394
0.07276
0.07895
-0.08968
-0.06173
0.00697
0.01801
-0.02566
-0.01064
-0.00490
0.05753
0.04232
0.01502
0.05981
-0.00102
-0.05696
-0.05825
-0.06752
-0.02067
0.02445
-0.00859
-0.05848
-0.01186
-0.00673
-0.05617
-0.01185
-0.00653
0.05109
-0.10080
-0.01019
0.00730
-0.02948
0.08527
0.08165
-0.00804
-0.06559
-0.04437
0.05380
-0.01882
-0.00889
0.02988
0.06932
-0.01505
0.06890
0.02744
-0.02013
-0.00600
-0.05072
0.02721
0.02057
0.00753
0.04108
-0.00952
0.02472
-0.01529
-0.03927
-0.01962
-0.06805
0.01009
-0.01900
0.05519
0.02123
-0.02194
-0.01383
0.04929
0.01967
0.05033
-0.02607
-0.06023
-0.00541
0.06765
-0.01534
0.05849
-0.01975
0.03769
0.06832
0.05046
0.09462
-0.02331
0.00470
0.04977
0.08227
0.02281
0.05235
0.04758
-0.00937
0.02379
0.03292
-0.02611
0.00421
0.10603
0.00595
-0.04289
-0.06599
-0.02730
0.01795
0.00922
0.02686
0.02214
0.07930
0.00556
0.03724
-0.07637
-0.00323
-0.05726
0.00307
0.05570
-0.06560
-0.03750
-0.05568
-0.00671
0.03423
-0.03577
-0.01939
-0.07430
-0.00821
-0.07252
-0.05082
0.02376
0.06828
-0.02551
0.06237
-0.04923
0.03937
0.00752
-0.04238
-0.03179
0.01135
-0.03422
-0.02977
0.04376
0.03525
-0.06162
0.06044
0.07211
-0.02610
-0.03366
0.00408
-0.04133
-0.04385
0.01778
0.06736
0.03447
0.02020
0.03957
0.03345
-0.03918
0.01167
-0.08294
0.02491
-0.05723
-0.00348
-0.00809
-0.01519
0.02891
0.02584
-0.10109
0.03576
-0.03434
0.06626
-0.00050
0.00025
-0.05437
0.01564
0.07865
0.06160
0.02618
0.03166
0.02345
0.03474
0.02238
-0.04926
0.02459
-0.05264
0.03134
-0.00406
-0.05703
0.03084
0.04919
-0.00011
0.11938
-0.03875
-0.05128
-0.00489
0.01156
-0.00038
-0.01361
-0.00570
0.02760
0.05451
-0.03258
-0.00641
0.00559
0.00864
-0.04767
0.01582
0.05745
0.07067
0.00241
-0.03282
-0.05416
-0.02607
0.04697
-0.00391
0.07652
0.03932
0.00928
0.01273
0.01763
-0.03760
0.10855
0.01065
0.03307
-0.01156
-0.00668
-0.03192
-0.09982
-0.01559
0.05977
0.02865
0.00495
-0.03379
-0.01877
0.02089
0.04518
0.04246
0.01519
0.00421
-0.00867
0.02399
-0.02660
-0.04281
0.07473
-0.01767
0.07953
-0.01154
0.01713
-0.01284
0.01214
0.03572
-0.05688
-0.01697
0.05551
-0.04385
-0.02424
-0.03095
0.04596
0.03017
0.03624
-0.03552
0.04859
0.04336
0.07554
-0.02633
0.04762
0.09676
0.06200
0.00546
0.00064
-0.03981
0.03358
0.03112
-0.01728
0.00640
-0.02983
-0.04526
-0.01391
-0.02190
-0.02620
0.02642
-0.02904
-0.04642
0.03057
-0.03818
-0.01959
-0.02541
-0.04708
-0.03618
-0.02734
-0.02402
0.08102
0.01603
-0.00980
0.07194
0.04874
-0.02697
-0.06435
-0.01080
-0.07263
-0.00225
-0.03563
0.03853
0.05861
0.05426
0.05235
0.00292
-0.08109
0.01257
0.06344
0.07748
0.03056
0.00937
0.00294
0.04466
-0.01015
-0.02860
0.01890
0.03855
0.03811
-0.00062
0.00560
0.00097
-0.00889
0.04503
0.04764
0.01782
0.05318
-0.06138
-0.03041
-0.01840
0.06902
-0.04402
0.02209
-0.06873
0.04834
0.02918
-0.02108
-0.00797
0.03353
-0.02474
-0.01908
-0.06945
0.00422
0.01454
0.03447
0.02346
0.02867
-0.04931
-0.01045
0.08750
0.00870
-0.04735
-0.02074
-0.00456
0.00974
-0.04300
-0.05918
-0.01442
-0.02290
-0.05843
-0.04178
-0.02003
-0.04512
0.03854
0.04538
0.07544
-0.07255
0.08730
0.00390
0.07878
-0.01293
-0.02357
-0.04200
-0.02172
0.01309
-0.06161
0.00669
0.05568
0.04737
0.07819
-0.04406
0.05690
-0.01017
0.04941
-0.01054
0.03920
-0.03315
0.07464
0.06552
-0.07189
-0.01444
0.00330
0.05990
-0.05209
0.04257
-0.02919
-0.07809
-0.00529
-0.02092
-0.08112
0.06873
-0.02249
0.06830
-0.00076
-0.05734
-0.07501
0.05301
0.06278
0.01607
-0.09873
0.02457
-0.02750
-0.04766
0.06617
0.01385
-0.00564
-0.01160
-0.03453
-0.00056
-0.07954
-0.01519
0.02252
0.01354
-0.00695
0.02415
-0.02019
-0.01392
-0.05752
-0.06380
-0.02331
-0.01574
-0.00502
-0.02710
0.07785
-0.06093
0.01773
-0.04393
-0.00505
0.03246
-0.01964
-0.01895
0.00995
0.01846
0.01130
0.00080
0.01068
-0.06070
-0.00635
0.04922
0.05830
0.00607
0.00113
-0.00986
-0.00059
0.04516
0.01907
0.01148
-0.06172
0.04147
0.07114
0.04942
-0.01465
-0.00696
-0.02300
-0.09503
-0.00925
0.05069
-0.08197
0.01440
0.01128
0.04080
0.03962
0.00930
0.02770
-0.03512
-0.05231
0.02160
0.07130
0.04228
-0.10052
-0.02346
-0.00138
0.00054
0.06302
0.05451
-0.01594
-0.01692
0.00234
0.04851
0.00503
-0.03470
0.01446
-0.03953
-0.03002
0.03967
0.01653
0.03162
-0.05153
-0.04926
-0.03528
0.07764
0.00092
