-0.05886
-0.02975
-0.07434
-0.00495
0.06788
-0.03470
0.04234
-0.01560
0.01398
-0.01017
0.02180
0.02332
0.02666
0.00553
0.07401
0.06299
0.02532
0.01376
-0.05215
-0.00671
-0.05535
-0.03008
0.00050
-0.01501
-0.04135
-0.02419
-0.05343
-0.06665
0.03494
0.00621
-0.03984
0.02339
-0.03942
-0.01532
-0.09673
0.01358
0.07937
-0.02523
-0.05208
0.05977
-0.06538
0.02954
-0.03165
0.02080
0.07343
-0.01761
0.11385
0.03548
-0.04659
0.00655
-0.02868
0.01564
0.01746
-0.02131
-0.05358
-0.01049
-0.05333
-0.01282
-0.01189
0.00920
-0.00194
-0.00004
-0.05772
-0.04392
-0.05239
0.03568
-0.07129
0.05828
-0.04816
-0.01654
-0.01721
-0.05970
0.05298
-0.01795
0.00897
-0.03146
0.04296
0.02747
-0.03247
-0.01981
-0.02026
0.04668
-0.01696
0.00517
-0.00758
-0.05793
-0.07232
0.08215
-0.02473
-0.02092
0.04719
0.04455
0.03567
-0.00195
0.01438
-0.02174
-0.03475
0.00295
-0.00503
-0.00800
-0.03349
0.01929
0.00466
-0.06900
0.01310
-0.01361
-0.05807
-0.07923
-0.03038
-0.05870
0.02467
0.03094
-0.04716
0.05233
0.06457
0.06559
0.05259
-0.04446
-0.02139
-0.02480
0.02204
0.00932
0.09695
-0.00207
0.03557
-0.06804
-0.06916
-0.01362
0.07175
-0.00448
0.02073
-0.00154
0.06270
-0.00365
-0.02278
-0.03967
0.00470
-0.07633
0.04110
-0.05306
-0.04021
0.01957
-0.07732
0.04845
0.06669
-0.00626
-0.02156
-0.04749
0.04576
0.02205
-0.03753
-0.03247
-0.00860
0.00904
0.07816
-0.02086
0.00617
0.01275
0.05290
-0.05463
0.04149
-0.01712
-0.00132
-0.03081
0.05997
-0.00314
-0.03270
0.05711
0.03422
-0.04156
-0.01979
-0.01974
-0.00928
0.01879
-0.02880
-0.02093
0.04403
-0.00911
0.02102
0.00668
0.00526
-0.02570
-0.03676
-0.05576
-0.01777
-0.00461
-0.03838
-0.02383
-0.02404
0.01650
-0.07024
-0.06457
0.05041
0.07839
0.00829
0.00041
0.04269
0.02754
0.00206
0.01917
0.00131
-0.10831
0.04721
-0.04284
-0.04416
0.00199
0.08024
-0.02518
0.02867
0.03129
-0.03290
0.02111
-0.02072
0.01890
0.04518
0.02338
-0.03193
0.00163
-0.02070
-0.07069
-0.02764
-0.02148
0.04338
-0.07383
0.04435
-0.05083
0.00819
0.05668
-0.01503
0.07679
-0.09414
-0.01571
0.00363
0.00961
-0.00112
0.01261
-0.00288
-0.04318
0.04407
-0.03591
0.02682
-0.03247
0.04665
0.00077
-0.00593
-0.00016
-0.03965
-0.00010
-0.03464
0.02586
0.05537
0.08014
-0.02202
-0.06285
-0.03144
-0.04937
-0.00931
-0.01156
0.02923
-0.06791
-0.05170
-0.03992
-0.06440
0.03692
0.01628
0.02337
-0.00259
-0.09231
-0.06189
-0.02647
-0.08006
-0.05233
-0.02427
0.00121
-0.04887
-0.05653
-0.00563
0.09016
-0.02033
0.03358
0.00894
0.05251
0.03684
0.04449
0.02313
0.02536
0.03114
-0.03058
0.01693
-0.06506
-0.03330
0.04187
-0.00730
0.02340
0.00093
0.05298
0.03517
-0.00865
0.02833
0.05602
0.01947
0.07366
-0.02198
-0.00358
-0.00849
0.01291
-0.00354
-0.04396
-0.01950
0.00237
-0.00556
0.03605
0.02243
-0.03125
0.02047
0.01056
0.02953
0.02241
0.00837
0.00086
-0.02085
0.02079
-0.01612
0.06202
0.00494
0.00369
-0.00656
0.09946
-0.03672
0.05145
-0.00401
0.03106
0.00300
0.00775
-0.12075
-0.08351
-0.00646
-0.03113
0.10120
0.03821
-0.00117
-0.01576
-0.02875
0.05240
0.09023
-0.01728
-0.01768
-0.03864
0.02988
-0.02628
0.06935
0.00894
-0.01383
-0.07046
0.05658
0.04999
-0.02597
-0.03634
0.01739
-0.00865
0.00496
-0.06770
-0.08002
0.01348
0.01641
0.03151
0.02750
0.00201
0.02297
-0.04247
-0.01391
-0.01355
0.04943
-0.01040
0.01569
0.05527
0.01069
-0.03307
0.00399
-0.10022
-0.05781
-0.09500
0.00004
-0.00313
-0.07098
0.05683
-0.07684
-0.01997
0.00264
-0.07488
0.03482
0.00608
0.04448
-0.01554
0.00284
0.04712
0.04973
-0.01369
-0.00557
-0.00638
-0.04049
0.02649
0.00471
0.00319
-0.03090
-0.02239
0.02133
-0.00017
-0.00417
0.01919
0.06678
0.00557
-0.01931
-0.07085
-0.02256
0.14213
-0.03372
-0.02471
0.03907
-0.01453
-0.04649
-0.01878
-0.03038
-0.01678
-0.06710
0.06054
-0.01286
0.04876
-0.01895
0.09911
-0.02913
0.02820
-0.03374
0.02022
-0.02909
-0.04114
0.01903
-0.00464
-0.01837
0.05206
0.03387
0.00261
-0.00985
0.00238
0.00613
0.00570
-0.02331
-0.05435
0.07624
-0.01020
-0.02182
0.02425
-0.08383
-0.02637
0.03736
0.02833
-0.02024
0.02557
0.01121
0.01168
0.04995
-0.06694
-0.01594
-0.05393
-0.02805
-0.04886
-0.00833
0.04528
-0.04536
0.06476
-0.06593
0.03621
-0.04837
0.00497
0.00625
-0.02623
-0.04130
-0.02795
0.03736
0.02864
-0.02003
-0.02614
-0.04791
-0.03022
0.03574
0.02385
-0.04683
-0.05380
0.05132
0.00585
0.01590
-0.02132
-0.05388
-0.01226
0.02444
-0.05592
0.00626
0.05382
0.04559
0.03735
-0.07567
-0.00342
-0.03499
0.01010
-0.01948
0.06240
0.04232
-0.00739
0.04514
-0.01176
0.02357
0.01332
