0.07832
-0.05861
-0.02753
0.00072
0.01684
-0.03293
-0.01553
0.00337
0.00231
-0.08499
0.04673
0.03121
0.01417
0.04698
0.08459
-0.06453
-0.03921
-0.01622
0.04800
0.00756
-0.06594
0.03808
0.06160
-0.03303
0.01516
-0.02765
-0.03521
-0.04166
0.06904
-0.03498
0.01866
0.01211
0.01278
0.00252
-0.01220
0.01288
-0.01752
0.06486
0.02290
0.02875
-0.00035
-0.00415
0.00749
-0.01689
0.00880
-0.03451
-0.02308
-0.00786
-0.09634
-0.03240
-0.00775
-0.05339
-0.02459
0.04022
-0.05340
0.01476
-0.01000
0.02366
-0.01149
-0.00778
-0.04837
0.05014
-0.04296
0.03286
0.06106
0.03001
0.01363
-0.08025
-0.02574
-0.04164
0.04005
0.00764
0.03605
-0.01564
-0.03492
-0.07145
0.06896
-0.02840
-0.02717
0.04345
0.08357
0.10608
-0.06438
0.03592
0.12202
0.02875
-0.02907
0.02147
-0.06454
0.02202
0.11405
0.00584
0.07186
-0.10089
-0.00212
-0.03680
-0.04147
0.08239
-0.04333
-0.04435
-0.01789
0.04522
0.04327
0.03887
0.04214
-0.00219
0.03728
0.04427
-0.01352
-0.00095
0.01932
0.01859
-0.00627
-0.00837
-0.00470
-0.01452
0.01983
0.01304
-0.00117
0.04196
-0.09716
0.03445
0.01927
-0.02549
-0.06634
-0.01188
0.03631
-0.10667
0.01188
-0.00075
0.00051
0.02083
0.02667
0.05159
-0.06785
0.02080
0.00054
-0.01458
0.04865
-0.01728
-0.02277
0.03077
-0.00658
0.04516
-0.01034
-0.04761
-0.08947
0.02758
0.02533
-0.06028
0.07194
0.01568
-0.05484
0.03237
0.04453
0.00909
-0.01784
-0.01304
-0.00009
-0.01676
0.01311
0.00740
0.05291
-0.06089
0.02974
-0.00920
-0.05436
0.01528
-0.03504
0.04657
-0.12070
-0.04870
-0.04481
-0.06204
0.04268
-0.00450
0.01694
-0.02840
0.02624
0.04092
0.03312
-0.02823
-0.06226
-0.00859
-0.01509
-0.01330
0.01734
0.01829
0.02557
0.08510
0.00934
-0.05304
0.02470
0.02507
0.03805
0.07292
-0.01075
0.05471
0.02313
0.02664
0.07599
-0.02886
0.03479
0.00337
0.00902
0.06251
0.02132
0.01935
0.09164
0.08642
-0.04205
-0.01504
-0.07958
-0.00732
-0.06143
-0.04941
-0.00841
-0.01539
-0.03756
-0.00044
-0.07648
-0.02216
0.02523
-0.00889
-0.02830
-0.01097
0.05126
0.05215
-0.07345
-0.04071
0.00966
-0.00136
0.01873
-0.01668
-0.04044
-0.05710
-0.02283
0.01960
0.02613
-0.00470
-0.01730
-0.05072
0.01811
0.00199
-0.03654
0.00960
-0.07262
0.01040
-0.11544
0.10849
0.06371
0.05395
-0.03198
-0.00254
-0.02004
0.01932
-0.01802
-0.00022
0.03397
-0.03700
-0.06755
-0.02482
0.00417
-0.04099
0.02932
0.07408
0.03583
0.03862
-0.02153
-0.00664
-0.05695
-0.01018
0.04621
0.01468
-0.02258
-0.00571
0.00644
-0.01271
0.02080
0.03038
-0.01995
0.09525
-0.03276
-0.06161
0.05045
-0.03118
-0.00061
0.03887
0.09944
-0.00978
0.03424
-0.05717
0.02882
0.01426
0.01333
-0.01520
0.00618
0.00628
-0.02555
-0.01491
-0.04176
0.04095
-0.03479
-0.03772
-0.00821
-0.02299
-0.05731
0.02289
0.02684
0.02031
-0.05748
0.08458
0.09578
0.09063
0.01162
0.04130
0.01493
0.00662
0.01140
0.06848
0.00911
-0.02747
0.03660
0.03041
0.02983
-0.01362
-0.02585
0.07782
-0.00586
-0.03095
0.00302
0.01418
-0.00397
0.05307
0.01876
-0.05474
-0.06525
-0.01084
0.01756
0.02220
0.05731
0.01284
-0.07160
-0.02269
0.03743
-0.01442
0.01484
-0.04389
0.01953
0.02631
0.03784
-0.04264
0.00749
0.00658
-0.00781
0.01636
-0.03663
-0.05470
0.05038
0.02392
-0.00586
-0.05461
0.01319
0.04580
-0.00041
-0.00524
0.03080
-0.06390
0.01831
-0.04265
-0.06534
-0.09427
-0.04847
0.00485
0.06545
0.09696
0.02439
0.02478
0.05604
0.01880
-0.01491
-0.08264
-0.07115
0.04802
-0.01357
-0.04064
-0.01575
0.07315
0.07050
-0.07213
0.02514
-0.00986
0.05913
-0.02390
0.08034
0.04098
0.03091
0.04873
-0.03868
-0.00505
-0.04001
0.00924
0.01907
-0.05431
0.04249
0.02759
-0.07093
-0.08699
0.02289
-0.06322
0.07853
0.02300
0.00965
-0.11122
0.05218
-0.00204
0.04240
0.04011
-0.05037
-0.04701
-0.03404
0.01413
-0.05797
0.04860
-0.05483
-0.01157
-0.02498
0.01592
0.02484
-0.01488
0.01577
0.09043
-0.03473
0.01207
-0.04526
0.01878
0.00652
-0.08349
-0.06235
0.01075
0.05392
-0.03070
0.00904
0.00177
0.01341
-0.00302
-0.01551
0.01733
-0.00546
0.06100
-0.02054
0.00579
-0.06350
-0.00869
0.03903
0.05523
0.00396
-0.00860
0.04211
-0.00345
-0.01220
-0.06508
-0.04618
-0.03132
-0.03512
-0.10173
-0.01921
0.00343
-0.01239
0.13953
0.00566
0.04221
0.02577
-0.10105
-0.01881
-0.08756
0.01026
-0.02891
0.00435
0.02755
-0.02332
0.00515
-0.00836
0.04822
-0.04501
-0.03606
-0.00244
0.08705
0.00805
-0.00478
0.01560
-0.06462
-0.00217
-0.03393
-0.00958
-0.04564
0.00196
-0.01395
0.00267
-0.04901
-0.01284
0.01673
-0.12536
0.01782
-0.01294
-0.00474
0.02536
-0.01415
-0.05090
-0.01282
0.05637
-0.04054
