-0.07550
-0.09649
0.00625
-0.01782
0.07609
0.26341
-0.00079
0.17414
0.73844
0.17984
-0.76126
-0.02248
0.01715
-0.27831
-0.06805
0.46586
0.09624
0.58872
0.32469
0.07225
-0.12877
0.02203
0.14346
0.15404
0.30495
-0.44574
0.10377
-0.26891
-0.89475
-0.80085
0.32867
-0.17945
-0.25709
0.45842
-0.23063
-0.27665
-0.03522
0.01926
-0.27787
-0.54839
-0.42423
0.38745
0.25416
0.02972
-0.07800
0.65264
-0.06199
0.05477
-0.17020
0.72395
0.30377
-0.08830
0.09705
-0.31417
0.66170
-0.20799
0.18430
-0.40441
-0.54748
0.25548
-0.55691
-0.23921
0.41008
-0.34688
0.57396
0.23338
-0.61022
0.00098
-0.96277
-0.21081
0.50119
0.43549
0.12197
1.01200
-0.41181
0.12097
-0.24507
-0.28618
-0.57236
0.14589
0.20413
-0.42878
-0.10538
-0.53903
-0.01483
-0.24418
0.16831
0.31858
-0.65111
-0.53645
-0.52709
-0.26731
-0.25174
-0.28846
0.33056
-0.11383
-0.04898
0.77756
0.16290
0.21300
0.18234
0.00041
-0.38890
-0.61361
-0.60793
0.05163
0.17199
-0.80118
-0.15172
0.64493
-0.24560
-0.06834
0.71665
0.48414
0.40900
-0.19403
-0.33337
0.07661
0.03806
-0.12234
-0.37776
-0.16376
0.48483
-0.20759
0.83464
0.68254
-0.03428
-0.54728
0.19324
0.20209
0.67719
-0.03388
0.26372
0.98499
0.16168
0.32399
0.15446
-0.99785
0.61231
0.53588
0.10046
-0.13704
-0.44897
0.48117
0.40494
0.31918
-0.59577
0.63811
-0.20522
0.51561
-0.33064
-0.99262
0.21495
0.54090
-0.13608
0.36764
0.08463
0.71981
-0.40375
-0.44146
0.78534
0.48143
-0.77448
0.08984
-0.68048
-0.85802
0.15778
-0.39464
0.38559
0.38366
0.05614
-0.11438
0.12743
0.31261
0.53532
0.16899
-0.37931
-0.01658
0.97473
0.46896
0.27135
0.21610
0.32288
-0.71227
0.09643
-0.51079
0.30914
0.46021
0.18734
-0.13798
-0.06795
0.09452
0.46991
0.93031
-1.27337
-0.20022
-0.22253
-0.74913
-0.78277
-0.24844
-0.07322
-0.22365
0.30094
-0.29124
0.39534
-0.11343
0.17098
-1.07146
0.75119
-0.53809
0.14040
0.81559
-0.77048
-0.28017
-0.23189
-0.37360
0.28261
0.79580
0.71895
-0.29655
0.47120
-1.02569
0.00200
0.61852
0.12751
-0.00161
0.61985
0.02469
0.16412
0.59598
0.28847
0.21683
0.05619
-0.63240
0.11951
0.02194
0.79025
0.16912
0.19026
0.23864
0.37589
0.19047
0.09513
-0.16861
0.09449
0.00766
0.45733
-0.12567
-0.84917
0.28637
0.06404
-0.05310
-0.68324
0.66713
-0.51676
0.14402
0.62327
-0.07669
-0.43888
0.15260
0.19108
0.15506
-0.11566
0.18360
-0.10498
-0.05795
0.51903
0.53566
0.07341
-0.35317
0.27657
-0.49227
-0.79177
0.09959
0.02268
0.41321
0.19269
-0.33704
0.27777
0.07029
0.28864
-0.46803
0.13445
0.75294
-0.66532
-0.42692
0.20931
-0.76966
-0.14547
-0.48548
0.68815
0.78242
0.51734
0.57967
-0.34992
-0.26283
0.71545
-0.67842
-0.16303
-0.06310
-0.06958
-0.57438
0.55889
0.09773
-0.50940
0.17481
-1.24826
0.29835
-0.12675
-0.10641
0.26026
-0.19095
0.18597
-0.03978
0.37195
0.25377
-0.23927
-0.32385
-0.51980
0.08663
0.04885
0.89219
-0.02642
-0.90360
-0.32623
-0.48192
-0.71344
-0.86295
-0.68153
0.38753
-1.10132
0.00508
-0.73609
-0.19484
0.31388
-0.25538
-0.11865
-0.03961
0.37677
0.17182
-0.93774
-0.50100
-0.50333
0.03713
-0.45852
0.81201
0.41154
-0.53796
0.12662
0.31498
-0.94040
-0.69352
-0.05715
0.53659
0.57449
-0.17297
-0.10466
0.00995
-0.35167
-0.06799
-0.33391
-0.42416
-0.89465
-0.24533
1.20421
0.06950
0.19164
0.30057
-0.29691
0.03960
-0.27331
0.05023
-0.26083
-0.72609
0.38882
-0.56277
0.21738
-0.38673
0.02347
-0.24623
-0.63229
-0.31617
-0.15050
0.15732
-0.40673
-0.05517
-0.43342
-0.64060
-0.30709
0.36563
-0.36833
-0.25813
0.53223
0.31356
0.58588
0.07128
0.11949
-0.41481
0.07786
0.55040
0.04952
-0.13248
0.47204
-0.07306
-0.26997
-0.22021
0.22203
-0.10303
-0.29299
0.04315
0.48482
0.02893
0.84148
-0.15987
0.10429
-0.05682
0.12395
0.21532
-1.14657
0.73293
0.17545
0.03159
1.11924
-0.11864
0.17924
-0.38007
0.13990
0.12709
0.05859
-0.05795
0.28067
-0.09576
-0.67326
0.17827
-0.28632
0.09005
-0.42235
-0.25051
0.69303
-0.06857
0.24890
0.01667
0.38622
-0.42830
0.47352
0.03862
0.43701
0.32928
-0.19346
-0.45360
-0.12430
0.29463
-0.54359
0.24320
-0.18133
0.48481
0.10897
-0.02472
-0.25461
-0.56202
0.34748
1.07072
-0.10650
-0.15198
-0.37951
-0.46339
0.71067
0.15944
0.20405
-0.07309
-0.75479
0.07011
0.28002
0.54026
0.30243
-0.11248
-0.05423
-0.36093
-1.02460
-0.11573
0.27589
-0.19683
-1.00765
0.20317
0.31053
0.17221
-0.02142
1.24503
0.09801
0.71321
-0.67170
-0.17316
0.43939
-0.37220
0.17585
0.30417
-0.38238
-0.01659
0.08388
0.07595
-0.52214
0.05686
0.11158
-0.15517
-0.87678
-0.06290
0.29096
0.66281
-0.23642
-0.69027
0.47574
-0.17995
