-0.30293
-0.67485
-0.19287
-1.69635
-0.27607
-1.64651
-0.62127
1.57344
-0.32045
-1.61876
0.59840
-1.35442
0.19179
-0.19239
-0.07237
-0.43943
-0.55938
1.09951
0.17604
1.13675
0.41134
-0.15087
0.27173
-0.54120
-1.66040
-1.04419
-0.86984
-0.06985
0.21476
-1.43848
0.07261
-0.13613
-1.23796
1.05465
-0.42278
0.49649
-1.07546
0.55871
-1.05236
2.01039
-0.48529
0.18314
-1.03556
0.69560
0.67959
0.38805
0.80317
-0.61082
0.99998
-0.19851
1.23266
0.07538
0.00904
-0.14693
0.21164
0.84478
0.90238
-0.43023
-0.72443
0.38945
0.52917
0.10251
-0.51345
-0.39891
0.55476
0.02050
-0.83090
-0.61673
-1.44127
-0.20121
-0.66459
-0.31555
0.02097
-1.04701
-0.94566
0.38860
-0.14979
0.29360
-0.20972
-0.31650
0.64443
-0.75482
0.01591
-0.06550
0.49371
-0.57024
0.26300
0.29992
-0.61155
0.40896
-0.23666
-0.50336
-0.57444
-0.35733
0.52623
1.28180
-0.21611
0.00398
0.34079
-0.13133
0.55796
0.80499
-1.17868
0.53244
-0.56025
0.37878
0.76556
-0.34532
-0.16580
0.45376
-0.26657
0.47192
-1.19776
-1.45098
-0.27930
1.29497
0.75595
0.48179
-1.63773
-0.82574
-0.17955
-0.54947
0.95181
0.21300
0.65609
-0.29405
0.76823
0.33340
-0.81850
-1.01063
-0.10574
-0.21043
0.29498
-0.92561
-0.36130
-0.95674
-0.29331
-0.47773
-0.00568
-0.69657
-0.07641
0.05345
-0.12751
0.14328
-0.15402
-0.35437
0.82265
0.94716
0.67946
0.27793
-0.30014
-0.61971
0.02589
1.06512
0.18645
0.25320
0.47082
-0.06087
-0.64989
-0.18057
-0.26460
1.72541
0.13099
1.14242
0.25302
1.25029
0.02084
-1.07869
0.09276
-0.38096
-0.13896
-1.48481
0.01575
1.49736
0.32829
-0.57124
-0.21243
0.02575
0.43221
0.00874
-0.20232
1.09052
0.14575
-0.01015
0.38503
0.24642
0.09455
-0.07821
-0.59598
0.50448
0.02556
0.48904
0.47292
0.45008
-0.31164
-0.46024
-1.45637
-0.76429
0.18697
-0.22367
-0.19465
-0.47195
-1.41450
-0.55425
-0.22551
0.90053
-0.55545
-0.51449
0.91800
-0.59764
0.05693
1.04561
-0.37501
-0.45356
-0.70224
1.24658
0.79932
0.88735
1.68010
0.07572
0.43799
0.16202
0.01635
0.57741
-0.10262
0.56898
0.22979
0.94972
0.16961
1.00943
-0.37846
0.65880
-0.61331
-0.34189
0.29172
0.07916
0.03523
-0.17009
-0.10400
-0.01609
-0.49410
1.19722
-0.31693
-0.31763
-0.64504
0.41414
0.71739
-0.88528
0.91859
0.26487
-0.80402
-1.29244
0.17766
-0.07193
1.10514
-0.96964
0.49798
-0.23815
-0.21682
-0.14806
0.63294
1.24755
-0.37369
0.69819
-0.18876
-0.56158
-0.75864
0.75811
-0.05597
-0.21428
0.35542
0.74934
0.32154
0.09302
0.55667
0.27876
0.47062
0.96546
0.03544
-0.33069
0.06119
0.12704
-0.26256
0.86429
-0.55958
-0.39888
-0.21833
0.59249
0.16297
-0.94012
0.41378
-0.21408
1.05984
0.15719
0.46045
-0.50865
-0.31173
-0.55047
0.16002
1.07447
-0.82246
-1.40349
-0.41661
-0.53544
0.99938
-0.07635
0.25443
0.30706
0.12110
0.51546
-0.44664
-0.61195
-0.55381
-1.29583
-0.08116
-0.11388
1.45048
0.49324
-0.53317
-0.54709
1.13319
1.47294
-1.62394
-0.50049
0.01275
-0.28053
0.01029
-0.70517
-0.47200
-0.07101
-1.06781
-0.31712
1.07242
0.39837
-0.51751
-0.42172
-1.11994
-0.02797
-0.06770
0.20502
1.07384
-0.21624
-1.48880
-0.66893
0.45202
0.35078
-0.49418
-0.23925
0.62746
0.87162
-0.55228
0.55221
-0.51342
0.38212
0.35512
-1.05074
0.08808
0.95261
-0.95616
0.76783
0.68895
0.37179
1.39803
0.14079
0.45062
-0.80701
-0.74088
-0.14579
0.34388
0.25375
1.06477
0.29702
0.84705
-0.30123
-0.76472
0.95224
0.12980
0.30859
0.37754
-1.38029
-0.60197
-0.11047
0.11520
-0.38760
-0.10566
-0.09594
0.63581
-0.03486
0.53823
-0.55537
-0.26124
-0.01212
0.45164
-0.49432
0.39117
-0.54518
-1.35491
-0.26592
-0.42880
1.18995
0.84887
0.37727
-0.60482
-1.33726
-0.07519
-0.14502
0.84709
-0.53004
0.16749
-0.98864
-0.41088
0.12610
0.37685
-1.64563
-0.36616
0.60554
-0.29817
0.70892
-0.87105
-0.12168
0.12718
-0.17734
-0.47432
-0.18418
0.46728
-0.19419
0.56427
0.30792
-0.75061
0.46849
-0.62430
0.28284
0.88324
0.89184
-0.41643
0.59075
0.95332
-0.54723
0.30781
0.15674
0.86345
0.40012
0.76025
-0.39816
-0.04558
-1.02236
-0.74402
0.76589
0.28510
-0.52187
0.25967
-1.70007
0.26311
-0.20134
-0.06942
1.24155
0.11401
-0.02407
0.39130
-0.79497
-0.30247
-0.00479
-0.94678
0.20199
-0.62059
0.34659
0.38561
0.01818
-0.10570
0.78003
-1.80150
0.84097
0.80303
-0.05871
0.27073
0.38746
0.47222
0.37657
0.13438
-0.31582
0.07349
0.36824
-0.38698
-0.23333
0.67973
-1.01199
0.52152
-0.08266
-0.05372
-0.82728
0.52101
1.29607
0.22801
0.72784
0.40977
0.90986
-1.12146
-0.01196
0.56101
0.05589
-0.46972
0.36052
0.67475
-0.08247
-0.41583
-0.42214
-1.23800
1.45657
-0.53883
-0.31501
0.11104
-0.24422
