0.02104
-0.03494
-0.03491
0.01858
-0.03545
-0.05696
-0.03733
-0.00157
-0.01334
0.00465
-0.02136
-0.00149
-0.06625
0.01299
0.07873
-0.01776
0.02851
0.06514
-0.02310
0.02696
0.00219
-0.05488
-0.01007
0.00498
-0.02722
-0.06779
0.00218
0.04304
0.05951
-0.00069
-0.00911
-0.01312
0.05316
-0.00057
-0.01841
-0.05642
-0.01150
0.03200
0.02024
-0.01537
-0.04503
-0.03418
-0.04780
-0.05768
0.02542
-0.00021
0.01863
-0.04963
0.00212
0.08255
0.03820
0.05734
0.00028
0.03587
-0.03140
-0.03279
-0.03517
0.08557
0.04133
0.03761
-0.07377
0.00680
-0.04962
0.02779
-0.00210
0.04261
0.04212
-0.01039
0.01172
-0.02390
-0.06014
0.00924
-0.01055
0.03713
-0.02898
0.00363
0.00025
-0.06792
-0.01839
0.08065
0.02718
0.01984
0.08983
0.00288
0.04289
0.00870
-0.00766
0.06705
-0.05444
0.04630
-0.00913
-0.03267
0.07258
-0.01443
-0.06659
0.05583
-0.00364
0.03757
0.03154
-0.03039
-0.00849
-0.00421
0.01280
-0.01279
0.03871
0.00505
-0.01038
-0.06137
-0.01541
-0.05718
-0.01236
0.02417
-0.08685
-0.04849
0.01958
0.07116
0.08708
-0.08824
-0.00307
0.06289
-0.01944
0.05682
-0.01999
0.02228
0.03890
-0.02191
0.02272
-0.09367
-0.06584
-0.03427
-0.02216
0.06198
0.04856
-0.03210
-0.01009
-0.07784
-0.02873
-0.03319
0.02959
-0.05172
0.01151
0.06794
-0.00040
0.07869
0.05192
0.03248
-0.06170
0.00922
-0.03320
0.02101
-0.01540
0.02238
0.00076
0.01983
-0.01089
-0.05738
-0.04463
0.01741
-0.00842
-0.05756
0.08763
-0.01591
0.04002
0.02774
0.03132
0.07898
-0.06698
-0.02271
-0.00703
0.04850
-0.03441
0.00573
-0.00361
-0.08528
-0.08299
-0.04988
0.01457
-0.03398
-0.03168
-0.04981
0.04631
-0.07459
0.00440
0.01393
0.04417
-0.02196
-0.04121
-0.02915
-0.00323
0.03847
-0.02072
0.06258
0.03296
0.01186
-0.00627
0.03106
0.03713
-0.01351
-0.02795
-0.00273
0.02912
0.02506
0.04369
-0.03634
-0.00496
-0.01551
-0.02140
0.04962
-0.02287
0.11573
0.01153
0.05627
-0.05218
-0.01377
-0.03690
-0.00978
0.00362
0.04806
-0.06301
0.06800
-0.01987
0.04170
-0.02708
-0.06452
-0.05378
-0.01935
0.03397
0.03941
-0.06661
0.00936
0.03494
-0.08149
-0.00046
-0.05453
-0.02395
0.02824
0.06514
0.03538
-0.02380
-0.03701
0.05748
0.02275
0.01226
0.06008
-0.04012
0.05308
-0.01707
0.03599
-0.06156
-0.03106
-0.01207
0.01442
0.07123
0.03197
-0.01810
-0.00789
-0.00108
-0.00243
0.06604
0.03139
0.04500
-0.05164
0.02388
-0.01486
0.01745
0.00283
0.01446
0.04201
-0.01030
-0.02966
-0.02856
0.02160
0.01018
0.00741
0.01106
-0.02522
-0.05635
-0.00101
0.02929
0.02570
-0.10932
-0.03353
-0.07363
-0.01697
0.04136
-0.00439
0.07355
0.05700
-0.03782
-0.12272
-0.01351
0.02135
0.06670
-0.01949
-0.04927
0.00884
0.00360
0.02022
0.07215
0.02792
0.06885
-0.06369
0.03800
0.01415
0.07060
-0.05400
0.05266
-0.01877
0.00193
-0.04722
-0.01237
0.07559
0.00839
-0.00921
0.00749
0.00848
-0.08448
-0.01949
-0.01038
0.02932
0.01031
-0.03407
0.02122
0.06209
-0.03366
-0.09226
-0.03054
-0.04406
-0.01811
0.04601
-0.01284
0.00341
-0.03847
-0.01206
-0.05295
0.03393
-0.04014
-0.04286
-0.01234
0.00730
0.04608
-0.01530
-0.07422
-0.00877
0.06169
-0.06339
-0.02714
0.06076
0.10210
0.07166
0.05910
-0.05782
-0.02539
0.03300
0.00590
0.10038
-0.01812
0.05540
-0.08652
0.08687
-0.06596
0.01756
-0.03508
0.02553
-0.00734
-0.02872
0.01914
0.01476
0.01750
0.00173
0.02172
0.00691
-0.01142
0.02874
0.02989
0.03540
-0.04419
-0.05263
-0.05472
0.01794
-0.02527
0.03036
-0.01839
0.04228
0.04334
-0.06362
0.02282
0.00257
-0.03530
-0.00014
-0.04750
0.04509
0.00658
-0.02011
0.00661
-0.00487
0.02127
0.02209
0.04447
-0.03044
0.02774
0.00313
0.04665
-0.03424
-0.07906
-0.07713
0.03543
-0.06748
-0.07552
-0.01949
-0.00896
-0.07589
-0.01918
0.02942
-0.06685
0.04373
0.02160
0.06914
-0.04126
-0.03332
0.02431
0.04868
0.00861
0.07604
-0.04416
0.00445
-0.03038
0.05082
-0.01445
-0.07764
-0.01646
0.00307
0.04253
-0.04325
-0.05581
0.01518
-0.02063
-0.02357
-0.00279
-0.02797
-0.01022
-0.00822
0.01678
0.03238
-0.02086
0.07965
0.11613
-0.01700
-0.04374
0.03583
-0.00280
0.06396
0.05383
-0.01915
0.00526
0.00161
0.05845
0.02788
0.04808
0.05693
-0.03387
-0.02015
0.02199
-0.05355
0.03488
-0.00588
-0.03732
-0.00551
0.04023
0.05336
0.01542
0.01580
0.01752
-0.00446
0.02135
0.01909
0.02681
-0.06965
0.08896
0.07365
0.04505
-0.04396
-0.01324
0.00457
0.07794
0.00157
-0.03723
-0.02493
0.12418
0.01470
-0.07213
0.00022
0.00052
0.04167
0.07968
-0.03953
0.08223
-0.02983
-0.05420
-0.01387
-0.03501
0.00502
-0.07769
0.04816
-0.00432
0.04070
-0.01928
0.04940
0.03864
0.04427
0.04479
-0.06643
