0.04582
0.01903
-0.01919
0.04120
0.02614
-0.02610
-0.04863
-0.03197
-0.05931
-0.00518
-0.00879
-0.02205
-0.00514
0.00535
0.05210
-0.05313
0.04371
0.13987
-0.01896
0.09583
-0.00318
-0.01792
0.06923
-0.00232
0.00730
0.01272
0.05352
0.02682
0.05462
0.02175
0.00455
-0.00574
-0.07005
-0.03365
0.05947
-0.10641
-0.02474
-0.05946
-0.02184
-0.01056
-0.07610
0.02915
-0.04010
-0.07256
-0.01608
-0.03450
-0.00351
0.01227
-0.05678
0.05787
-0.04570
-0.04392
0.01545
0.02926
-0.03019
-0.05887
-0.05522
0.04728
0.01761
0.07209
0.01836
0.04583
0.00254
0.06903
0.01511
-0.03657
0.02935
-0.06215
0.02333
-0.00553
-0.04302
0.04820
-0.02983
0.02961
-0.04511
-0.05521
0.01218
-0.08240
0.11023
0.00264
0.05624
-0.01222
0.02868
0.00906
0.02106
0.00227
-0.02280
0.06822
-0.04919
-0.00641
0.04668
-0.03422
0.07606
-0.05643
0.01802
0.03120
0.00896
0.00877
0.03242
0.00920
-0.02602
0.02308
-0.03092
0.09428
0.01032
-0.00058
-0.05658
0.00170
0.00334
-0.01952
0.04072
0.00279
-0.00855
-0.00754
-0.02117
0.00144
0.00482
-0.00042
-0.05233
0.05091
0.04806
0.04809
-0.00363
-0.01268
0.04345
0.00946
0.00072
-0.05647
-0.09391
0.01434
-0.02339
0.00648
0.03302
-0.05521
-0.02196
-0.01785
-0.03225
-0.03684
0.02587
0.03792
-0.00328
0.02205
-0.02922
0.03166
-0.02714
0.00590
-0.06165
-0.01660
0.00015
-0.01105
-0.02797
0.05937
0.01481
0.07228
0.04283
-0.09711
-0.01928
-0.01412
-0.07350
-0.03706
0.03370
0.03960
0.04936
0.03451
0.03261
0.06553
-0.03181
-0.02072
-0.06539
-0.01714
-0.08603
0.00213
0.00995
-0.04046
-0.04498
-0.04281
-0.02538
0.03990
-0.03522
0.03358
-0.02000
-0.02730
0.00912
0.01058
0.04756
0.00125
-0.04411
-0.04286
0.00996
0.03578
-0.05209
0.03778
0.07719
-0.03476
-0.01271
0.06616
-0.05629
-0.03119
0.06101
-0.02685
0.05740
-0.02032
-0.05509
-0.01745
0.02289
-0.00959
-0.07198
0.03560
-0.05149
0.05438
-0.02611
0.01020
-0.02989
-0.01522
-0.02734
0.04789
0.03745
0.07783
-0.07928
0.03256
-0.02307
0.03554
-0.00257
-0.00353
0.02908
0.06859
0.05153
0.03560
-0.03837
-0.02425
0.08298
0.01266
0.02417
-0.07387
0.00012
0.01746
-0.06128
0.02174
0.06382
-0.02786
-0.02719
-0.03284
-0.05006
0.03962
0.02065
0.03527
-0.00805
0.03720
0.00098
0.03991
-0.02751
-0.00357
0.06347
0.00771
0.02027
-0.02916
-0.00709
0.05859
-0.02000
0.00465
0.00525
-0.04625
0.04814
-0.01742
0.04120
-0.05701
-0.03965
0.05615
0.03567
-0.01911
0.02341
-0.01698
0.12050
-0.01303
-0.02312
0.05003
0.01729
0.02548
0.03297
0.00748
-0.02945
-0.00611
-0.07802
0.06026
0.00649
-0.04260
0.07343
0.00429
-0.05170
-0.03955
-0.05701
-0.07713
0.01260
0.00097
0.00838
0.00667
-0.04588
-0.00010
-0.01845
-0.03119
0.08998
-0.04125
0.03234
0.00368
0.05787
0.01139
0.01937
-0.02039
-0.08078
0.00542
-0.04734
0.04445
0.00235
0.02889
0.05187
0.05737
-0.12868
-0.02234
-0.04316
0.03293
0.02281
-0.03123
0.02126
0.10194
-0.03837
-0.04173
-0.04178
0.02492
-0.03464
0.00233
-0.00450
-0.00360
-0.03804
-0.00773
0.01497
-0.01769
0.01757
0.02347
-0.06227
0.04903
0.02945
-0.01022
-0.03911
0.00545
0.05786
0.06174
0.00823
0.06089
0.09689
0.04582
0.00569
-0.05091
0.03748
-0.01149
-0.03455
0.05622
0.00391
-0.01659
0.02331
0.03804
0.02900
0.00444
-0.07872
-0.03676
-0.01170
-0.01615
-0.00321
-0.05339
-0.02376
0.01081
-0.04543
0.03079
0.02821
0.07819
0.06445
0.09614
-0.02938
0.02833
-0.01870
0.03651
0.01037
0.01087
-0.00301
-0.00585
0.05713
-0.07130
0.01286
0.01731
0.01556
0.06416
-0.06080
0.08857
-0.03078
0.04725
0.02539
0.03986
-0.02297
0.07590
-0.00654
-0.04816
-0.05630
-0.00219
-0.00099
0.01561
-0.01162
-0.05430
-0.05052
-0.00887
-0.01396
-0.02041
0.00760
0.01073
-0.00767
0.03144
-0.03578
-0.02176
0.04434
0.07118
-0.00354
-0.06118
0.03086
-0.02706
-0.06513
0.07786
0.05036
0.03939
0.04869
-0.04593
-0.01675
0.02042
-0.06638
0.00099
0.06206
-0.03528
-0.01736
0.03843
-0.04286
-0.06021
-0.02925
0.00685
-0.00998
0.01017
-0.05381
0.04167
-0.00730
0.05741
0.03153
0.03006
0.02719
-0.01293
0.03319
-0.00249
0.08494
-0.04680
0.07898
0.04163
0.00331
0.03235
0.04914
0.00107
0.00442
0.03718
-0.06017
0.02911
0.06954
0.03975
0.03162
-0.08119
0.06614
0.08828
0.01231
0.02979
-0.02052
0.00116
0.00206
0.02829
0.03156
-0.08586
-0.02408
0.06209
0.03662
0.01250
0.04751
0.07665
0.01112
0.02240
-0.02676
0.02662
0.10855
-0.01102
-0.04340
-0.00371
-0.09223
0.04121
0.09590
-0.07405
0.02849
0.00538
-0.05538
-0.00832
-0.00496
-0.05278
-0.04348
-0.03426
-0.00996
0.03086
-0.02477
0.07638
-0.00622
-0.00837
0.07438
-0.04736
