-0.04556
-0.02779
-0.10308
-0.02274
0.02606
0.03605
0.03294
0.03315
0.00629
-0.02865
-0.02315
0.04999
0.04227
-0.01612
0.01722
0.00279
0.00459
0.01786
-0.05773
-0.03867
-0.09814
-0.01144
0.06895
-0.05600
-0.02362
-0.01320
-0.00641
-0.07227
-0.00431
0.01286
0.03442
0.05655
-0.03414
0.02609
-0.07297
0.03865
0.06389
-0.01736
-0.08942
0.04563
0.00086
-0.00496
-0.02243
0.03693
0.08152
-0.03199
0.06107
0.04595
-0.06257
-0.08579
-0.07208
0.04812
0.05446
-0.00910
-0.11648
0.06070
-0.04456
0.03764
0.02297
-0.01900
0.00304
0.01412
-0.04431
-0.04406
-0.02200
0.05070
-0.07001
0.02252
-0.04797
0.01158
-0.03639
-0.04913
0.05816
-0.03132
0.04102
-0.06301
-0.06050
-0.03463
-0.06475
-0.04611
-0.03246
0.03766
-0.00153
-0.00914
-0.03835
-0.02518
-0.07347
0.06123
-0.03835
-0.01688
0.05203
0.01929
0.05693
-0.08059
0.04101
-0.03606
-0.01380
0.01556
-0.04423
-0.00321
0.03623
0.02347
0.01683
-0.02155
-0.00810
0.01683
-0.02492
-0.06804
-0.05891
-0.05165
0.01819
0.06726
-0.08738
-0.00479
0.06388
0.02174
0.00207
-0.01365
-0.01016
-0.03322
-0.03137
-0.01204
0.06267
0.01841
-0.02332
-0.07182
-0.02710
0.03104
0.03119
-0.08055
-0.01525
-0.03125
0.05305
-0.01413
-0.02705
-0.01869
0.00384
-0.07660
0.00784
-0.00248
-0.06366
0.01838
-0.08468
0.08794
0.08025
-0.04360
-0.01436
-0.03236
0.06721
0.05199
-0.00259
-0.00924
-0.00525
0.01657
0.08650
0.00990
0.01495
-0.01890
0.07594
-0.04969
0.07170
0.04589
-0.00620
-0.02178
0.04462
0.00960
-0.05897
0.00919
0.03091
-0.00807
-0.01459
0.01681
-0.01569
0.03330
-0.02569
-0.00459
0.01575
-0.02657
-0.02784
0.00665
-0.01445
0.02224
-0.03840
-0.00339
0.05193
0.02626
0.00651
0.02361
0.03148
-0.02668
0.00170
-0.09233
0.01021
0.00230
0.01541
-0.04515
0.06708
0.00494
0.02224
0.03850
-0.00301
-0.07728
-0.01039
-0.04367
0.00180
0.01964
0.04271
-0.07304
0.04726
0.04954
-0.03221
0.03546
-0.02012
0.02292
0.02866
0.05828
-0.03030
-0.00454
0.03222
-0.05977
-0.05098
-0.03174
-0.02154
-0.06807
0.05786
-0.01764
0.01500
0.02521
-0.01487
0.07305
-0.06566
0.01207
0.03860
0.00895
-0.00103
0.01394
0.03318
-0.05402
0.02111
-0.07634
0.03400
-0.02636
0.03859
-0.05901
0.00428
-0.01512
-0.01033
-0.00218
-0.05043
0.03553
0.06591
0.03890
-0.01389
-0.02136
0.04450
-0.03783
0.06751
-0.00642
0.05825
0.01637
0.02546
-0.01831
-0.05970
0.02682
-0.00069
-0.01799
0.00714
-0.06395
-0.05463
-0.04720
-0.05551
-0.01576
-0.04131
-0.00946
-0.00200
-0.05294
0.01330
0.05306
0.02702
0.01892
0.05676
0.02652
0.03791
-0.00418
-0.04381
-0.01482
0.00756
-0.01240
0.01352
-0.04341
-0.01322
0.04985
-0.00404
0.00045
-0.01280
0.01680
0.03810
0.02097
0.02688
0.08359
0.04110
0.05180
-0.01651
-0.01856
0.02130
-0.02134
0.01557
-0.07274
-0.02948
0.02950
-0.00625
-0.01382
-0.02254
-0.05049
-0.00491
0.02062
0.00696
0.03137
0.02604
-0.01518
0.02653
-0.06808
-0.02789
0.06655
-0.01031
-0.00897
0.04360
0.02180
0.00837
0.03825
0.02852
-0.00100
0.03439
-0.00333
-0.08204
-0.01303
0.02099
-0.00984
0.13918
-0.03469
-0.02246
-0.05648
0.02482
0.02944
0.00557
-0.01435
0.02061
-0.01338
0.02020
0.04331
0.02730
0.01887
0.01749
-0.06763
0.05791
0.02079
0.00275
-0.00818
0.00305
-0.00603
-0.01152
-0.08946
-0.07518
-0.02615
0.03481
0.03753
0.05694
0.03307
0.02983
-0.03220
0.00744
-0.02046
0.02849
-0.00217
0.01645
0.01758
0.02837
-0.00645
0.00555
-0.07731
-0.08254
-0.07281
0.00412
-0.05731
-0.08351
0.04070
-0.02141
-0.05336
0.04532
-0.04410
0.03131
0.02805
0.00933
-0.00350
0.00872
0.04797
0.07522
0.02783
-0.02284
-0.00195
-0.00818
0.03122
-0.00766
0.02421
-0.03805
-0.00216
-0.02013
-0.01126
-0.03790
0.02574
0.04906
0.00848
-0.01394
-0.00735
-0.01986
0.06634
-0.00530
-0.02533
-0.00475
-0.03932
-0.02790
0.03739
-0.01080
0.03722
-0.04645
0.01893
0.01060
0.02883
-0.01408
0.01887
-0.06356
0.03041
-0.02963
-0.01504
-0.04366
-0.04984
0.02293
0.03558
-0.00288
-0.00890
-0.01248
0.01872
0.00990
0.02547
0.00928
0.00544
-0.05227
-0.08770
0.03974
-0.00827
0.01150
0.05116
-0.04710
-0.02794
0.00270
0.02970
-0.03172
0.07594
0.07127
-0.00117
0.01745
0.01245
0.00324
-0.06276
-0.01379
0.01216
-0.04945
0.04273
0.03297
0.05206
-0.02513
0.03584
-0.01757
0.00098
0.02059
-0.01570
-0.02975
-0.01210
0.06409
0.00874
0.00535
-0.03817
-0.01995
-0.03079
0.07301
0.01262
-0.06140
-0.05568
0.05914
-0.06023
-0.00544
-0.03508
-0.06477
-0.03304
0.03382
-0.04037
-0.03763
0.01597
0.09748
0.06790
-0.10827
-0.02984
-0.04337
0.05226
-0.07620
0.06170
0.06872
-0.03900
0.03044
-0.01834
0.01022
0.01153
