0.03668
-0.08532
-0.07949
-0.03762
-0.05189
-0.03913
0.00091
0.03287
-0.04120
-0.00082
0.04617
0.03069
0.07945
0.04819
0.08339
-0.02369
-0.01872
-0.03303
-0.02370
0.00552
-0.03122
0.00706
0.04760
-0.06436
0.02702
-0.04198
-0.05666
-0.06090
0.08292
-0.05562
-0.00225
0.05284
0.02323
0.03255
-0.06192
0.03213
-0.05299
0.05541
-0.01529
0.02183
-0.04908
-0.01424
-0.03517
-0.02274
0.03666
0.03885
0.04867
-0.05644
-0.01905
-0.02360
-0.02382
-0.05469
-0.00072
0.01106
-0.07031
0.00779
-0.01901
0.04940
-0.01578
-0.02718
-0.03388
0.00096
-0.08918
0.02467
0.05370
0.01865
0.00038
-0.08716
-0.06099
0.00700
-0.02233
0.01508
0.02696
-0.00613
0.00332
-0.03609
0.00953
0.00100
-0.03419
0.02251
0.03941
0.05932
-0.00925
-0.03747
0.07357
0.02253
-0.03780
0.08254
-0.07682
0.02969
0.05501
-0.04468
0.02007
-0.07983
0.00016
-0.01788
0.02262
0.05148
-0.01045
-0.02712
0.00052
0.00160
0.10105
-0.00391
0.01899
-0.03758
0.00401
-0.04399
-0.06714
-0.01782
-0.05255
0.01289
0.01742
-0.08597
-0.01231
-0.01361
-0.00080
-0.01756
0.01049
0.05153
-0.04791
-0.01692
-0.03849
0.00508
-0.03010
-0.05008
0.04960
-0.06863
0.03084
-0.09559
0.06104
0.00256
-0.01634
0.07749
-0.00150
-0.02112
0.07000
0.02654
0.01502
-0.04398
-0.02091
0.07686
-0.01105
0.02114
0.04108
0.01166
-0.06220
0.00681
-0.00097
0.02208
0.01420
0.01334
-0.06067
0.03977
0.05163
-0.00368
-0.04000
-0.01449
0.02370
-0.04909
-0.00077
-0.00566
0.04474
-0.03836
0.00979
-0.02669
-0.02539
-0.03836
0.02137
-0.00020
-0.07836
-0.03582
0.01252
-0.06433
-0.02456
-0.01305
-0.00976
-0.03170
-0.00825
0.00736
0.07627
-0.07602
-0.03640
0.05916
0.05795
0.02561
0.05087
-0.02046
-0.01983
0.01946
-0.02963
-0.02227
0.02170
0.06040
0.01838
0.07549
-0.01601
-0.01073
0.00549
0.00340
0.04803
0.01081
0.00648
-0.02222
-0.04475
0.01049
0.01155
-0.02739
0.08510
0.04756
-0.02540
0.03864
-0.07896
-0.01516
-0.00553
0.01384
0.01123
-0.04330
0.01079
0.02687
-0.01118
0.05147
-0.02700
-0.02299
0.00194
-0.06307
-0.01005
0.04206
-0.04414
0.00499
-0.07285
-0.00506
0.02495
-0.02992
-0.05720
-0.01283
0.05958
-0.03442
0.05413
-0.03108
0.03340
0.01016
-0.02949
-0.03850
-0.06465
-0.00527
-0.11288
-0.03337
-0.04752
0.06505
0.05409
0.08243
-0.04481
-0.03862
-0.02584
0.04228
0.01618
-0.02909
0.04162
-0.00442
-0.03992
-0.05147
-0.04963
0.01206
0.02635
0.01007
0.03283
0.00209
-0.01517
-0.05459
-0.00923
0.04633
-0.00158
0.02079
-0.01521
-0.01838
0.00016
-0.00545
-0.00696
0.07699
0.03151
0.02282
-0.02727
-0.04046
0.09674
0.01744
0.03688
0.00632
0.00135
-0.05442
0.05215
0.01402
0.06712
0.03354
-0.04124
-0.03016
0.00158
0.03988
0.02655
0.03129
0.01900
0.02453
-0.02254
-0.03940
-0.00165
-0.04782
0.00850
-0.00652
0.01037
0.02224
-0.09851
0.03305
0.02416
-0.00699
-0.02196
0.02364
0.00245
-0.00842
0.00614
0.03236
-0.04125
-0.05768
-0.01990
-0.05268
-0.00726
-0.04461
-0.07911
0.02475
-0.00419
0.00955
0.01492
0.06936
0.01512
-0.03620
-0.03320
0.01072
-0.08593
-0.04483
0.01450
0.01130
0.02479
0.03159
-0.06702
0.01944
0.07305
0.03081
-0.01470
-0.03955
0.03871
0.05492
0.09102
-0.06503
0.01117
0.01126
0.03709
-0.00022
-0.06480
-0.02055
-0.01350
0.02375
-0.04296
-0.12198
-0.02336
0.03882
0.03247
-0.01271
0.10598
-0.00317
-0.01064
-0.04559
-0.02016
-0.04230
-0.03590
-0.00173
0.03543
-0.00445
0.01577
0.01696
-0.05464
-0.03647
-0.04991
-0.08975
-0.03377
-0.00787
-0.02320
-0.04860
-0.03831
0.02294
0.00951
-0.00666
0.02541
-0.01908
0.04148
-0.00834
0.04194
0.03125
0.04141
0.01390
-0.00690
-0.00962
-0.03800
0.06428
0.06493
-0.01229
0.01443
0.04452
-0.03151
-0.03338
-0.07802
-0.06811
0.04024
-0.05055
-0.00661
-0.05700
0.01535
0.06100
0.08962
0.03385
-0.05749
-0.04999
-0.02374
0.05203
0.01517
0.06951
-0.06176
0.02178
0.01392
-0.01656
0.01647
-0.02822
0.00594
0.05180
-0.03105
-0.01807
0.00394
0.04559
-0.00200
-0.03936
-0.02035
0.00468
0.04685
-0.00853
0.04606
0.04048
0.05450
-0.04936
0.03236
-0.00807
-0.03848
0.05111
0.02284
0.02294
0.00676
0.01106
0.08312
0.03681
0.06539
0.02734
0.05265
-0.01678
-0.04044
-0.00855
0.05728
-0.04478
0.01664
-0.02162
-0.03226
0.05483
0.00837
0.08041
-0.01742
0.00367
0.04122
0.00455
0.02484
-0.07209
-0.02717
-0.07604
0.09977
0.05385
0.01706
-0.02422
-0.04979
-0.01886
0.03719
-0.08274
0.03619
0.05500
0.05942
0.01323
0.00648
-0.05749
0.05122
-0.01580
-0.02744
-0.05547
0.06338
0.01269
0.07699
-0.06368
-0.02211
-0.00725
-0.05989
-0.00547
-0.08690
0.04882
0.00356
-0.02268
-0.02128
-0.02887
-0.00271
0.05720
