-0.00387
0.06350
0.02981
0.01784
-0.00201
-0.08269
-0.05331
-0.00722
0.05510
-0.06939
-0.00577
-0.06542
-0.05257
0.00212
0.00293
0.00020
-0.00817
0.01826
-0.00599
0.06689
0.05298
0.01819
-0.04942
-0.01061
0.00533
-0.01488
0.07255
0.01856
0.06252
-0.00307
0.00403
0.01647
0.00940
0.00603
0.04440
-0.04009
-0.00815
-0.05604
0.08891
0.03613
-0.03737
-0.05651
-0.02834
-0.00438
0.02740
0.01634
-0.04133
-0.02356
0.08482
0.09008
0.07281
0.01084
-0.08370
-0.00709
0.07082
0.01037
-0.00082
-0.04568
0.04464
-0.00633
0.01784
-0.03632
0.01947
-0.01696
-0.00840
0.05444
-0.04070
0.04771
0.00556
-0.10562
-0.01832
0.00729
-0.03398
0.03358
0.04896
0.00390
0.05592
-0.04883
-0.06684
0.01034
-0.02225
-0.02312
0.05838
-0.05170
-0.01739
-0.04568
0.04597
-0.03190
0.04844
0.08593
-0.03753
-0.03694
0.07935
0.01270
-0.13021
0.02762
-0.04646
0.01966
-0.01542
-0.02471
-0.00540
0.00469
0.05885
-0.05689
-0.02488
-0.00787
0.01287
-0.03508
-0.03015
-0.00907
0.01432
-0.04932
0.01695
0.10463
0.03822
0.01870
0.00130
0.01080
-0.00933
-0.01283
0.02028
0.07107
0.00217
0.09344
0.01644
-0.04361
-0.01625
-0.05457
0.00304
0.05304
0.00652
-0.01094
-0.05086
-0.04643
0.03166
-0.03026
-0.02536
-0.04057
-0.01958
-0.00550
0.07843
0.03697
-0.07439
-0.03642
0.08380
0.05887
0.02808
0.00980
-0.00929
-0.01627
-0.00995
0.05309
0.01657
-0.01022
-0.04193
-0.05904
0.04050
-0.02506
-0.00790
0.00860
0.01620
-0.05248
-0.03654
-0.01286
0.02846
-0.01299
0.06771
0.03409
-0.02501
-0.02096
0.00079
0.07403
0.03277
-0.03695
-0.00842
-0.08761
-0.06099
-0.04867
-0.01795
0.06137
0.11207
-0.00366
-0.03463
-0.03513
-0.00835
0.01986
-0.09139
-0.06849
-0.06261
0.06287
-0.03714
0.06626
0.00833
0.04588
-0.03172
-0.04409
-0.02719
-0.03442
0.02270
-0.05691
-0.04352
-0.02275
0.00107
0.07174
0.03856
-0.09458
-0.00385
-0.00794
-0.05661
0.10025
0.08609
-0.02775
0.00573
0.00313
-0.05913
0.03000
-0.05304
-0.03080
0.00197
-0.03328
0.04725
0.02545
0.01841
0.01695
-0.01024
0.07905
0.01291
0.01195
0.05935
0.04810
0.00676
-0.12852
0.00519
0.02703
0.01361
0.07581
-0.09852
0.01780
0.01576
0.07239
0.00011
0.02437
0.05450
-0.02910
-0.00233
0.03481
-0.09017
0.00477
0.07296
-0.09298
-0.05433
0.02485
-0.06122
-0.04739
0.04991
-0.05393
0.03986
0.00771
0.01272
-0.02662
-0.02525
0.00466
-0.00592
-0.00479
0.03051
0.00129
-0.00432
-0.02583
-0.05253
-0.00198
-0.02512
0.03224
0.01862
-0.00050
0.08932
0.07200
0.00038
-0.00348
-0.00398
0.03026
-0.03688
-0.04772
-0.02238
0.01490
0.03668
-0.02942
-0.00919
0.01803
-0.04365
0.06214
-0.05896
0.03032
-0.03140
-0.10715
-0.03932
0.06803
-0.07579
-0.03779
0.03464
0.01244
-0.04272
-0.00198
-0.00296
-0.00254
-0.04926
-0.06555
0.12437
0.04179
-0.05868
-0.03346
-0.02087
-0.01562
0.03826
-0.07389
-0.02705
0.00137
-0.00613
-0.06198
0.04068
0.04492
0.00556
-0.01961
0.02936
0.01192
0.04438
-0.07402
0.05651
-0.01233
-0.03445
0.03886
-0.04255
-0.05803
0.01619
0.05737
-0.02063
0.01940
-0.04835
-0.04653
0.06041
-0.03884
0.01017
0.01203
-0.02594
0.03594
0.04381
0.06478
-0.00394
0.05057
-0.03752
0.04650
-0.00300
-0.08257
0.02892
0.03813
0.00423
0.02690
-0.01873
0.00610
-0.08204
0.00575
0.00428
-0.00293
0.01965
0.02533
0.05046
-0.08053
-0.01253
-0.00694
-0.07231
0.00571
0.00322
-0.00314
-0.02797
-0.06244
-0.05979
0.00672
-0.04161
-0.01550
-0.08300
0.01063
-0.06100
0.05634
0.01518
-0.00064
-0.01639
-0.01992
-0.06665
0.01577
-0.06473
0.01329
-0.03192
-0.01539
-0.07215
-0.05577
0.01171
-0.02409
0.07652
0.01099
-0.04783
-0.02097
0.05508
-0.04776
-0.04683
-0.00278
-0.05597
-0.02149
-0.05407
-0.03971
-0.00854
0.02584
-0.08081
-0.01677
-0.00177
0.03677
-0.01223
-0.01032
-0.00871
0.05939
-0.00082
0.03719
-0.01472
0.04385
0.01285
-0.04896
0.00748
-0.02781
-0.05276
-0.01127
-0.01148
-0.03607
-0.02023
-0.06637
-0.01489
-0.02118
-0.07093
-0.02581
0.06490
-0.03338
0.02582
0.05349
0.04041
0.04687
-0.07306
-0.03378
-0.02931
0.06154
0.05761
-0.08351
0.02579
0.02019
0.06349
0.02910
-0.02091
0.07902
-0.04552
-0.02683
-0.00588
-0.03935
0.01167
0.11328
-0.03087
-0.08099
-0.02108
-0.02592
-0.04767
0.03512
-0.01589
-0.03932
0.09307
-0.00454
-0.02369
0.12277
0.04607
-0.02693
0.04755
0.01005
-0.06781
-0.04079
0.00110
-0.02806
-0.00406
0.06020
0.02185
0.08768
0.01251
-0.01987
0.03978
0.02340
-0.00400
-0.00216
-0.00254
0.00814
0.02796
-0.01238
0.01567
0.06666
0.01359
-0.01075
-0.01015
-0.03694
0.04616
0.01023
-0.02354
-0.02760
0.06420
0.03648
0.01339
-0.02277
-0.03257
0.00078
0.08020
-0.02877
