-0.02899
0.08151
0.00097
-0.03644
-0.02113
-0.10393
0.00919
-0.03795
0.05650
0.01196
-0.04023
-0.06569
-0.08307
-0.01185
0.03948
0.01963
-0.00141
-0.00954
-0.02780
0.10303
0.00170
0.01565
-0.05380
0.01785
0.02190
-0.04698
0.00719
-0.03028
0.00581
-0.01029
-0.06178
0.03271
-0.02829
0.06047
0.05113
-0.03464
0.03519
-0.05241
0.07056
0.02377
0.00141
-0.06060
-0.04305
0.00416
-0.03237
0.02388
-0.01854
-0.03300
0.08644
0.10990
0.09049
-0.01524
-0.10393
-0.01973
0.05975
-0.04084
-0.08190
-0.03354
0.03378
0.00534
-0.02526
-0.00968
0.02413
-0.01501
-0.00550
-0.00742
-0.02724
0.06191
0.02983
-0.05878
-0.01188
-0.01225
-0.03487
0.03769
0.02042
-0.00391
0.04012
-0.04071
0.01750
0.00857
0.00186
-0.02282
0.01730
-0.06851
-0.05178
-0.01140
0.01694
-0.05535
0.02964
0.05922
-0.02374
0.01263
0.04701
-0.00029
-0.10393
0.00349
-0.01943
0.02216
-0.01346
-0.05396
-0.02307
0.03368
0.01555
-0.06635
-0.04156
-0.01895
0.02953
-0.02012
-0.04141
-0.01749
-0.01760
-0.10393
0.07108
0.11346
0.00929
0.02256
0.04422
0.00091
-0.05729
-0.03203
0.01977
0.07781
0.04078
0.08291
0.05038
-0.02389
-0.02105
-0.02911
-0.04539
0.06938
-0.02475
-0.03553
-0.04309
-0.06790
0.04871
-0.08092
-0.03701
-0.03679
-0.01801
0.01757
0.07066
0.02474
-0.01785
0.00689
0.03990
0.07819
0.00392
0.02496
-0.00189
-0.01457
-0.03069
0.02455
0.03324
-0.00913
-0.06402
-0.07318
0.04001
-0.01550
-0.05547
0.02446
0.02510
-0.03700
-0.02731
-0.00774
0.00846
-0.00757
0.01948
0.02426
0.00804
-0.04318
-0.00755
0.04953
0.02061
0.02679
-0.04739
-0.06979
-0.01685
-0.01094
0.00272
0.03242
0.07348
-0.00779
0.04197
0.00230
-0.03061
0.00200
-0.03174
-0.05993
-0.04905
0.06899
0.01318
0.05793
0.01231
0.08531
-0.02814
-0.03707
-0.00588
-0.02974
0.02786
-0.04410
-0.05031
-0.04504
0.02427
0.07938
0.07607
-0.08843
0.06017
0.05369
-0.05189
0.09080
0.04329
-0.00983
-0.02345
-0.02261
-0.03376
0.00201
0.00932
-0.05379
-0.03661
0.03371
0.04672
0.06156
0.02998
-0.00955
0.01677
0.09472
0.03898
0.03337
0.03943
0.09347
-0.00875
-0.10393
-0.02185
0.03728
-0.01029
0.08172
-0.09163
0.00539
-0.01110
0.05066
0.02701
0.00381
0.00523
0.01729
-0.00230
0.03887
-0.04095
0.03040
0.11404
-0.10157
-0.03950
0.05423
-0.03987
-0.06181
-0.02057
-0.06717
0.02249
-0.02089
-0.06687
-0.02431
0.01103
0.01684
-0.03154
-0.02312
0.03150
0.04141
-0.03824
-0.00319
-0.02244
-0.01622
-0.02142
-0.02608
-0.01886
0.04099
0.01691
0.05890
-0.04074
-0.01292
0.04314
0.05747
-0.06067
-0.02755
-0.01496
0.03684
0.03655
-0.04908
-0.02194
0.03104
-0.03985
0.07653
-0.10335
0.06813
0.02129
-0.09181
-0.01854
0.03047
-0.07439
-0.03537
0.00210
0.01564
-0.05723
-0.01601
-0.04018
0.03214
-0.00945
-0.05585
0.10636
-0.01684
-0.01883
-0.02827
0.01757
0.03416
0.01296
-0.10212
0.00508
-0.06627
-0.02707
-0.01498
0.02102
-0.01244
-0.00553
0.01718
0.05155
0.05338
0.01399
-0.04285
-0.00005
-0.02066
-0.07403
0.05249
-0.06345
-0.03919
-0.01063
0.02664
-0.03498
0.00622
-0.02842
-0.03543
0.07641
-0.00741
0.00228
0.02757
-0.07049
-0.02148
0.05692
0.04617
-0.02490
0.04408
-0.03869
0.05189
0.00524
-0.04529
0.00404
0.02463
-0.00537
0.04630
-0.03495
0.00948
-0.04651
-0.01316
0.02608
0.00017
0.01137
0.01830
0.04203
-0.07947
-0.01573
0.01126
-0.06192
0.00945
-0.02046
0.01581
0.00173
-0.03647
-0.05373
0.01905
-0.05955
-0.01774
-0.06973
0.03691
-0.00144
0.07097
0.03959
0.00508
0.03699
0.00110
-0.06404
0.08479
-0.04570
0.04467
-0.04908
-0.01292
-0.05509
-0.01075
-0.01973
-0.08834
0.01179
-0.05037
-0.06207
-0.00529
0.05389
-0.07547
-0.02558
0.01496
-0.06457
-0.08107
0.02331
-0.03333
-0.01538
0.01990
-0.10393
-0.05195
-0.00908
0.05815
-0.05183
0.03177
-0.02190
0.02370
-0.01682
-0.00544
-0.02474
0.02389
0.00847
0.00701
0.04947
-0.01742
-0.01895
-0.00823
-0.05206
-0.02212
-0.00074
-0.09951
0.03449
-0.05908
-0.01361
-0.00156
0.03083
-0.04982
-0.01459
0.05354
-0.03614
0.01123
-0.00067
0.03139
-0.02042
0.05375
0.11231
-0.07614
0.05620
0.00920
0.03620
0.01987
-0.00112
0.02881
-0.06225
-0.01073
0.00444
-0.02040
-0.00455
0.05220
0.01372
-0.06389
0.00450
-0.03743
-0.09232
0.03792
0.00522
-0.03347
0.09615
-0.00961
0.01101
0.12318
0.00259
0.01659
0.07109
0.04792
-0.06608
0.00448
0.00112
0.01198
-0.00980
0.05057
0.01723
0.08582
0.07061
-0.03535
0.02823
-0.01686
0.02929
0.01360
-0.02459
-0.02904
0.00404
-0.01157
-0.00583
0.04058
0.03296
0.04141
-0.00244
-0.03241
0.05406
-0.00564
-0.00707
0.03420
0.06059
0.01887
-0.08194
0.00656
0.00428
0.00236
0.05196
-0.01306
