0.01905
0.01820
-0.08106
-0.04849
-0.00347
0.02686
-0.00398
0.03331
0.02685
-0.05993
0.00625
-0.01293
0.01729
-0.00307
0.04549
0.06115
0.02904
-0.00528
-0.02280
0.01793
-0.01307
-0.07339
-0.01108
-0.01413
0.03654
-0.08763
-0.01772
-0.02522
-0.00524
0.04092
0.04652
-0.02789
-0.01828
0.07050
-0.00239
-0.02172
0.06574
-0.04907
0.03206
-0.01248
-0.01187
-0.02978
-0.03196
0.00373
0.04245
0.03522
0.01286
-0.02096
0.02730
0.01357
0.02740
0.02103
-0.03498
-0.02474
-0.03300
0.02287
-0.03824
-0.04326
0.02933
0.05774
-0.01655
0.03041
-0.04778
0.02306
-0.06134
0.02001
0.00500
0.00847
0.05422
-0.06004
-0.10234
-0.06314
-0.01270
0.01828
0.03998
-0.01112
-0.02642
-0.06743
-0.00568
0.03235
-0.02998
-0.03140
0.00440
-0.01289
0.00690
-0.03637
-0.01976
0.04843
-0.01323
0.03328
-0.04041
-0.02973
0.06108
-0.02267
-0.04731
0.00143
-0.03767
0.01138
0.02199
-0.01598
0.01728
0.07207
0.03803
-0.01493
0.02126
-0.00410
-0.07392
-0.08089
-0.01311
-0.06206
-0.00179
0.01649
-0.03816
-0.02247
0.06920
0.07224
0.05296
-0.06671
-0.00284
-0.00498
0.00003
0.07038
0.05069
0.02958
0.06631
-0.02002
-0.01694
-0.05916
-0.01710
-0.00026
-0.02654
0.07829
-0.01217
-0.07307
0.03855
-0.05495
-0.00936
-0.06311
0.03443
-0.01428
0.02441
-0.01171
-0.06101
-0.00371
0.11519
-0.05001
-0.02489
0.03847
0.01281
-0.00711
-0.00943
-0.04069
0.07336
0.01955
-0.00632
-0.04652
0.04531
0.00891
0.03641
-0.05387
0.06614
0.00431
-0.01333
-0.04848
0.09515
0.03946
-0.02043
0.05678
-0.00759
0.01624
0.02624
0.11076
0.04967
-0.01181
0.00940
-0.07546
0.00386
-0.04805
-0.03227
0.02527
0.02201
0.01463
-0.03261
-0.04193
0.02094
0.02338
-0.00418
-0.00464
-0.03568
-0.00742
-0.05239
-0.01581
0.07160
-0.04012
-0.00140
-0.07342
0.09994
0.00105
0.02726
-0.02005
0.00687
-0.05023
0.11053
-0.02427
0.03619
0.01912
-0.03202
0.00088
-0.01157
0.14456
-0.03781
0.03581
-0.03343
-0.05400
0.01949
0.04183
-0.01091
-0.03474
0.05826
-0.08121
-0.02511
-0.00485
0.00306
-0.04092
0.04388
0.01379
0.04589
0.01125
-0.02365
0.05341
-0.00405
-0.07594
-0.00341
0.03006
0.07329
0.02259
0.00036
-0.06619
0.01648
-0.00897
0.07681
0.03541
0.09490
-0.05697
0.01160
0.05385
-0.03997
0.03575
-0.04555
-0.03012
-0.00460
0.03389
0.02991
-0.02240
0.05604
-0.09310
0.05564
-0.00562
0.06343
0.01195
-0.02638
-0.06715
0.01555
-0.04401
0.02675
-0.00641
0.01854
0.01080
-0.04860
-0.06464
-0.07055
0.01358
-0.01795
0.00007
-0.01941
-0.00449
-0.00814
0.01424
-0.01423
-0.03605
-0.08408
0.00558
0.05881
0.03070
0.00712
-0.05808
0.02899
-0.01742
-0.06801
-0.00982
-0.01991
0.05919
-0.04071
-0.01618
-0.00329
0.09831
-0.03084
0.00323
0.03127
0.02149
0.05872
-0.01625
-0.02397
-0.01443
0.00488
-0.00881
0.04848
-0.04632
-0.00901
-0.03400
-0.05721
-0.05961
0.00699
-0.07885
-0.00649
-0.06717
-0.07930
-0.02056
0.02064
-0.00378
-0.02590
-0.05040
-0.04357
0.00186
-0.03872
0.01911
0.03144
-0.00269
-0.02768
0.06042
0.00904
-0.03722
-0.06306
-0.00019
-0.04919
-0.00772
0.04460
-0.02296
0.08916
0.04145
0.04802
-0.09995
-0.00070
0.04151
-0.00315
-0.02876
0.05081
-0.00024
-0.03547
0.05880
0.03630
-0.01571
0.05139
-0.00641
0.08275
0.03302
0.01578
-0.00591
-0.14009
-0.04897
-0.00205
-0.06664
-0.06081
-0.06178
-0.01257
0.01729
-0.00468
0.00418
-0.04797
0.03924
-0.00723
0.00179
0.00185
-0.03382
0.00298
-0.00109
-0.00383
-0.06797
0.00224
0.05647
-0.08189
-0.02769
-0.02334
0.00198
-0.01835
-0.02897
0.00718
0.02823
-0.02703
-0.00105
-0.00923
0.05974
-0.05774
0.03920
-0.01593
0.03329
0.06528
0.01882
0.02663
-0.01913
0.03524
-0.01507
0.06165
-0.03112
-0.08579
-0.03621
0.02189
-0.02068
-0.04355
-0.02073
0.01952
-0.03262
-0.00538
0.01477
-0.11328
-0.01755
0.01164
0.02379
0.08602
-0.01906
-0.02398
0.01014
-0.07044
0.01179
0.01715
0.06235
-0.05149
0.02874
-0.00352
-0.02699
0.01207
-0.02356
0.00350
-0.01086
0.00053
-0.01439
0.06939
0.01073
-0.05347
0.00256
-0.03217
-0.00326
0.02520
0.03492
0.01971
0.08372
0.03028
-0.10112
0.08912
-0.00368
0.01113
-0.00315
0.03074
-0.00121
-0.07183
-0.05452
0.01916
0.05640
0.01499
0.08188
-0.04576
-0.03268
0.01566
-0.04786
-0.04844
-0.01853
-0.05527
-0.01471
0.03602
0.04372
-0.00383
0.04661
-0.03103
0.01291
0.00010
-0.00690
-0.04167
-0.05755
0.04645
0.00119
-0.01340
-0.03293
0.00699
-0.01491
0.03057
0.04414
-0.04927
-0.03560
0.08764
-0.02528
-0.07879
-0.04824
-0.01340
0.07750
0.05374
0.05515
0.01941
-0.04062
0.03195
0.03079
0.01159
-0.04368
-0.04214
-0.00869
-0.00721
0.04688
0.07195
0.02937
0.04475
0.02532
0.03043
-0.04255
