-0.00502
0.03260
-0.08203
0.00539
-0.01122
-0.00023
-0.02773
0.03123
-0.03498
0.07433
-0.00261
0.01994
0.03531
0.02053
0.04385
-0.02263
-0.01708
0.07952
-0.03440
0.04598
-0.01307
0.01954
0.02487
-0.00380
0.03050
0.00499
-0.03465
-0.03813
-0.01327
-0.01104
0.02704
0.02078
-0.03340
0.02483
-0.01173
-0.08532
0.01437
-0.08259
-0.01347
-0.08098
-0.06648
-0.01008
-0.05049
-0.00203
-0.01637
0.05096
0.00787
-0.01561
0.00476
-0.02300
-0.03438
-0.06772
-0.00346
-0.04740
-0.01995
-0.01940
-0.08985
-0.00579
-0.00595
0.04044
-0.03771
0.07625
-0.04031
0.06045
-0.04844
-0.06720
-0.04594
-0.02651
0.05218
0.03926
-0.06270
-0.01578
0.02327
0.05540
0.04460
-0.02523
-0.05577
-0.06788
0.09021
-0.02869
0.07854
-0.01998
0.01256
-0.00605
-0.05896
0.00820
-0.02296
0.05062
-0.02606
-0.03957
-0.04097
0.05124
0.05703
0.05634
0.00496
0.04129
-0.01742
-0.01507
0.01324
0.01698
0.01767
0.08796
0.04558
0.01037
-0.00100
-0.06523
-0.10366
-0.10082
-0.03003
-0.04998
0.02170
0.00580
-0.03177
0.00068
0.01208
0.04057
0.03715
0.01175
-0.09179
0.03665
0.05165
0.01529
0.02772
-0.00143
0.03128
-0.00291
0.01202
-0.00798
-0.00216
-0.02909
0.03068
0.00204
-0.00039
-0.02402
0.02914
-0.00430
0.01131
-0.02624
-0.01343
0.03531
-0.06034
0.05176
-0.01440
-0.01522
0.09000
-0.01064
-0.05478
0.01164
0.05287
-0.00004
-0.04981
0.00073
0.07130
0.04973
0.04118
-0.08536
-0.01812
-0.03416
-0.08653
-0.10071
0.01106
0.05468
0.01116
0.00232
0.06213
-0.01906
-0.06144
0.05353
-0.05357
0.02186
0.00100
0.02696
0.01157
0.07941
-0.09790
-0.05827
-0.00462
0.08443
-0.04078
0.09085
0.01922
-0.02154
0.06909
0.01081
0.07581
-0.01928
0.07829
-0.04333
0.01381
-0.03511
-0.00947
0.02722
0.10220
-0.02439
0.02609
0.01433
0.00280
-0.05011
0.10680
0.01003
0.06395
-0.01001
0.01834
-0.00726
0.02048
0.00953
0.01933
0.02485
0.01890
0.04724
-0.02440
0.05617
-0.05394
0.03294
0.04459
0.06888
0.04704
0.00061
-0.00279
-0.06906
-0.01321
0.11406
0.05266
0.01584
0.10800
0.01261
-0.00472
0.03833
0.04375
0.05072
-0.00307
-0.02995
0.00484
0.00730
-0.04081
0.03847
-0.07179
0.00200
0.06245
-0.02843
-0.01503
0.02075
-0.00235
0.02568
0.00839
0.07863
0.00215
0.02040
0.06930
0.06522
-0.03348
-0.01696
0.05857
0.02035
0.02212
-0.06695
0.01472
0.06190
0.01975
-0.04387
-0.03134
-0.03037
-0.00151
-0.03938
0.03843
-0.08735
0.02260
0.01446
0.03243
-0.02206
0.02687
-0.08702
0.04184
0.03434
-0.00558
0.04935
0.01649
0.03445
0.03545
0.07000
-0.00756
-0.00298
-0.08334
-0.00929
0.01043
0.04249
-0.00347
-0.05714
-0.05526
0.02997
-0.01861
0.01036
-0.00273
0.05383
-0.05420
0.00234
-0.01499
-0.07128
-0.04199
0.04344
0.04955
0.00205
0.03037
0.04782
0.04270
-0.00973
-0.00707
-0.06291
-0.09584
-0.06815
-0.05496
0.02686
0.00520
-0.00756
0.05208
-0.03087
-0.05581
-0.05558
0.03133
0.00429
-0.02390
-0.04334
-0.03539
0.03538
-0.02535
0.00195
0.02947
-0.01767
-0.04478
-0.00087
0.03207
-0.01233
-0.07538
-0.03582
-0.03579
-0.01509
0.05376
-0.01274
-0.01339
-0.01131
0.06967
-0.02061
0.02431
-0.01440
0.04946
0.01786
-0.00368
0.05155
0.02088
0.10278
0.04631
-0.03329
-0.02926
0.02914
0.04782
0.06514
-0.03527
-0.02191
-0.02139
-0.04558
0.03899
-0.06580
-0.02732
-0.02168
0.01908
-0.00964
0.00810
0.01383
-0.07393
0.02117
0.01528
0.00487
0.06314
-0.00955
0.01669
0.02890
-0.04774
0.03556
-0.00188
0.05049
-0.01902
0.00425
0.07266
0.03302
0.01819
-0.07702
-0.03363
-0.00635
-0.01575
0.06432
-0.03535
-0.01724
0.00314
0.00417
0.02114
0.06067
-0.02244
0.01498
-0.01982
-0.01749
-0.05096
-0.03695
0.05638
0.04884
-0.01374
-0.03011
0.03400
0.09316
-0.01948
0.02862
0.02004
-0.00401
0.06270
0.05051
-0.08160
0.02863
0.06512
0.03290
0.00909
-0.04292
-0.02677
-0.05533
-0.07124
0.00975
0.03457
0.07184
0.00298
-0.02427
0.00948
-0.03549
0.02436
-0.03115
0.02329
-0.01846
0.03382
0.05079
-0.02464
-0.04873
-0.03395
0.00468
-0.04166
0.01322
-0.04470
0.04802
0.01876
0.04068
-0.05353
-0.01013
0.06098
-0.04615
0.04621
0.02556
0.07797
0.00126
-0.01312
-0.02891
-0.03041
0.04130
0.07116
0.04054
-0.00551
0.03802
0.02663
-0.03052
0.01586
0.05431
-0.04267
-0.04615
0.03494
0.03585
-0.02618
0.01418
-0.01715
-0.01780
0.00430
-0.01112
-0.05411
-0.06770
0.04659
0.07705
0.00124
-0.02359
-0.01168
0.04745
0.04599
-0.07497
-0.07723
-0.02693
0.09698
-0.04502
-0.08741
-0.09619
-0.03838
0.06318
0.03692
-0.09208
0.03808
0.03722
-0.00328
-0.02203
0.03801
-0.03438
-0.00837
-0.03666
-0.05574
0.01143
-0.05450
0.05594
0.05287
-0.03752
0.03529
-0.02022
