-0.03442
-0.03278
-0.03362
-0.01152
0.03638
-0.04116
0.07273
0.02536
-0.02558
-0.02320
0.04581
0.02420
0.05805
-0.03640
0.00350
0.08320
0.02149
-0.02559
-0.04165
-0.03692
-0.02046
-0.05635
-0.03374
-0.04780
0.01065
-0.04587
-0.03050
-0.07052
0.07545
-0.03603
-0.03880
-0.00520
-0.01091
0.00880
-0.07729
0.02158
0.06791
-0.04098
-0.06606
0.01499
0.00536
-0.01184
0.03834
0.02228
-0.00413
0.02231
0.07615
0.04219
-0.01349
-0.00243
0.01746
0.01774
0.03253
-0.01734
0.01381
-0.01444
-0.04035
0.03707
-0.05016
0.00170
-0.02661
0.03149
-0.09205
-0.00600
-0.05338
0.01596
-0.04579
0.06735
-0.00074
-0.06032
-0.00423
-0.02853
0.02971
0.00053
0.01480
-0.01617
0.04593
0.02983
-0.07216
-0.00814
-0.04415
0.01162
-0.01242
-0.00147
0.01725
-0.01387
-0.00633
0.04267
0.03119
0.03624
0.01344
0.02805
-0.02783
0.02701
-0.00024
-0.00628
-0.01253
-0.00264
-0.05445
0.02649
-0.05858
-0.01596
0.02665
-0.03250
-0.02559
-0.04345
0.03183
-0.05330
-0.00424
-0.00849
0.02558
0.02721
-0.02340
0.01942
-0.00626
0.03356
0.03983
-0.03485
0.00955
0.02094
0.05439
0.00586
0.04236
-0.02206
-0.00712
-0.01484
0.02864
-0.02458
0.08297
-0.01604
0.03700
0.03694
0.02086
0.04527
-0.02347
-0.02301
0.01232
-0.03344
0.02277
-0.03596
-0.02669
-0.03390
-0.04318
0.01179
0.01842
-0.00618
0.00487
-0.04476
0.08349
-0.01611
0.06665
-0.05762
-0.03236
-0.00153
0.05288
-0.00298
-0.01305
0.02278
0.03321
0.06988
0.04652
-0.06398
-0.01316
-0.02311
0.03151
0.03322
-0.02373
0.04257
-0.01409
-0.01320
0.00010
0.00150
-0.02787
-0.02339
0.00687
0.00851
0.05653
0.00274
0.01528
-0.00056
0.01976
-0.00004
-0.02219
-0.02298
-0.01685
0.01993
-0.01238
-0.03651
-0.02717
0.03841
-0.03825
-0.00701
-0.02912
-0.02258
0.01875
0.01724
0.01116
0.03840
-0.04857
-0.00411
0.00418
-0.08427
0.04652
-0.05870
-0.05567
0.00138
0.00971
0.03483
-0.00717
0.00453
-0.01773
-0.00015
0.04084
0.01525
-0.02060
0.00222
-0.04784
0.01674
-0.02374
-0.01526
-0.02244
-0.04280
0.00899
-0.06967
-0.02816
0.00064
-0.02871
0.03768
-0.00495
0.01163
-0.09282
-0.02022
-0.02910
-0.01918
-0.01655
0.00668
0.02335
-0.02835
0.03990
-0.00183
0.01404
-0.01160
0.00481
0.00932
0.02950
-0.01678
-0.01664
-0.00999
-0.03810
-0.02522
0.03722
0.06067
-0.00238
-0.05353
-0.05054
0.00864
0.00962
-0.02712
0.04974
-0.02730
-0.04076
-0.00520
-0.06512
0.03375
0.01383
-0.00212
-0.01918
-0.05992
-0.00814
-0.00976
-0.07462
0.00608
-0.00899
-0.03362
-0.01702
-0.04495
-0.02612
0.01807
-0.00853
0.04217
-0.03911
0.04710
0.00797
-0.00538
0.01540
-0.01171
-0.02154
-0.00086
0.04918
-0.05191
-0.00200
0.01493
-0.02304
0.04072
0.04107
0.06593
0.04207
-0.00708
0.00436
0.05094
-0.00054
0.02046
0.05150
-0.00088
0.03516
-0.00904
0.00075
-0.05256
-0.00203
-0.04931
0.01699
0.05454
-0.00127
-0.01316
0.04916
-0.01249
0.04437
0.01944
0.01619
-0.01242
0.01919
0.02279
-0.03673
0.04775
0.02003
-0.00800
-0.00819
0.08404
-0.03450
-0.00869
-0.02122
0.05158
0.01567
0.02451
-0.03266
-0.03895
0.04197
-0.04481
0.02544
0.06134
0.01807
0.00118
-0.02994
0.00255
0.04554
-0.03884
0.02118
-0.02715
0.03989
-0.03947
0.07381
0.03322
0.04194
-0.01608
0.04022
0.02293
0.00699
0.02180
0.01075
-0.00025
-0.00406
-0.06814
-0.03478
-0.01246
0.00189
0.03254
-0.00997
-0.03863
-0.00154
-0.02695
0.02625
-0.09052
-0.00223
-0.03035
0.00100
0.03795
0.00553
-0.02280
-0.02508
-0.02141
-0.05672
-0.01825
-0.00906
0.04364
-0.00406
0.02786
-0.06145
0.01752
0.01845
-0.08925
0.00479
-0.00282
-0.00696
-0.00041
0.00324
-0.00473
0.06700
0.01075
0.01382
0.00387
-0.02436
0.05046
0.02952
-0.02181
-0.08287
-0.00449
0.05598
-0.00528
0.02252
0.01342
0.07373
-0.01243
-0.04294
-0.06601
-0.02209
0.06261
-0.02404
0.05076
0.03951
-0.00067
-0.03971
0.03485
-0.03487
-0.00323
-0.05381
0.01705
-0.02727
0.03684
0.03812
0.03306
0.00147
0.07376
-0.01065
0.06378
-0.02968
-0.01788
0.02029
0.01093
-0.00362
-0.00369
0.04442
0.01328
0.03377
-0.03030
-0.00013
0.00565
0.05108
-0.01433
0.03012
-0.00136
-0.04498
-0.02142
-0.01080
-0.06790
0.02835
0.00209
0.04162
0.00302
-0.04100
-0.01415
0.05610
-0.01556
0.04028
-0.05098
-0.00107
-0.03301
0.01228
0.02058
-0.03496
0.00690
0.02173
0.02483
-0.01574
0.00850
-0.02394
-0.03225
0.00513
0.06351
-0.01327
0.01349
-0.04248
-0.04410
-0.00903
-0.03088
-0.00517
0.00890
-0.00785
-0.03372
-0.00630
0.01122
-0.02037
-0.01119
-0.02960
-0.02656
0.04693
-0.06693
-0.01601
0.04244
0.03108
0.03139
-0.09163
-0.05463
-0.04119
-0.01772
-0.03320
0.05678
0.03946
0.00780
0.04351
-0.01764
0.00688
0.00224
