-0.00785
0.02786
-0.00325
0.04193
0.02594
-0.01825
0.00118
-0.04658
-0.00721
-0.05275
0.07491
-0.05762
0.03035
0.00296
0.01327
0.04520
0.02956
0.00942
0.01251
0.01629
0.05002
-0.05068
0.00872
0.02417
0.01770
-0.00780
0.07963
-0.02127
0.08780
-0.02652
-0.03879
0.01140
-0.08570
0.06125
-0.00240
0.02888
0.03341
-0.01920
-0.03592
0.03855
-0.01856
-0.06085
0.03745
0.00502
-0.00552
-0.00655
0.01166
0.03216
-0.02370
0.09898
0.06436
-0.00367
-0.01298
0.03166
0.04813
-0.02643
-0.01505
0.00560
0.07132
0.02423
0.09076
0.01161
0.00677
-0.00604
0.03380
0.03805
-0.02941
0.01442
-0.00867
-0.00913
-0.05128
0.01569
-0.01446
0.04419
0.04243
0.01046
-0.00280
-0.01825
-0.06465
-0.02066
0.03379
0.01887
-0.00981
-0.01040
0.01996
-0.00155
0.04147
0.02054
0.04480
0.04980
0.02594
0.02142
-0.01361
0.02445
-0.01159
-0.00028
-0.00578
0.00232
-0.02751
-0.01452
0.00572
-0.08016
-0.01183
-0.03963
-0.10384
0.00417
0.00553
-0.06043
-0.07964
0.01771
-0.01565
0.00033
-0.00039
0.02728
-0.01018
-0.03253
-0.02030
-0.00797
-0.04999
0.05315
0.03071
0.08436
0.00204
-0.02675
-0.02805
-0.06508
0.00118
-0.00287
0.03520
0.05106
-0.01519
-0.00190
0.00832
0.00018
-0.04135
-0.01512
-0.01242
-0.03908
-0.03191
0.04431
0.07087
0.01258
0.02318
0.00591
-0.01286
0.02778
0.04152
0.04601
0.04247
-0.03263
0.04719
0.02680
-0.05236
0.02360
0.00091
-0.06720
-0.08671
0.05236
0.05111
-0.00345
0.05962
-0.04098
0.00755
0.08298
0.03405
0.00500
-0.02904
-0.06726
0.00461
-0.02874
0.01980
0.03281
0.02674
-0.04682
0.03510
-0.00415
0.00060
0.03064
-0.06278
0.00667
-0.00578
-0.01489
-0.07933
-0.05196
-0.08028
0.03022
-0.00667
0.00531
-0.06742
0.03940
-0.00973
0.06640
0.08065
-0.03874
-0.05976
-0.02531
-0.04243
0.01321
-0.05342
-0.03032
0.02666
-0.03083
0.04155
0.02135
0.04502
-0.00544
-0.00146
-0.02296
-0.03632
0.01851
0.02533
-0.04019
0.00954
0.04155
-0.04335
-0.01336
-0.02204
0.01485
-0.04530
0.06472
0.00325
-0.08272
-0.01467
-0.02749
0.01546
0.05536
-0.00678
0.02567
-0.06623
-0.01485
0.01276
0.01220
-0.03167
-0.05515
0.02245
0.05291
-0.01201
0.01346
-0.00986
0.02666
-0.01841
0.03745
-0.03026
0.04573
0.00310
0.06195
-0.04288
0.02904
0.01723
0.02984
-0.09897
0.02771
-0.04039
-0.04438
-0.02924
-0.03471
-0.06140
-0.00815
0.02820
0.01325
-0.03408
-0.06607
0.01866
-0.02982
-0.03189
-0.04825
-0.03077
-0.03883
-0.03211
-0.05850
0.07012
0.04418
0.01604
0.05263
0.03312
0.02366
-0.03724
-0.00579
-0.00819
0.03145
-0.05818
-0.05116
-0.03623
-0.03976
0.01102
-0.05423
-0.02544
0.00317
-0.02429
-0.02276
0.01397
0.02583
-0.01904
-0.00952
0.01379
-0.01581
-0.02939
0.02263
0.05160
-0.03190
0.05574
0.02563
0.04192
-0.00542
0.09339
-0.01499
0.04462
0.06686
0.01683
0.01849
0.00322
0.05193
0.04526
-0.00151
0.08394
0.02433
0.01569
-0.01068
0.01941
0.00241
0.04052
-0.04400
-0.03327
0.01616
0.00166
0.01659
0.01607
0.08096
-0.01127
0.03936
-0.01244
-0.03251
-0.05286
0.03336
-0.01262
0.00656
-0.02908
-0.05851
0.01179
0.04872
0.02292
0.01183
-0.01662
-0.01593
0.08498
0.01443
-0.04569
0.07195
0.01392
0.01658
-0.00722
-0.07672
0.02595
0.03885
-0.06539
0.05688
0.07680
-0.00686
-0.02380
0.02347
0.00278
-0.02616
-0.05908
-0.02325
-0.01194
-0.01658
0.00380
-0.02374
-0.04246
-0.06848
-0.00711
0.01998
-0.04659
0.04085
-0.01606
0.06094
-0.00133
-0.05740
-0.10226
-0.02431
-0.00693
0.02306
0.01358
0.00247
0.04534
-0.04521
-0.07763
0.07053
-0.03296
-0.05255
0.01097
0.04310
-0.01706
-0.01617
-0.04354
-0.07514
0.03841
0.09408
-0.02294
-0.02334
-0.00473
0.04791
0.05391
-0.01984
-0.06423
-0.01463
0.02254
-0.02906
0.06430
0.04532
0.01730
0.01586
-0.02918
0.03157
0.00892
-0.05665
-0.03416
0.05127
-0.02820
-0.00203
-0.01654
0.01668
-0.03520
0.01565
-0.01842
0.04782
0.04851
0.00958
0.04720
-0.01104
-0.03238
0.01710
-0.00651
-0.05082
0.00978
0.04315
0.01322
-0.07050
0.01648
-0.01875
0.00159
0.00857
-0.00605
0.03200
-0.02193
0.03740
0.03721
0.06909
0.01500
0.03925
0.00662
-0.01605
-0.00990
-0.05148
-0.00554
0.05239
-0.01192
0.02315
0.02772
0.04127
0.01078
0.03454
0.02742
0.06161
-0.02175
-0.07280
0.02334
-0.00879
0.00397
0.00758
0.04001
0.01626
0.03549
-0.01669
-0.03415
0.03870
0.04094
0.06713
-0.02169
-0.08776
0.00740
-0.00274
0.01905
0.05261
-0.06656
0.02637
-0.02979
0.08731
-0.04273
-0.01175
0.01774
-0.02992
0.02955
0.00073
0.07713
-0.00915
0.01093
0.00212
0.04229
-0.03030
-0.00756
-0.01438
-0.00204
-0.06232
-0.00887
0.06015
0.03382
-0.00132
-0.02883
0.03016
0.07912
0.01847
