-0.01714
0.06884
0.03901
0.03054
-0.00105
-0.06528
-0.05590
-0.00344
0.01437
-0.07622
0.00224
-0.05325
-0.05403
0.00753
0.02198
0.00077
-0.01108
0.03009
0.00324
0.02984
0.02748
0.02052
-0.04140
-0.00641
0.02753
-0.00927
0.06369
0.00448
0.10154
-0.01695
-0.01689
-0.00038
0.02453
-0.00001
0.01817
-0.03079
-0.00117
-0.07145
0.10110
0.01912
-0.01425
-0.06870
-0.02489
-0.02293
0.03177
0.02841
-0.06098
-0.02728
0.08697
0.08046
0.05081
0.00909
-0.09604
-0.02033
0.06760
-0.00825
-0.00403
-0.04149
0.04610
-0.01886
0.00219
-0.02482
0.01720
0.01418
-0.00823
0.04222
-0.05308
0.03383
-0.01686
-0.09379
-0.00973
0.02129
-0.00308
0.05397
0.04774
0.00577
0.05683
-0.04622
-0.06754
0.00618
0.02310
-0.01652
0.02980
-0.02751
0.02597
-0.02620
0.05447
-0.00821
0.05123
0.07011
-0.02724
-0.04166
0.06498
0.02960
-0.12445
0.02160
-0.06755
0.03580
-0.01939
-0.01696
0.00104
-0.00646
0.05002
-0.04869
-0.04206
-0.04630
0.03466
-0.03932
-0.01792
-0.02751
0.01931
-0.04136
0.00661
0.10282
0.03168
0.01574
-0.01877
-0.00467
-0.00658
0.00712
0.03362
0.05549
-0.00198
0.07281
0.00890
-0.05580
0.02553
-0.04243
0.01456
0.05083
0.03194
-0.03237
-0.05856
-0.00420
0.00572
-0.01482
-0.00035
-0.02901
-0.03891
-0.00503
0.06320
0.05356
-0.05355
-0.02959
0.08728
0.02944
0.02588
0.01381
0.00469
-0.04717
0.00643
0.06756
0.02175
-0.02272
-0.01035
-0.05124
0.02147
-0.04982
-0.01155
0.02110
0.00868
-0.04750
-0.01920
-0.00245
0.01348
-0.01105
0.04540
0.06321
-0.05986
-0.00852
-0.01539
0.04710
0.02771
-0.04305
-0.02244
-0.07559
-0.04797
-0.05158
-0.01005
0.09535
0.12620
-0.04241
-0.01418
-0.00896
-0.00459
-0.02302
-0.07843
-0.07577
-0.04962
0.06826
-0.04850
0.08630
0.00652
0.01690
-0.00737
-0.05041
-0.04486
-0.05926
0.02958
-0.03987
-0.03625
-0.03475
0.00779
0.06797
0.01278
-0.09013
-0.00913
0.00815
-0.04143
0.09172
0.08133
-0.02134
0.00138
0.00956
-0.06712
0.01333
-0.05155
-0.01845
-0.00243
-0.03489
0.03255
0.04443
0.01728
0.00550
-0.01120
0.07145
0.00176
0.01948
0.05190
0.02257
-0.01350
-0.11828
0.00116
0.04045
-0.01930
0.04930
-0.05636
0.03022
0.01698
0.08281
-0.02340
0.01166
0.03877
-0.00063
0.00084
0.03235
-0.09882
-0.01844
0.06048
-0.08185
-0.02764
0.01845
-0.06248
-0.02646
0.03292
-0.03400
0.02592
0.02555
0.03336
-0.01962
-0.04910
0.01706
-0.01369
-0.01705
0.03492
0.00926
0.03119
-0.04068
-0.04526
-0.00252
-0.01697
0.01769
0.03516
-0.01373
0.09428
0.06165
-0.01526
0.00196
0.03723
0.06360
-0.03629
-0.04391
-0.04689
-0.00188
0.05537
-0.00731
-0.01710
0.03073
0.01442
0.04485
-0.03596
0.00233
-0.02358
-0.08499
-0.04004
0.06412
-0.07154
-0.03304
0.02220
0.02687
-0.04482
-0.02136
0.01745
0.01671
-0.03861
-0.07513
0.11066
0.03367
-0.07046
-0.06585
-0.02529
0.00149
0.05315
-0.04289
-0.01612
0.00437
0.01558
-0.08551
0.02678
0.06659
0.02202
-0.00608
0.01306
0.00975
0.04826
-0.08989
0.07114
-0.00211
-0.03550
0.01462
-0.03947
-0.07196
0.01245
0.05952
-0.01602
0.01446
-0.04422
-0.04170
0.03880
-0.03974
0.00987
0.02245
-0.01864
0.03780
0.04576
0.06598
0.00513
0.02959
-0.01404
0.06582
0.01771
-0.09483
0.00864
0.07275
0.00236
0.04490
-0.04192
0.00861
-0.05925
0.00147
0.00005
-0.03516
0.04668
0.05158
0.05384
-0.07537
0.00339
-0.01749
-0.09442
0.02028
0.03337
-0.04589
-0.02018
-0.07752
-0.02176
0.02353
-0.03713
-0.01087
-0.07536
0.03178
-0.05794
0.05531
0.00495
0.04984
0.01380
-0.04185
-0.09105
0.03425
-0.03371
0.02039
-0.03365
-0.02883
-0.04856
-0.07831
0.00493
-0.01549
0.07291
-0.00461
-0.09055
-0.00188
0.02721
-0.05656
-0.05062
0.00013
-0.05380
-0.00461
-0.04245
-0.02316
0.00755
0.03374
-0.05566
-0.02042
0.00566
0.03598
0.01429
-0.01693
-0.00221
0.10085
-0.01780
0.03831
-0.04885
0.01946
0.01406
-0.07909
-0.02611
-0.01785
-0.04687
-0.01295
0.00963
-0.05006
0.01611
-0.01275
-0.01538
0.00999
-0.08426
-0.01738
0.03393
-0.06697
0.02602
0.05747
0.06970
0.07136
-0.09360
-0.04725
-0.04643
0.05281
0.04410
-0.05150
0.01767
0.01934
0.05700
0.00648
-0.00338
0.06406
-0.02574
-0.01859
0.01613
-0.04043
0.00293
0.12109
-0.04156
-0.07627
-0.01086
-0.02523
-0.01924
0.03127
-0.00800
-0.03671
0.09562
0.01832
-0.03530
0.10101
0.05534
-0.05571
0.05602
-0.01537
-0.05520
-0.02618
-0.00885
0.00534
0.00460
0.04142
0.01046
0.09610
0.00362
-0.03082
0.04632
0.03088
0.01027
0.01686
-0.01963
-0.00176
0.01694
-0.03242
-0.00146
0.01415
0.00146
0.00692
-0.00682
-0.04512
0.04032
0.02445
-0.04099
-0.02688
0.02656
0.03614
0.01114
-0.01924
-0.03778
-0.03678
0.09571
-0.02231
