-0.01495
0.07751
0.03880
-0.01893
-0.00480
-0.10734
-0.01609
-0.06978
0.02613
0.00116
-0.02303
-0.04371
-0.09788
-0.01218
0.04968
0.03183
0.00716
-0.00775
-0.00984
0.09978
0.03314
0.00599
-0.04986
0.00488
0.00508
-0.03051
0.02364
-0.01370
0.00247
-0.02042
-0.05741
0.02368
-0.02082
0.05395
0.03785
-0.06879
0.02047
-0.07829
0.06694
0.04184
0.02178
-0.05542
-0.06236
0.01087
-0.00743
0.03766
-0.00996
-0.02480
0.07004
0.10834
0.06697
-0.01764
-0.11739
-0.05726
0.06692
-0.05224
-0.05648
-0.03488
0.04459
0.01503
-0.02467
0.00122
0.03413
-0.00962
-0.00105
0.02107
-0.02931
0.02751
-0.02544
-0.08163
0.01664
0.02081
-0.02959
0.07000
0.01980
0.01172
0.05185
-0.02681
0.02561
0.00104
0.01604
-0.02626
-0.02197
-0.04980
-0.02399
-0.04182
0.04095
-0.01055
0.01324
0.04898
-0.02652
-0.01863
0.03974
-0.00699
-0.11507
-0.00951
-0.03018
0.06570
-0.00391
-0.04087
0.01007
0.02921
-0.00739
-0.04205
-0.02507
-0.03482
0.05153
-0.00507
-0.04540
-0.02219
0.01209
-0.11746
0.05109
0.12271
0.02164
0.01678
0.02420
-0.00004
-0.01789
-0.00771
0.03005
0.07589
0.02690
0.07093
0.05393
-0.03158
0.02015
-0.02982
-0.01804
0.05022
-0.01530
-0.06426
-0.03435
-0.05924
0.01618
-0.06700
-0.03084
-0.01572
-0.02552
0.02385
0.10416
0.03047
-0.03392
-0.00095
0.05145
0.03307
-0.00947
0.03001
0.00903
-0.01873
-0.03324
0.06297
0.01631
-0.03245
-0.03989
-0.08007
0.03947
-0.04510
-0.06848
0.04291
0.00475
-0.04468
-0.02217
0.02887
-0.01345
0.00515
0.04366
0.05252
-0.01937
-0.05239
-0.01982
0.04832
0.02803
-0.01970
-0.04156
-0.05105
-0.03209
-0.02022
0.02718
0.06298
0.08451
-0.03274
0.04571
0.02931
-0.03436
-0.01156
-0.06917
-0.04223
-0.03928
0.08276
0.00205
0.05486
0.04204
0.07893
0.00166
-0.03980
-0.01202
-0.04218
0.01459
-0.05669
-0.03175
-0.08158
0.01066
0.07851
0.05000
-0.08986
0.03309
0.06417
-0.04935
0.07628
0.04608
-0.01036
-0.01384
-0.02262
-0.03908
-0.01219
-0.00332
-0.04278
-0.03075
0.03694
0.02634
0.07293
0.02443
-0.01104
0.03264
0.10733
0.03837
0.02569
0.02648
0.10440
-0.01942
-0.11062
-0.02864
0.01862
-0.01322
0.07088
-0.07160
0.01964
0.00957
0.06175
0.01929
0.01931
0.02515
0.02444
0.00762
0.01831
-0.05004
0.01749
0.11869
-0.11095
-0.03542
0.06133
-0.04040
-0.07213
-0.01334
-0.03329
-0.00141
0.02345
-0.05830
0.00652
-0.02832
0.03141
-0.03935
-0.00198
0.02512
0.05331
0.00113
-0.02114
0.00342
-0.02400
-0.01727
-0.00833
0.00479
0.00731
0.00946
0.04002
-0.04334
-0.01550
0.05389
0.04357
-0.03668
-0.01476
-0.00505
0.02437
0.06701
-0.02278
-0.02085
-0.00113
-0.01187
0.07889
-0.08754
0.05433
0.03714
-0.08342
-0.00771
0.03282
-0.07102
-0.03529
0.02156
-0.00476
-0.04728
-0.03338
-0.04668
0.04033
-0.03349
-0.02434
0.09513
-0.01243
-0.03251
-0.02204
0.00679
0.01999
0.02929
-0.08262
-0.01727
-0.06552
-0.03717
-0.03422
0.01984
0.00826
0.00782
0.03500
-0.00535
0.02654
0.04291
-0.07894
0.03830
0.00739
-0.07210
0.07139
-0.08582
-0.02012
-0.01978
0.03477
-0.02228
-0.00163
-0.03319
-0.05082
0.04170
-0.00048
-0.01870
0.02617
-0.03073
0.02246
0.01421
0.09539
-0.00119
0.01816
-0.04599
0.06374
0.00064
-0.05540
0.00880
0.05572
-0.02724
0.04485
-0.01858
0.01263
-0.02377
-0.01870
0.01823
-0.00454
0.02356
0.00708
0.02086
-0.06356
-0.04137
-0.01023
-0.08885
0.01652
-0.01664
0.00466
-0.01819
-0.03309
-0.00901
0.02796
-0.04603
-0.00647
-0.06802
0.05686
-0.02955
0.03884
0.00387
0.01994
0.04414
0.00101
-0.03445
0.06266
-0.03569
0.04958
-0.05883
0.00026
-0.04089
-0.02380
0.00243
-0.05527
-0.00300
-0.04819
-0.08443
-0.00142
0.04835
-0.07034
-0.02667
0.00891
-0.06003
-0.06059
0.00105
-0.04022
0.00345
0.01664
-0.10079
-0.06083
0.00216
0.05878
-0.02732
0.02713
-0.01810
0.05889
-0.01924
-0.00018
-0.04170
0.00849
0.02001
-0.01475
0.02496
-0.03544
-0.00655
-0.03681
-0.03525
-0.02786
-0.00726
-0.06155
0.04306
-0.05041
-0.02980
0.00759
0.01273
-0.03054
0.00153
0.06540
-0.00792
0.04362
-0.01624
0.01964
-0.01662
0.02637
0.12529
-0.07791
0.02876
-0.00142
0.02969
-0.00244
0.01256
0.05770
-0.05642
-0.00713
0.02931
-0.02800
-0.01566
0.05447
0.01101
-0.07369
0.00309
-0.05156
-0.06119
0.03566
-0.01435
-0.00955
0.12210
0.00805
0.02065
0.11946
0.03239
-0.00768
0.05129
0.02069
-0.03735
0.00804
-0.00332
0.03775
-0.01910
0.06251
0.02113
0.12135
0.08251
-0.03802
0.04969
-0.02437
0.06516
0.00429
-0.03681
-0.00687
-0.01370
-0.02496
-0.03247
0.02684
0.04052
0.02076
0.01035
-0.02583
0.03205
0.03300
-0.02941
0.01455
0.00703
0.01570
-0.05979
-0.00939
-0.05003
-0.01233
0.05998
-0.00327
