0.00404
-0.02209
-0.01280
0.02234
0.02134
0.02929
-0.02176
-0.01674
0.00251
-0.02881
-0.04209
-0.00739
-0.04040
0.01919
0.00708
0.08433
0.03908
0.03717
-0.04596
0.04701
0.04234
-0.06559
-0.02620
-0.02384
0.02167
-0.06758
0.01765
0.05196
0.04530
-0.01379
0.10244
0.01435
-0.01958
0.06704
-0.00506
-0.04240
0.01635
-0.10728
-0.03078
0.06829
0.03636
-0.01446
-0.01565
0.02485
0.10933
0.01204
0.03258
-0.05845
0.03090
0.03623
0.05717
-0.00851
0.03790
-0.01809
-0.03565
-0.01852
-0.04123
-0.04148
0.06412
0.00688
0.03280
0.00148
-0.01942
0.01751
-0.05381
0.09886
0.00137
0.03577
-0.03292
-0.07272
-0.06466
-0.04371
-0.01559
0.06932
0.04498
0.03950
0.03276
0.03358
-0.03586
-0.00385
0.01668
-0.02221
-0.03677
0.01073
0.04671
-0.02313
0.01133
0.08588
-0.02616
0.07403
0.00299
-0.05445
0.07498
-0.02103
-0.02600
0.02054
-0.00785
0.04090
0.04197
0.02524
0.07675
0.06135
0.04433
-0.04675
0.02133
0.01176
-0.02550
-0.09252
-0.03370
-0.00181
0.02925
-0.00163
-0.01324
0.00181
0.03715
0.02035
-0.05254
-0.07375
0.02277
0.05236
0.05401
0.06272
-0.02304
0.05636
0.01600
-0.07257
0.04266
-0.04636
0.04941
-0.00818
0.01938
0.00987
-0.01584
-0.04229
0.04726
-0.04528
0.05257
-0.12206
0.00047
-0.00548
0.05853
0.00349
-0.07498
0.01934
0.09891
-0.07572
-0.02860
0.03411
0.02909
-0.05087
-0.04930
0.03613
0.02645
0.00344
0.01635
-0.06038
-0.00276
-0.00980
0.01215
-0.03383
0.03036
0.01848
0.01016
0.00624
0.07181
0.04824
-0.02495
0.02238
0.03320
-0.04486
-0.05759
0.06551
0.02011
-0.02150
0.03119
-0.02652
-0.03128
-0.00354
-0.04555
-0.01136
-0.00038
0.02711
-0.05337
-0.00740
0.02046
0.01059
-0.06813
-0.07338
-0.00642
0.04191
-0.04748
0.01133
0.05757
0.02664
0.00421
-0.03189
0.00115
0.00687
0.04494
-0.03343
0.01322
-0.05675
0.04455
-0.02048
0.01036
-0.08521
-0.01738
0.04636
0.00411
0.11529
-0.04259
0.03604
0.02350
0.00290
0.00311
0.08133
-0.07425
0.00849
-0.01452
-0.04106
0.03556
0.01848
0.00305
0.03856
-0.01596
0.00011
0.05215
-0.05833
-0.01329
0.06115
-0.00282
-0.10076
0.03304
-0.01337
0.04228
0.02226
0.00916
-0.02150
0.02174
0.05332
0.03884
0.06021
0.05619
-0.01117
-0.02159
-0.02150
-0.01211
0.02913
-0.04020
-0.01492
-0.02141
0.04728
0.02120
-0.08215
0.02587
-0.02694
0.02247
0.00191
0.05543
0.05232
-0.05748
-0.00274
-0.03224
0.00576
0.06507
-0.01252
-0.02151
-0.00717
-0.01737
-0.08082
-0.05252
-0.00302
-0.00820
-0.02814
0.05474
-0.01911
-0.02007
0.01855
-0.05094
0.01880
-0.02559
-0.02534
0.05965
0.07509
0.07184
-0.05163
0.00670
-0.00669
-0.01228
0.01365
-0.00784
0.08345
-0.03410
-0.07328
0.01791
0.11340
-0.01977
0.02936
0.03428
0.01231
0.04840
0.01375
-0.01535
-0.00264
0.01103
0.03556
0.07286
-0.01523
0.00351
-0.04658
-0.08272
-0.01038
-0.01289
-0.04550
-0.03007
-0.04656
-0.05367
-0.00439
0.06898
0.00965
-0.00619
-0.10972
-0.01094
-0.02777
-0.01036
-0.06215
0.01355
-0.00247
-0.05320
0.07160
-0.08684
0.00684
-0.04324
-0.01235
-0.02479
0.05186
0.02253
-0.03904
0.03701
-0.00942
-0.04319
-0.04770
0.05002
0.05558
-0.00860
0.04639
0.05380
0.00003
-0.03192
0.08510
0.05488
-0.03962
0.07133
0.03867
0.07637
-0.02298
-0.01194
0.01345
-0.06905
-0.01351
-0.03156
-0.07680
-0.02006
-0.04202
0.02825
0.03207
-0.03335
0.02172
-0.03062
-0.01889
0.02652
-0.01199
-0.02572
0.04826
-0.01191
0.00110
-0.02402
0.00346
-0.00152
0.04294
-0.07664
0.00524
-0.04377
-0.02446
-0.09000
0.02094
0.00345
-0.00022
-0.02379
-0.00759
-0.05067
0.05633
-0.03296
0.03150
-0.00130
0.02818
0.00368
0.05596
0.04156
-0.07320
0.06686
-0.03484
0.01620
-0.06827
-0.05060
-0.01070
-0.00595
-0.02550
0.00335
-0.05873
0.04363
-0.05503
0.03552
-0.02515
-0.03610
-0.01299
-0.00531
-0.03141
0.02261
-0.00345
-0.00092
0.07438
0.01040
0.01566
-0.00743
0.02207
-0.02231
-0.00722
-0.01775
-0.04178
-0.07488
-0.01357
-0.00328
-0.04619
0.02590
-0.00030
0.06900
0.06419
-0.02484
-0.02682
-0.01668
-0.00349
-0.04285
0.01564
-0.01343
0.01399
0.06341
-0.08192
0.07858
-0.00620
0.04510
-0.04588
-0.00718
0.06687
-0.02175
0.01405
0.00301
0.02350
0.01852
0.06213
-0.00643
-0.01772
0.02121
-0.02806
0.00728
0.02454
-0.04439
-0.06758
0.05894
0.07288
0.01222
0.06811
-0.06621
0.01331
0.01085
-0.00084
-0.00601
-0.07010
0.11918
0.03243
0.01881
-0.00575
-0.06760
0.06322
0.03557
-0.04130
0.01087
-0.02835
0.10365
-0.04753
-0.02462
-0.00543
0.02991
0.05077
0.01325
0.01334
0.01339
-0.05746
0.06179
0.06743
-0.04124
-0.01424
-0.04868
-0.02003
-0.08249
0.04361
0.09314
-0.02080
-0.01132
-0.04053
0.05291
0.02383
