-0.00387
0.02983
-0.00138
0.04094
-0.00408
0.05241
-0.03924
-0.00737
-0.02288
0.07339
0.03882
0.04184
-0.00765
0.00181
0.02205
-0.01898
0.05825
0.03361
-0.04252
0.03397
0.01120
0.03878
0.03865
-0.03721
0.00345
0.03329
0.01345
0.04360
0.05287
0.00122
0.02826
0.06119
-0.01615
0.03650
0.00787
-0.03669
-0.07260
-0.13411
-0.01546
0.02879
-0.00981
-0.02833
0.00631
-0.01580
-0.00236
0.02624
0.04606
-0.04597
0.05072
-0.00763
-0.01574
-0.08415
0.07186
0.01563
0.04991
-0.03141
-0.02567
-0.00676
0.00923
0.01679
0.01151
0.07115
-0.02578
0.06996
0.04510
-0.00249
-0.04829
-0.05529
-0.01342
0.00843
-0.00715
0.06614
-0.01506
0.03765
0.00513
0.05528
-0.03197
-0.01590
-0.00047
-0.02515
0.08006
-0.08051
-0.05151
-0.00409
0.07533
-0.02219
-0.07399
0.02537
0.03400
0.01070
0.05631
0.01431
0.03571
-0.01451
0.06417
0.07665
-0.02380
0.07946
0.03345
0.01911
0.07120
0.01927
0.04315
0.03046
0.01601
-0.00027
0.00072
-0.07144
-0.02394
0.06031
-0.00977
-0.01455
0.03191
-0.04409
-0.11308
-0.04779
-0.10996
0.00911
-0.00194
0.08863
0.03658
-0.03539
-0.02551
-0.05526
-0.03358
-0.04905
0.09916
-0.06930
0.00200
-0.06356
0.02440
-0.00325
-0.02937
0.00629
-0.03637
0.04208
0.02075
-0.03303
-0.02088
0.05087
-0.00242
0.04256
-0.03174
-0.02705
-0.00387
-0.04271
-0.03608
0.00450
-0.01208
0.00704
0.02877
0.07744
-0.00559
0.10995
0.03855
0.01659
-0.10201
-0.03202
-0.03369
-0.09079
0.03919
0.04617
-0.01916
0.05664
0.01935
-0.06042
0.04108
-0.02039
-0.01133
-0.01110
-0.09794
0.00348
-0.01339
0.00268
-0.00477
0.02358
-0.05347
0.05490
-0.02328
-0.03923
-0.06024
-0.02604
-0.02790
0.04980
-0.00350
-0.02334
0.09042
-0.01731
-0.01638
0.04290
0.00676
0.05662
0.06939
-0.01965
-0.01854
-0.00368
-0.06765
-0.05578
0.07231
-0.04425
0.04501
0.03931
0.00504
-0.02021
0.02116
-0.04477
0.00606
-0.05406
-0.00384
0.03735
-0.04863
0.02128
0.00301
-0.02149
-0.00252
0.00817
0.00023
0.02273
-0.04036
0.02769
0.01682
0.02959
0.04729
0.05576
0.05063
-0.03797
0.00926
-0.02493
0.00846
0.04057
0.07286
-0.03972
-0.00292
-0.02172
-0.01472
-0.04808
-0.01001
0.05471
-0.02044
0.06641
-0.02851
0.02352
-0.01365
0.02016
-0.01669
0.02836
-0.05198
-0.02911
0.05370
0.05607
-0.03416
0.00196
0.05180
0.00879
-0.05690
0.03444
-0.01957
0.06993
0.09205
0.01915
-0.04745
-0.01095
0.07661
-0.04126
0.06815
-0.07224
-0.05707
0.08070
-0.00248
-0.08769
0.11272
-0.04580
0.06418
0.05265
0.05593
0.06496
-0.03715
0.04812
-0.09067
0.06919
0.04026
0.02203
-0.05943
0.01138
-0.04653
-0.03134
-0.02954
0.00571
-0.02809
0.04148
0.00745
-0.01087
-0.06136
-0.00586
-0.05136
-0.05416
0.01844
-0.07274
-0.06332
-0.02741
0.03353
0.01064
-0.01200
-0.00930
0.06609
-0.00503
0.02614
0.06821
-0.04445
-0.03915
-0.06361
-0.01073
-0.03352
0.04437
0.06412
0.01767
-0.04340
-0.00259
0.04556
-0.02798
-0.01286
-0.09661
0.00078
0.00957
0.00039
-0.01543
0.02280
0.05017
-0.01855
0.04470
0.02413
0.03764
-0.05974
-0.03155
0.00297
0.07617
-0.00020
-0.02095
-0.04356
0.00426
0.01906
0.00414
0.02091
-0.01432
0.07752
0.05007
0.03968
0.01497
-0.00697
0.05917
0.03768
-0.02729
-0.01062
0.02715
0.02009
0.00073
0.01657
-0.00043
0.05215
-0.01868
-0.06765
-0.10388
-0.03209
-0.03201
0.05348
0.06019
-0.01023
-0.00820
-0.06038
0.05961
-0.04799
-0.03544
-0.01361
0.04384
0.03896
0.06340
0.03220
0.07632
-0.01709
0.04011
-0.02249
-0.03483
-0.01094
-0.04266
-0.00431
-0.00380
-0.01164
0.04989
-0.02310
0.05536
-0.03591
0.01531
-0.03323
0.01485
0.06835
0.01300
-0.06392
0.01912
0.01061
-0.02852
-0.01941
-0.03217
0.06931
0.01882
0.00253
0.01423
-0.00539
0.04820
0.01997
-0.03971
0.06190
-0.02747
0.08716
-0.00258
-0.01315
-0.04825
0.07991
0.01113
-0.02295
-0.03210
0.03836
0.04235
0.02710
0.04766
0.06003
0.04915
0.01223
0.00462
0.03210
-0.04296
-0.02163
0.02425
0.00625
-0.03791
0.06532
0.03905
-0.02516
-0.04642
-0.04294
-0.05275
-0.05031
-0.01286
-0.04891
-0.00924
-0.02163
-0.01338
-0.00870
0.05533
-0.06381
-0.01702
0.07318
-0.05155
0.09229
0.02372
0.01656
0.00331
-0.00805
0.04556
0.05936
0.01721
-0.03920
0.06242
-0.01660
0.02777
0.05592
0.02233
0.00990
-0.10875
0.04202
-0.01384
-0.03327
-0.03736
0.03552
0.00005
-0.00232
0.01358
-0.00497
-0.04917
0.07684
0.02432
0.11760
0.05166
-0.04665
0.05439
-0.03869
-0.09496
-0.04030
0.07683
-0.01986
-0.04027
-0.01889
-0.03879
0.00671
0.01971
0.00510
-0.06512
-0.00369
-0.01138
0.03816
-0.02037
-0.01828
-0.01069
0.02138
-0.02979
-0.09270
-0.01969
-0.03873
0.01907
0.03181
-0.08562
0.00454
0.06120
