-0.03813
0.06012
-0.10447
-0.06647
0.08046
-0.04567
0.07125
0.05977
0.00943
-0.01827
0.04709
0.01310
0.00566
-0.01878
-0.00573
-0.00708
0.00800
-0.05336
-0.05259
-0.04086
-0.01848
0.03768
0.00945
-0.04233
-0.00341
-0.10927
0.03903
-0.08479
0.01032
0.01198
-0.04762
-0.00645
0.03655
0.07240
0.02895
0.06095
0.03059
-0.01953
0.01603
0.01230
0.02069
-0.02092
0.01729
0.00734
-0.03720
0.06595
-0.06735
0.00325
-0.03801
-0.02294
-0.03315
-0.04181
-0.00526
-0.02420
-0.06178
-0.00921
-0.02302
0.01550
0.02212
-0.04777
0.00345
0.04266
-0.01963
-0.06005
0.01061
-0.03529
-0.01474
-0.01057
0.03304
0.02865
-0.02856
-0.07671
0.01544
-0.03100
0.10499
-0.02946
-0.02260
-0.00133
-0.05299
0.07073
-0.04614
0.04563
-0.02343
-0.03643
0.02881
-0.04536
0.03514
0.00394
-0.02758
-0.04540
-0.03532
-0.00850
0.00115
-0.09155
-0.00351
-0.06993
-0.00993
0.04790
-0.07857
0.00853
0.00309
0.07783
0.02048
0.01283
-0.05575
-0.01038
0.05419
0.02014
0.01569
-0.04769
0.00027
-0.01878
-0.02350
-0.09169
0.02326
-0.03143
0.03187
0.04282
0.03597
-0.03860
-0.05973
0.03095
-0.03839
0.02309
-0.03464
-0.01959
0.02026
-0.01345
-0.00459
0.00810
-0.06865
-0.01625
0.01508
-0.02693
0.00656
-0.01680
0.04552
0.02464
-0.03251
0.02326
0.02042
0.03200
-0.06211
0.05944
0.03863
0.02423
-0.08412
-0.00440
0.04963
-0.00518
0.02392
-0.05676
-0.07043
0.01040
0.05572
-0.02122
-0.01302
0.01705
0.00052
0.01782
0.04280
0.01942
0.00085
0.02702
0.01796
0.01524
0.01910
0.05573
-0.02189
0.02470
0.02873
0.00479
-0.01469
-0.01821
-0.00732
0.03718
0.03957
-0.07900
-0.02360
-0.00840
0.07018
-0.05682
-0.02357
0.02342
0.03800
0.06129
-0.00880
-0.00759
-0.03138
0.02723
-0.01341
-0.06860
0.01413
-0.05011
0.09106
-0.08687
0.03225
0.02171
-0.01178
0.03974
-0.05506
-0.05962
0.05806
-0.04515
0.03737
0.07141
-0.00604
-0.09815
0.03506
0.09362
0.04748
-0.00788
-0.07486
-0.04861
-0.03693
0.04561
-0.01452
-0.07125
0.04346
-0.05082
-0.00839
-0.00113
-0.02450
-0.01383
0.07826
-0.00812
0.01103
0.01418
-0.02200
0.05525
-0.11315
0.00641
-0.01787
-0.01401
0.02282
-0.00172
0.02718
-0.07597
-0.01277
0.01594
0.10285
-0.04291
0.01935
-0.09203
0.06383
0.02151
-0.06031
-0.03316
0.02969
-0.06248
0.04387
0.09133
-0.09156
-0.06982
0.06295
-0.07973
0.08036
0.01664
0.01403
-0.00691
-0.01219
0.02408
-0.04358
-0.05249
-0.02985
-0.00259
0.02838
-0.00247
-0.03329
-0.10027
-0.01593
0.02228
-0.05440
0.00191
-0.00822
-0.00259
0.01089
0.00351
0.01876
-0.03220
0.08833
0.08034
0.05799
-0.04782
-0.01629
-0.05741
0.04074
-0.00205
-0.01688
-0.00860
-0.08703
-0.03194
0.01140
-0.06187
0.01178
-0.02520
0.02040
0.05556
0.02223
0.03890
0.07954
0.02234
-0.08804
-0.02459
-0.06823
-0.03632
0.06742
-0.12895
-0.00753
0.01763
-0.01172
-0.02855
0.03474
-0.08811
0.01718
-0.03400
0.04782
0.03281
0.04719
-0.06616
0.00929
0.00186
-0.01768
-0.05580
0.02159
-0.02035
0.04041
0.03055
0.05723
-0.01801
0.04155
0.01871
0.01565
0.08947
-0.05967
-0.00097
-0.06774
-0.08985
0.06565
-0.00175
0.06492
0.01407
-0.02326
0.01394
0.00653
0.01050
-0.06468
-0.02318
-0.04370
-0.03284
-0.01771
-0.02259
0.01910
0.01430
0.01032
0.00292
-0.00904
0.05036
-0.04353
-0.01456
-0.00954
-0.03150
-0.08485
0.01670
-0.00465
0.01281
0.03950
0.04111
-0.03474
-0.02527
-0.00817
-0.05079
-0.01026
-0.03888
-0.02667
-0.02096
-0.01404
-0.03322
-0.10593
-0.02811
-0.01151
-0.05344
-0.06668
-0.03708
-0.01368
0.05197
-0.01108
0.05149
0.08142
0.03790
0.02062
0.06571
-0.06428
-0.01943
-0.02862
0.00356
0.10704
-0.02860
0.03709
0.04335
0.01109
0.06416
0.02914
-0.02850
0.02388
0.05968
-0.04188
-0.08389
0.00519
-0.01136
-0.00631
-0.01526
-0.03201
0.02735
-0.07473
-0.03273
0.02808
0.04123
-0.02482
0.00566
-0.01989
-0.00964
-0.01567
-0.01147
-0.01012
0.02192
-0.00200
-0.01830
-0.00758
0.02181
-0.03799
0.01340
-0.06749
-0.01219
-0.00550
-0.12985
-0.02514
-0.01579
0.02358
-0.00571
-0.01548
-0.01707
0.05392
0.06844
-0.00049
0.01939
-0.03156
-0.01089
-0.01171
-0.03033
0.03981
-0.03461
-0.02772
-0.03697
-0.08590
0.00278
0.00248
0.06235
0.03240
0.05616
0.04808
0.04086
0.03664
-0.09857
-0.01432
0.02921
-0.00681
0.01381
-0.00311
-0.04294
-0.00576
0.01734
0.04012
-0.05609
-0.00438
0.04861
0.00011
0.04587
0.03316
-0.06746
0.01209
0.01699
-0.03661
-0.08909
0.02904
-0.03071
-0.01649
-0.01686
-0.01840
-0.00918
0.04886
-0.06818
0.01706
-0.02506
0.01042
0.01744
0.00665
0.01984
0.07302
0.00242
-0.06109
0.03973
0.04956
0.00557
0.00965
0.05646
0.08104
-0.02133
-0.02676
-0.02196
-0.00301
0.02143
