-0.00498
0.05533
-0.06087
-0.01794
0.09514
-0.03720
-0.02143
0.04862
0.02714
-0.00389
-0.00730
-0.02724
-0.02207
0.00828
0.01114
0.01172
-0.06788
-0.06803
-0.00857
-0.04161
0.00705
0.01519
-0.01516
-0.00667
0.03604
-0.02537
0.05941
-0.07628
0.03967
-0.03841
-0.06221
-0.00096
0.05849
0.02347
0.00938
0.04487
0.08414
0.02739
0.02013
-0.05752
0.00022
-0.00381
-0.04218
-0.01259
-0.07076
0.00634
-0.05321
-0.00632
-0.05050
0.02728
0.00575
-0.07596
-0.05429
-0.06193
-0.09336
0.04658
0.00108
-0.03038
0.00532
-0.09727
-0.02469
0.04098
-0.09627
-0.01854
-0.02693
-0.04545
0.01051
0.01617
0.04832
-0.00921
-0.01787
-0.03996
-0.01902
0.01887
0.06083
-0.01511
-0.04575
0.01404
-0.04950
0.07186
0.07311
0.02055
0.03393
0.00841
0.06083
0.02035
0.02786
0.02681
-0.05874
0.02625
-0.03752
0.00342
0.02839
-0.01619
0.00277
-0.01988
0.00494
-0.00762
-0.06508
-0.02296
0.00196
0.07625
0.02714
0.02862
-0.04149
-0.04708
-0.00345
-0.04440
0.02599
-0.06759
0.04727
-0.01200
-0.02175
-0.04304
-0.00621
0.00813
0.07837
0.03352
0.08240
0.04582
0.00495
-0.00810
-0.05052
0.01214
-0.01552
-0.02960
0.09459
-0.04149
-0.04332
-0.02095
0.00395
0.06515
-0.01864
-0.04237
0.01318
-0.01789
0.06274
-0.01290
-0.05581
0.04553
-0.04558
0.03848
-0.07035
0.01872
0.08846
0.00905
-0.05192
0.01031
0.04164
-0.10289
-0.00040
-0.01632
-0.00454
-0.06007
0.03901
0.05069
0.00557
0.09980
0.02795
0.01202
0.04228
-0.01109
0.02525
-0.04174
-0.02357
-0.01244
-0.00743
0.01314
-0.03046
0.04939
0.02930
-0.00852
-0.01481
-0.02242
0.05219
0.01018
0.01253
-0.07591
-0.05771
0.03043
0.13791
-0.05105
-0.08847
0.04738
0.05586
0.05161
-0.03342
0.05939
0.00194
0.06395
-0.04947
-0.00666
0.00809
-0.05926
0.11184
-0.00554
-0.00580
0.07500
-0.01543
0.09304
-0.05312
-0.07428
0.03914
-0.00464
-0.00027
0.10565
0.02045
0.00042
0.08066
0.06985
0.01896
-0.02890
-0.04071
-0.01643
-0.00919
0.02562
-0.06900
-0.01754
0.01679
-0.04404
-0.02334
0.03064
-0.04402
0.02760
-0.00222
0.01617
-0.06686
-0.03134
-0.00850
0.01621
-0.10775
-0.02383
-0.03025
-0.03420
-0.00812
-0.01406
0.05484
-0.07054
-0.01313
0.04356
0.05506
0.01962
-0.05387
-0.06081
-0.01998
0.05806
-0.04295
0.00731
-0.00712
0.00493
0.00476
-0.00188
-0.03822
-0.05000
0.04451
-0.04719
0.03461
0.03611
0.03184
-0.01996
-0.02864
0.05036
-0.02402
-0.02958
0.02368
0.00422
0.06394
-0.02265
0.01074
-0.03771
-0.04231
0.03299
-0.01831
-0.03684
-0.01069
0.03911
0.01054
-0.00319
0.03100
-0.02467
-0.01264
0.05618
0.03840
-0.00201
0.01707
-0.02132
0.04006
0.00107
0.07446
-0.04796
-0.06347
-0.09241
0.00014
0.00368
-0.06616
-0.06375
0.02179
0.06424
0.03263
0.04678
-0.03424
-0.00612
-0.05412
0.02824
-0.06013
-0.05725
0.01596
-0.08089
-0.02526
-0.04974
-0.01713
0.04652
0.00803
-0.06576
-0.00327
-0.02445
0.03719
0.05874
0.01966
0.02658
0.04679
0.01881
-0.02421
-0.04877
0.00100
-0.01390
0.04307
0.01413
0.04928
-0.07729
0.03554
-0.04280
0.01589
0.05561
-0.09122
-0.00321
-0.06967
-0.10881
0.03648
-0.02002
0.07329
0.05321
-0.02312
0.00714
0.01053
-0.03663
-0.06431
0.02420
-0.03269
-0.01323
-0.04741
-0.01283
-0.03022
0.01340
-0.00947
-0.04885
-0.03802
0.00850
-0.06400
-0.01973
0.03145
-0.03598
-0.01662
0.01956
-0.00212
-0.04309
0.06263
-0.02570
0.01387
-0.02784
0.01361
-0.06992
-0.02299
-0.05195
-0.00066
-0.08950
-0.05430
-0.03731
-0.09454
0.02312
-0.01438
-0.06532
-0.00563
0.06406
-0.01044
-0.05807
-0.04077
0.10686
0.08903
-0.01110
-0.02421
0.01991
-0.00368
-0.06633
-0.03413
-0.00012
0.11460
0.00676
0.02687
-0.03578
-0.05022
0.05562
-0.01935
-0.05916
0.04982
0.05321
-0.06332
-0.03452
0.02668
-0.00061
-0.00385
-0.04677
-0.02018
0.02322
-0.01723
-0.00247
0.05202
0.04674
-0.07349
-0.02166
-0.04572
-0.01018
-0.00367
-0.01950
-0.06075
0.02500
-0.05777
-0.04859
-0.00070
-0.01809
0.02714
-0.02957
-0.06973
0.04437
-0.01764
-0.09166
0.00253
-0.02125
-0.01179
-0.05049
0.03383
0.00949
-0.01021
0.02457
-0.04827
0.06950
-0.02844
0.03086
0.00870
-0.02250
0.02534
0.01863
0.01530
-0.01637
-0.01034
0.00571
0.05327
0.04318
0.06188
0.05156
0.11419
0.04055
0.00504
-0.09446
0.04831
0.00237
-0.05166
-0.00048
0.02225
-0.03126
-0.00124
-0.02747
-0.01338
-0.06432
0.00887
-0.01501
0.07093
0.00448
0.00206
-0.00377
0.02998
0.03135
-0.05095
-0.06343
0.02372
-0.02016
0.02799
-0.02700
0.01364
0.02397
0.07185
-0.08229
0.06968
0.00212
0.02635
-0.01494
-0.02112
-0.05709
0.00609
-0.07477
-0.01434
0.02351
0.03392
-0.02361
0.05535
0.02864
0.02557
-0.00829
0.00110
-0.02921
0.08102
0.01972
