0.01029
-0.03877
-0.09108
-0.00522
0.00807
-0.07179
0.01582
0.06350
0.05473
-0.04342
-0.06403
0.02357
-0.02939
0.01546
0.00672
0.00967
-0.00711
-0.01982
0.04575
0.00637
0.02515
-0.03569
0.03045
0.05072
0.07261
-0.02043
-0.01490
-0.03191
0.07775
0.06917
-0.00240
-0.08352
-0.05416
-0.02251
0.02481
0.00942
-0.01685
-0.02491
0.02068
0.09137
-0.01569
0.04741
-0.07870
0.04182
0.02845
0.03012
-0.05653
0.02307
-0.02600
0.04981
0.00306
-0.04665
-0.03141
0.02700
-0.07025
0.02254
-0.01549
-0.00796
-0.00851
-0.03902
-0.00311
0.02379
-0.03171
0.00820
0.00900
0.02353
-0.00434
-0.00136
-0.00228
-0.07140
-0.03869
0.01287
-0.02734
0.00498
0.03243
-0.00477
0.03992
0.00347
-0.00428
0.06898
0.03030
-0.01555
0.01349
0.00801
0.01860
0.02003
-0.02240
0.04699
-0.00834
0.01619
0.09303
-0.04933
0.05822
-0.05600
-0.02906
-0.01629
0.00950
0.00303
-0.03045
0.03367
-0.00074
-0.02732
0.04633
0.01781
0.01385
0.00717
-0.03935
0.03743
0.04442
-0.04026
0.07626
0.02495
0.03388
-0.02029
0.06758
-0.05244
-0.03502
-0.02492
-0.04508
0.01469
0.02268
0.07039
0.02775
-0.00341
0.02532
-0.04888
-0.07125
-0.02922
-0.01903
0.02598
-0.02073
-0.00822
0.01040
-0.01198
0.01256
-0.00731
0.04869
-0.00684
0.05421
0.02705
-0.03480
0.03566
-0.00874
0.06108
0.09322
-0.01383
-0.00666
0.08631
-0.02209
-0.09362
-0.04519
-0.00153
0.02982
0.00683
-0.02043
-0.04793
0.03031
0.06144
-0.01245
-0.00795
0.05110
0.00087
-0.03978
-0.02525
0.09914
0.12329
-0.01677
0.00285
-0.03633
0.00078
-0.03686
-0.07181
0.05450
-0.00372
0.07044
-0.02917
-0.00733
-0.08007
-0.04516
0.00543
0.02805
-0.05168
-0.03153
-0.00162
-0.01350
-0.00897
-0.03181
-0.10456
-0.02776
-0.02173
-0.03647
-0.05378
0.05866
-0.01975
0.01112
-0.03898
0.02449
0.04626
0.02440
0.04667
-0.01897
-0.01090
0.00940
-0.04060
0.05514
0.00463
0.06634
-0.02140
0.08147
0.06166
-0.01393
0.02254
-0.03823
-0.05002
0.00227
0.02011
-0.05592
-0.01232
0.01219
-0.06069
-0.05401
-0.05446
0.00059
-0.04584
-0.03958
-0.00051
0.01583
-0.01984
-0.01599
-0.04881
-0.03994
0.00010
0.00730
-0.00201
0.03327
0.05396
0.01094
-0.00884
-0.07556
0.03554
-0.00175
-0.00955
0.03609
0.03563
0.01741
0.06309
-0.02732
0.04162
-0.07130
-0.01406
0.07574
0.09832
-0.00527
0.00352
0.01914
-0.05752
-0.01380
-0.01171
0.02417
0.01003
-0.01779
-0.03266
-0.04828
-0.01389
-0.00129
0.07456
0.02117
0.00537
-0.13650
-0.02283
-0.08547
-0.01934
-0.04133
0.02686
-0.00282
-0.03732
0.03362
0.02123
-0.00690
-0.04755
-0.00201
-0.02384
0.03945
0.02987
0.04021
-0.05081
0.03888
0.02945
0.00087
0.01996
-0.00795
-0.05651
-0.01495
-0.00296
-0.03272
0.04956
-0.05218
0.01673
-0.03824
0.06477
0.00921
0.02196
-0.00337
0.04045
-0.03847
-0.01686
0.01861
-0.01156
0.03677
-0.00844
-0.06122
0.00044
0.06447
0.01352
-0.02182
0.00314
-0.00580
-0.01284
-0.00542
0.00199
-0.04693
0.00801
0.02173
0.00238
-0.07638
0.01511
0.02132
-0.02652
-0.06247
0.03097
0.00674
-0.02572
-0.03707
0.08090
0.00423
-0.06694
-0.05352
0.07924
0.07453
-0.00138
0.06730
0.00351
0.00581
0.05332
-0.00465
-0.04143
0.01902
-0.00381
-0.01897
0.00326
0.03119
-0.01947
0.04001
-0.03433
-0.03004
0.03338
0.00047
-0.03802
-0.01637
-0.04480
0.00298
0.00813
0.01680
0.08964
0.05562
0.02552
0.07007
-0.01796
0.01652
0.00294
-0.02549
-0.00535
0.05167
-0.00703
-0.01526
0.00440
-0.00483
-0.04682
0.03784
0.00041
0.03400
-0.00048
-0.00256
0.07821
-0.01449
0.03178
-0.01500
0.01036
-0.04149
0.00541
0.05249
0.01000
-0.01301
-0.02168
0.00131
-0.01051
0.07395
0.00211
0.00490
-0.04798
0.03612
-0.00065
0.00399
0.01089
-0.03727
0.01554
-0.03721
-0.05216
-0.00488
-0.03211
0.00166
-0.01355
-0.07583
-0.08054
-0.01275
-0.03543
0.05724
-0.03188
0.02287
-0.02632
-0.01747
0.07338
0.02246
-0.01911
-0.01965
0.01937
0.00613
-0.00884
-0.02539
-0.03216
0.05214
0.04909
0.00001
0.05152
-0.06792
-0.03787
0.07615
0.03914
-0.02913
0.07197
-0.01021
-0.03454
-0.04322
0.06510
0.02374
0.03579
-0.03165
-0.06382
0.05954
0.00053
0.03681
-0.01633
-0.06614
0.03698
0.03869
0.00891
0.02091
-0.00194
0.03876
0.00607
0.04417
-0.04542
-0.04938
-0.03841
-0.00241
-0.01445
-0.03530
0.00239
0.02350
0.05263
-0.01349
0.09025
0.02868
-0.06403
0.03827
0.01331
-0.05133
-0.05497
0.04327
0.02151
-0.00995
0.02967
0.01544
0.09419
0.02979
0.02725
-0.04197
0.02276
0.05880
-0.01482
0.05099
-0.03564
0.00932
0.00131
0.06918
0.08175
-0.02248
-0.01032
0.01764
-0.02781
0.00170
0.00824
-0.01389
-0.01561
0.02752
0.05471
0.02523
0.06109
-0.04086
-0.04868
0.06231
-0.09546
