0.04267
0.03834
-0.03060
0.07051
-0.02564
-0.01317
-0.01830
0.08584
0.00827
-0.02145
-0.01349
-0.03726
-0.04296
-0.05002
-0.00387
0.00037
0.07376
0.05894
0.07368
-0.01488
0.00200
0.00784
0.02696
-0.00658
0.05338
0.00153
0.06258
0.00629
0.08884
0.04108
0.01289
0.02507
-0.02168
-0.02294
0.05112
-0.08622
-0.07093
-0.07034
0.01769
-0.00336
0.00035
-0.02948
-0.03972
-0.00972
-0.00126
-0.02839
-0.08932
-0.00492
-0.00059
0.05284
0.01054
-0.03423
0.02655
0.00949
-0.00561
0.00778
-0.02079
0.01379
0.01981
0.05159
0.00616
-0.00979
0.02165
0.09740
-0.01306
-0.01016
-0.02432
-0.03481
0.01148
-0.10543
-0.04517
0.00277
-0.03308
0.03851
0.03030
0.03352
0.02463
-0.03626
0.06442
0.00895
0.07073
-0.05180
-0.07220
-0.02686
0.05527
0.02649
0.00937
0.05355
0.06736
-0.00988
-0.04051
-0.07683
0.04187
0.00179
-0.04395
0.03073
-0.06557
-0.01169
-0.04720
0.06348
0.01482
-0.03281
0.00698
0.01340
0.05629
0.00824
-0.01857
-0.02999
0.07774
-0.04339
0.05124
-0.00711
-0.00338
-0.04755
0.00105
0.02811
-0.06266
0.00710
-0.06775
0.08364
0.04511
0.02986
-0.01510
0.01395
-0.01314
-0.05828
0.07398
-0.07095
-0.00576
0.07066
-0.02214
-0.05915
0.03406
-0.05713
0.01471
0.06632
0.02023
-0.04578
0.06626
0.03197
0.03463
0.03677
-0.01114
-0.01808
-0.00935
0.00566
0.01396
0.08738
-0.02253
-0.03619
-0.00092
0.07694
0.04544
-0.01910
0.03319
-0.02967
-0.03930
0.00950
-0.00658
-0.01344
0.03665
0.03095
0.01536
0.01597
0.04987
0.02260
-0.01792
0.07930
-0.06295
0.05061
-0.03279
-0.02789
0.05772
-0.00781
-0.02107
-0.00198
-0.09168
-0.01171
-0.03182
0.02827
-0.00062
-0.00498
0.03941
0.00538
0.03532
-0.04757
0.01098
-0.07402
-0.03877
0.03387
-0.03145
0.09166
0.08599
-0.08084
0.05830
-0.00897
-0.03376
-0.06614
0.10314
-0.09050
0.07778
-0.01308
0.08983
-0.02496
0.01890
-0.06145
0.00794
0.01395
-0.02737
0.05226
-0.02073
0.01333
-0.02451
-0.00991
-0.03801
0.03523
0.04565
0.00366
-0.04156
0.00242
0.03985
0.07134
0.04901
0.05413
0.00540
-0.00949
0.01250
-0.01240
-0.00955
-0.03202
0.01762
-0.03797
0.00360
-0.03964
-0.06601
0.08927
-0.00733
0.02469
-0.01974
0.02503
-0.07535
-0.03133
-0.02761
0.02302
0.07478
0.09632
-0.06591
-0.07676
0.04865
-0.03367
-0.02555
0.06208
0.06423
0.05410
-0.06810
-0.04564
-0.04145
0.02020
-0.00091
0.00586
0.00116
-0.01865
0.03790
-0.00544
0.00175
-0.03614
0.01009
-0.00404
-0.08752
-0.04281
0.00142
0.02445
0.04182
-0.00317
-0.00018
0.06880
-0.05842
-0.04636
-0.02797
0.05616
-0.03401
0.02349
-0.06717
-0.00299
0.01259
0.02862
0.05138
0.03455
-0.04185
0.00896
-0.01109
-0.04463
0.00322
0.00576
-0.00817
0.06466
-0.03704
-0.03718
0.01647
0.03461
0.02719
-0.00479
0.00793
0.01255
-0.05515
-0.01617
0.04657
0.03162
-0.04509
-0.06838
-0.10139
-0.03361
0.03114
-0.01729
0.03590
0.01782
0.04407
-0.06506
0.05424
-0.10177
-0.00113
-0.04393
-0.01366
-0.00337
-0.01489
-0.01099
0.01773
0.02130
-0.03950
0.03235
0.00912
0.06702
-0.06716
0.05573
0.04991
0.08483
-0.00313
0.03996
-0.02510
-0.02696
0.04594
-0.02667
0.01728
0.03554
-0.00262
-0.03955
0.05643
0.04638
-0.03446
0.05310
0.01440
-0.01691
-0.02703
0.01643
-0.04842
0.06884
0.05830
-0.02119
-0.02962
-0.03509
-0.00242
-0.00049
-0.00082
0.03743
0.02212
0.06949
0.01712
-0.01722
-0.03235
0.06294
-0.03401
0.03554
0.01637
0.03476
0.00600
0.03274
-0.03328
0.01516
0.01267
-0.01357
-0.03997
0.10378
0.01187
0.06216
0.08324
-0.06227
0.00213
0.04829
-0.06715
-0.00474
0.03472
-0.02732
-0.08282
-0.05894
0.00045
-0.06991
-0.01878
0.03324
-0.03093
-0.05736
-0.02259
-0.05724
-0.00747
0.06068
-0.04486
-0.01053
-0.01605
0.00196
0.08007
-0.03133
0.07291
0.00899
-0.06449
-0.08403
-0.05493
-0.02121
-0.00155
0.02837
0.00882
0.03272
0.06950
0.00662
0.06069
0.02471
-0.01091
-0.01749
-0.00472
-0.03297
0.02970
-0.06050
-0.04332
-0.01873
0.04140
-0.02977
-0.03607
-0.02524
-0.00491
-0.11002
-0.02555
0.05103
-0.04274
0.01947
-0.05221
0.00597
0.00589
-0.01430
-0.01593
0.04003
-0.01138
-0.03007
0.05329
-0.07968
0.02603
0.00494
-0.00232
-0.03446
-0.03363
0.03466
0.00439
0.11541
0.01041
0.07554
0.01744
0.07224
0.01024
0.04830
0.05465
-0.10869
0.05920
-0.02144
-0.02228
-0.03244
0.01649
-0.03129
-0.00328
0.05073
-0.05805
-0.00468
0.01430
-0.01012
0.03403
-0.02694
0.02302
0.08795
-0.00808
-0.03431
-0.04799
0.07436
0.00151
-0.03149
0.01542
-0.03643
-0.02114
-0.04322
0.03761
0.00206
0.03043
-0.03343
-0.01674
-0.07923
0.04698
-0.00025
-0.01681
-0.00280
-0.00605
-0.01713
-0.01062
0.02978
-0.02557
-0.08801
-0.02644
-0.04524
