-0.05301
-0.06261
-0.02437
0.01039
0.06434
-0.00400
-0.01693
-0.01580
0.03045
-0.04036
-0.00204
0.02557
0.00818
0.01659
0.05256
0.04233
0.04835
0.06920
-0.02881
-0.03400
-0.06801
-0.01793
0.03946
-0.01369
-0.04753
-0.01303
-0.06014
-0.03957
0.04999
0.04115
-0.04806
0.00271
-0.01166
-0.02277
-0.06467
-0.00785
0.00889
-0.03526
-0.08410
0.09921
-0.04172
0.00560
-0.04747
0.05105
0.05745
-0.01117
0.10027
0.05372
-0.06209
0.00738
-0.04288
0.06692
0.04655
0.03672
-0.01217
0.02946
0.00079
-0.00540
0.02172
-0.01640
0.00629
-0.02390
-0.03951
-0.03552
-0.02316
0.07799
-0.08752
0.03872
-0.05933
-0.02775
-0.03049
-0.01455
0.04950
-0.03946
0.00301
-0.00462
0.01156
-0.00772
-0.03848
0.00072
-0.01130
-0.00643
-0.00214
0.04242
0.00892
-0.02245
-0.07239
0.09314
-0.01893
-0.01096
0.07248
0.00250
0.08826
0.00064
0.00015
-0.02159
-0.05923
0.04402
0.02331
0.00563
0.00840
-0.01275
0.00886
-0.02107
0.03871
0.01368
-0.03852
-0.08449
-0.04138
-0.05093
-0.01777
0.06784
-0.10261
0.02064
0.00708
0.05504
0.02747
-0.03227
-0.04133
-0.02785
0.02165
-0.01580
0.04548
0.02526
0.05042
-0.04497
-0.02957
-0.03066
0.06188
-0.01394
-0.00267
-0.00941
0.06635
-0.00038
-0.03384
-0.03715
-0.02600
-0.08537
0.04572
-0.03540
-0.05414
0.04049
-0.06774
0.04187
0.09783
-0.01937
0.00046
-0.05118
-0.01105
0.02709
0.00792
-0.03589
-0.01300
0.03662
0.03540
-0.04325
-0.00682
0.00943
0.05476
-0.06433
0.04442
-0.01902
-0.04637
0.01409
0.04864
0.03827
-0.03682
0.03781
0.00274
-0.03227
-0.01440
-0.02080
0.00577
-0.00311
-0.04146
-0.01777
0.03334
0.00087
-0.03313
-0.00140
0.02259
-0.01714
-0.04529
-0.00967
0.03503
0.00481
-0.02421
-0.01447
-0.01977
-0.02077
-0.02952
-0.01274
0.03425
0.03522
-0.03059
-0.02146
0.01586
0.00083
-0.02071
0.01882
0.03327
-0.02959
0.03230
-0.08401
-0.08131
-0.01719
0.03648
-0.00802
0.05209
0.06042
-0.02464
0.01425
-0.01540
0.03691
-0.00839
0.01318
-0.04452
0.02603
-0.04374
-0.02678
-0.05930
-0.03704
0.02733
-0.08220
0.00213
-0.03059
-0.01585
0.02649
-0.01012
0.05269
-0.06558
-0.04409
0.00070
-0.00775
0.01063
-0.00946
0.03152
-0.00511
0.03726
-0.00108
0.01546
-0.04302
0.03483
0.01585
-0.04742
0.01904
-0.03771
0.02257
-0.04602
0.00855
0.11448
0.06551
-0.00030
-0.03346
0.00736
0.03497
-0.00447
0.02346
0.05146
-0.01262
-0.02907
-0.05464
-0.01162
0.08253
-0.00875
0.01251
0.02782
-0.07180
-0.08652
-0.00016
-0.07706
-0.05617
-0.01357
-0.02822
-0.00956
-0.03947
0.00006
0.06904
-0.01114
0.02433
0.02943
0.01086
-0.02208
0.03621
0.00211
0.03140
-0.02148
-0.01882
0.04241
-0.06851
-0.00779
0.03071
0.03700
-0.00467
0.01741
0.04823
0.00631
-0.04458
0.04978
0.05132
0.02018
0.06331
0.05858
0.00968
0.02366
-0.02100
0.07003
-0.02945
-0.05644
-0.03747
-0.04505
0.03377
0.03585
-0.00224
0.03321
0.02898
-0.03639
0.03732
0.01779
0.03591
-0.02291
0.01265
0.02372
0.07279
-0.04119
-0.01516
0.00122
0.06501
-0.02094
0.08377
-0.01537
-0.01239
0.00161
-0.00424
-0.08715
-0.03392
0.02546
-0.00285
0.05834
0.01530
-0.04286
-0.00527
-0.00756
0.04717
0.04235
-0.01536
-0.01847
0.01864
0.04025
0.01598
0.08176
0.00426
-0.00936
-0.08275
0.03130
0.04277
-0.01047
-0.03677
-0.01030
0.00288
-0.05452
-0.03646
-0.05399
0.03666
0.02919
0.03174
0.02777
0.02966
0.01134
-0.01932
-0.01559
-0.02870
0.04079
-0.01328
0.02605
0.06319
-0.01156
-0.05739
-0.00327
-0.06497
-0.05032
-0.08181
-0.02313
0.02683
-0.06503
0.04490
-0.04445
-0.06081
0.02016
-0.06781
0.02580
-0.00034
0.02958
0.00032
0.00688
0.02726
0.07117
-0.00691
-0.01431
-0.04131
-0.03984
0.04727
-0.00426
-0.01331
-0.03755
-0.02205
-0.00160
-0.03374
-0.03536
0.03143
0.02373
0.02944
-0.00580
-0.05806
0.00139
0.10680
-0.01702
-0.01683
0.05511
-0.00891
-0.04288
-0.00621
-0.02462
0.01823
-0.05366
0.02338
-0.01396
0.02267
-0.01142
0.02655
-0.01996
0.04942
-0.01966
0.03591
-0.06339
-0.03391
0.06994
0.00164
-0.02034
0.04464
0.02510
0.01074
-0.05096
-0.02559
0.01165
0.03564
-0.01513
-0.10630
-0.00768
-0.00975
-0.03861
0.09112
-0.02140
-0.02085
0.04232
-0.02354
-0.01329
0.04496
0.01646
0.02883
0.00500
-0.03952
-0.02727
-0.02621
0.02747
-0.04330
-0.05198
-0.00958
0.01078
0.04585
-0.08315
0.03268
-0.04123
-0.00166
-0.00828
-0.05092
-0.00615
-0.04391
0.01692
0.06121
0.00067
-0.03400
-0.03001
-0.02875
0.06601
0.05757
-0.04402
-0.05723
0.04889
-0.03077
-0.03368
-0.04066
-0.04117
-0.01097
0.02134
-0.05635
0.00182
0.04845
0.00306
0.05150
-0.11048
-0.01793
-0.04375
0.02896
-0.04254
0.08581
0.07232
-0.00163
0.04794
-0.02284
0.00171
-0.05675
