0.01507
-0.01673
-0.03652
-0.00033
-0.01257
-0.03891
-0.02908
0.00481
0.02253
-0.03923
0.04738
-0.00407
0.01040
0.03748
0.03909
-0.04010
0.00159
0.01652
0.05848
0.02141
-0.08336
0.01404
0.03125
-0.06593
0.01175
-0.06047
-0.04961
-0.03594
0.09364
0.04104
0.02383
0.02817
0.00409
0.05569
0.02205
-0.04955
-0.05035
0.00300
-0.00707
0.10766
-0.00022
-0.04716
-0.02270
0.09996
-0.00733
-0.05551
-0.00897
0.02514
-0.06747
-0.01431
-0.04493
-0.06275
0.00668
0.04282
-0.00149
0.04271
-0.05282
0.02976
0.01075
-0.01478
0.02744
0.05731
-0.00882
0.01245
0.05671
0.05400
0.00413
-0.04499
-0.07147
-0.05182
0.03080
0.01885
-0.01358
-0.00731
-0.05135
-0.02701
0.03422
-0.02542
0.03783
0.00037
0.07717
0.05578
-0.08636
0.08304
0.08300
0.01599
-0.02966
0.06040
-0.00516
0.00042
0.13372
-0.04616
0.05390
-0.09292
0.02464
-0.03371
-0.04155
0.09286
-0.04471
-0.00410
0.05490
0.01528
0.05688
0.02420
0.00501
0.05763
0.03485
0.01591
-0.04083
0.00823
-0.01497
0.02379
-0.01994
-0.01386
-0.06380
0.01934
0.00326
0.08686
-0.02178
0.04699
-0.05622
0.01131
0.03167
0.03713
-0.08382
0.00853
0.03588
-0.08256
0.01658
0.03833
-0.03672
-0.02808
0.05756
-0.00053
0.00402
-0.03632
-0.01487
-0.04856
0.05750
0.04858
-0.04975
0.03176
-0.01806
0.00263
0.00349
0.00764
-0.05767
0.05592
-0.00528
-0.05750
0.11647
0.02473
-0.03004
0.03335
0.00485
-0.03141
-0.03476
-0.03373
0.00435
-0.03502
0.01700
0.01880
0.01730
0.00305
0.04217
0.00371
-0.03581
0.01668
-0.01436
0.04983
-0.08865
-0.01485
-0.00809
-0.02388
-0.03771
-0.00416
0.01912
0.01536
0.01503
-0.03547
0.03441
-0.00498
-0.02160
0.05985
0.01148
0.04403
0.06570
0.01858
-0.02732
0.01711
0.05875
-0.02114
0.05171
0.03686
0.02033
0.00933
-0.04490
0.02541
0.02783
0.03878
0.07001
-0.02415
0.05818
-0.04352
0.00241
0.01003
0.02056
0.03336
0.08420
0.06778
-0.08027
-0.03649
-0.07611
0.03216
-0.07276
-0.02980
-0.00145
0.01762
-0.04198
0.04756
-0.05319
0.00012
0.01822
-0.00994
-0.01897
0.01903
0.08499
-0.00336
-0.10082
0.01426
-0.01026
-0.03548
0.00624
-0.03838
-0.06406
0.01654
0.00787
0.02592
0.00323
0.01871
-0.02590
-0.01894
-0.01303
0.00682
-0.05029
0.00552
-0.07291
0.03424
-0.04875
0.05621
0.05154
0.07152
-0.03602
0.01045
-0.07557
0.07138
0.02781
0.02435
0.05679
0.00859
-0.04860
-0.06428
0.03236
0.00801
0.01266
0.06202
0.05391
0.03500
-0.03366
-0.04042
-0.01606
-0.06662
0.01099
0.07537
-0.04663
0.02602
-0.00287
-0.01722
-0.01061
0.00619
0.02158
0.06555
-0.03074
-0.00506
0.06087
-0.03506
-0.04146
0.01443
0.07177
0.00097
0.02654
-0.01546
0.02052
-0.00633
-0.00743
-0.00512
-0.00995
-0.03343
0.03293
0.02681
-0.03839
0.05357
-0.00188
-0.03627
0.01965
-0.01210
0.04663
0.03126
-0.04399
0.02759
-0.08967
0.06383
0.11450
0.03887
0.02683
-0.02051
-0.04923
0.00411
0.04234
0.02256
-0.04814
-0.03458
0.02701
0.04325
-0.00287
-0.01435
0.02014
0.08520
0.00674
0.06750
-0.00300
0.00927
-0.10317
0.03872
0.02190
-0.01588
-0.04441
-0.01687
0.00947
0.02684
0.03658
0.02797
-0.00919
-0.02632
-0.02004
0.01267
-0.03934
-0.03542
-0.00482
0.10321
0.05244
-0.03634
0.01279
0.01007
-0.01906
-0.02370
0.03341
-0.02115
0.05540
-0.04979
-0.09196
-0.04907
-0.04677
0.02662
0.02894
0.01621
0.02818
-0.00013
-0.05974
-0.00131
-0.06772
-0.07012
-0.03636
0.02811
0.05913
0.05342
0.00804
0.00235
0.04222
-0.02208
0.03502
-0.07874
-0.06434
0.00930
-0.03082
-0.02091
-0.00031
0.04714
0.03516
-0.04336
0.03706
-0.00809
-0.00528
-0.03756
0.08137
-0.01829
-0.00717
0.03387
-0.02674
-0.02980
-0.01088
0.03870
0.05358
-0.00881
0.00922
0.02249
-0.02511
-0.08143
0.03604
-0.08447
0.01165
0.03953
-0.00660
-0.09655
0.03467
0.00744
0.03111
0.03844
-0.02327
-0.01973
-0.00327
0.03826
-0.01461
0.12567
-0.00532
-0.01334
0.01427
0.00578
-0.01729
-0.00907
0.01796
0.02845
-0.02419
0.00492
-0.02752
0.04363
0.03464
-0.09211
-0.07488
0.04557
-0.00415
-0.06126
-0.02010
0.01792
0.03518
0.04206
0.01264
-0.04216
-0.03281
0.02945
0.02386
0.05275
-0.01827
-0.00048
0.02892
-0.00319
-0.05237
0.03278
0.02118
0.01025
0.01483
-0.02087
-0.02696
0.01017
-0.01943
-0.05941
-0.01074
-0.04996
0.01500
0.07828
-0.00572
0.03949
0.03707
-0.08112
-0.00305
-0.05379
-0.01697
-0.01984
0.02025
0.05942
0.01365
-0.00335
-0.02976
0.10378
-0.01388
-0.01926
-0.05236
0.05794
0.01585
-0.04336
-0.02692
-0.06165
-0.05234
-0.04629
-0.04054
-0.06576
0.04135
-0.00248
-0.00641
-0.05393
-0.06021
0.00082
-0.06595
0.04411
-0.07938
0.01311
0.00041
-0.00540
-0.05018
-0.02762
0.03819
-0.02014
