-0.02520
-0.01586
-0.06497
-0.01571
0.05604
0.09368
0.03817
0.02615
0.02378
-0.02198
0.02657
0.00932
0.03543
-0.01083
0.05448
-0.00307
0.02847
-0.01686
-0.04699
-0.00331
-0.08015
0.01441
0.00139
-0.04070
-0.00336
0.00495
-0.06459
-0.01103
-0.03280
0.04902
0.00238
0.02093
-0.01282
0.03049
0.02495
-0.01035
-0.02349
-0.07006
-0.04419
0.01676
0.05966
-0.04126
-0.02704
-0.04702
0.01498
0.01887
0.06083
0.02914
-0.01208
-0.07457
0.02241
-0.03061
0.01604
-0.03233
-0.01212
0.01640
-0.06774
-0.02134
0.00502
0.05810
-0.01315
0.02691
-0.01565
-0.00445
-0.08335
-0.01576
0.00397
-0.03980
-0.00175
-0.01690
-0.02590
0.00081
-0.04537
-0.04951
0.02995
-0.00970
0.01470
-0.05245
0.04865
0.01401
-0.00812
-0.00593
-0.03286
-0.01074
0.02784
-0.05152
0.00889
-0.01945
0.01852
-0.03440
0.01428
-0.00240
0.07203
-0.03745
0.09364
0.02444
-0.02322
0.03209
0.00229
0.01114
0.04603
0.05045
0.07049
0.05987
0.02036
0.02099
-0.02148
0.01933
0.00489
-0.00515
-0.00489
0.01118
-0.01759
-0.06168
-0.01781
0.00287
0.02176
0.00012
-0.00986
0.00217
-0.00458
0.00890
0.01537
-0.03952
0.03279
-0.01082
0.00730
-0.04351
-0.01744
-0.04118
0.00799
0.01190
0.00446
-0.04777
-0.03365
-0.00264
0.02165
-0.00211
0.06087
0.06918
0.02410
-0.01861
-0.04890
0.00456
0.07407
-0.04641
-0.06629
-0.00253
-0.04431
-0.00786
0.02629
-0.03284
0.00669
0.04127
0.02515
-0.06994
0.06223
-0.02315
0.00424
-0.01257
0.00957
0.00723
-0.02682
-0.03410
0.04386
-0.00648
0.04166
0.03106
-0.03550
0.01984
0.01515
0.11875
0.04466
-0.01553
0.02826
0.03261
0.00857
-0.03031
-0.02488
0.01319
-0.04656
0.05118
-0.05063
0.02708
0.01641
0.04599
0.04412
0.00823
0.00396
0.00212
0.01835
-0.05905
0.08340
-0.06178
0.02727
-0.05201
0.07515
-0.00413
-0.02931
-0.08414
0.02225
-0.04783
0.08978
-0.04983
-0.01786
0.00776
-0.00403
-0.01035
0.01339
0.08237
-0.04861
-0.04475
-0.04273
-0.06475
0.04874
0.02508
-0.03229
0.00226
0.00974
-0.07540
-0.01236
-0.01642
-0.03885
-0.02552
0.04090
0.01538
0.05086
0.00495
-0.01714
0.06404
-0.00321
-0.00877
-0.06684
0.00403
0.01595
0.00641
-0.05275
-0.05700
0.00413
-0.00779
0.00418
-0.00358
0.03263
-0.08169
0.08174
0.00679
0.01361
-0.01501
0.01006
0.02068
0.03075
0.06575
0.00131
-0.04482
0.06312
0.00677
0.03656
-0.00949
0.00279
0.03285
-0.01766
-0.00797
0.09110
-0.05450
0.02411
-0.01732
0.01530
0.08905
-0.00846
-0.09167
-0.06120
-0.00955
-0.01193
-0.00557
-0.01038
-0.05405
0.01413
-0.00352
-0.05002
-0.02462
0.01546
0.09134
0.03103
-0.00482
-0.06995
-0.03317
-0.01361
0.01389
-0.09487
-0.03307
0.00244
0.01252
0.00978
-0.02970
0.01517
0.04972
0.02751
-0.05946
-0.01248
-0.02405
0.06349
-0.02839
0.00399
-0.04509
-0.02048
0.02003
-0.01487
-0.04024
-0.01542
0.03221
-0.06625
-0.04437
0.02414
-0.02248
0.00647
-0.04037
-0.09519
0.04159
-0.00085
-0.03476
-0.00293
0.03465
-0.03707
-0.03399
0.00477
-0.01977
-0.00763
0.04966
0.00743
0.06067
0.02206
0.05581
0.02207
0.01432
-0.02267
-0.04175
0.06575
0.03080
0.00896
0.04184
0.04843
-0.07170
0.02831
0.00241
0.01584
-0.01229
0.04346
-0.00110
-0.06227
-0.05633
0.01182
0.00116
-0.02030
-0.05698
0.05712
0.01072
0.07029
-0.05713
-0.01512
-0.04904
-0.01800
0.00666
-0.06017
-0.05151
-0.06734
0.02699
-0.04274
0.00307
-0.04997
0.01250
-0.00466
-0.03216
-0.00378
-0.00956
-0.00461
0.03574
0.01207
0.03811
0.02010
0.01242
-0.08947
-0.08912
-0.06644
-0.03008
0.00430
-0.02706
0.01120
-0.01501
-0.00346
0.00617
0.01592
0.05479
-0.03575
0.02019
0.00474
0.02349
0.01637
-0.00997
0.07508
0.05340
-0.07391
0.04301
0.01304
0.02849
-0.04319
0.03160
0.02361
-0.04555
0.01176
-0.05219
0.02117
-0.01396
0.07915
-0.08210
-0.06255
0.00012
0.02379
0.02380
0.08104
-0.06056
0.03821
-0.08236
-0.05176
0.03814
0.03007
0.01013
-0.02314
-0.00277
-0.02436
-0.05061
0.01256
-0.00921
0.01704
-0.00356
0.04374
-0.04319
0.02584
0.00550
-0.07262
0.00006
-0.08780
-0.01946
0.01908
0.06145
0.00959
0.02161
-0.00823
-0.06308
0.02940
-0.04045
-0.03430
-0.06319
0.05377
-0.04186
-0.02258
-0.04002
0.00219
0.01652
-0.02993
0.00865
-0.06586
0.02466
-0.01744
-0.02095
0.03518
-0.02022
-0.01924
-0.05033
-0.00372
-0.02654
-0.05104
-0.03740
-0.05922
0.07651
-0.02597
0.04303
0.02264
-0.01227
0.04937
0.03873
0.01658
0.00691
-0.04243
-0.05608
0.01847
0.00935
-0.08025
-0.05158
0.00506
-0.01097
-0.09313
0.01137
-0.01092
0.01741
0.00288
0.01613
0.00078
-0.05540
0.03606
0.04472
-0.00237
-0.05845
0.02767
-0.09019
0.00537
0.02345
0.04209
-0.00850
0.07826
0.00527
-0.04510
-0.00036
