0.00971
0.09241
0.00110
0.04238
-0.00237
0.02830
-0.03127
0.04369
0.02180
-0.02261
0.03833
-0.01504
-0.01392
-0.01811
0.03187
-0.01796
0.08206
0.07142
-0.03195
0.01763
-0.05508
0.02544
0.05074
-0.05601
0.02229
0.03917
-0.01926
0.01228
0.00637
0.07944
-0.02246
0.06580
-0.01848
-0.01136
0.03049
-0.03323
-0.04276
-0.12706
-0.01781
0.01497
0.01105
-0.03081
-0.01290
-0.03168
-0.04232
-0.02945
-0.00946
0.06078
-0.00844
-0.04533
-0.02041
-0.08585
0.01630
0.00150
0.05141
-0.00521
-0.08322
0.02318
0.02631
0.03118
-0.02597
0.05190
-0.02111
0.05762
-0.01980
-0.02370
-0.04051
-0.05202
0.03678
-0.03453
0.00497
0.03122
-0.02181
-0.03168
0.00462
-0.02509
0.01458
-0.04544
0.08000
0.01086
0.06167
-0.07413
-0.04617
-0.01611
0.07032
-0.00789
-0.03721
0.01883
0.04373
-0.03392
-0.00619
-0.00596
0.07053
-0.03758
0.04930
0.03950
-0.04763
0.04505
0.01429
0.06923
0.01228
0.04296
-0.01754
0.07558
0.06267
0.03061
0.05735
-0.00673
0.06200
0.00902
0.01991
-0.04117
0.03716
-0.04905
-0.10782
0.00634
-0.01957
0.00104
-0.07179
0.03197
0.02369
-0.00672
-0.01264
-0.00182
0.00055
-0.06489
0.07900
-0.06257
-0.04069
0.00773
-0.00673
-0.03734
0.01518
-0.04243
-0.01623
0.09198
0.02688
-0.04796
0.06271
0.05273
0.04403
-0.02538
-0.07354
-0.01343
0.01620
-0.01962
-0.02944
-0.01072
-0.04367
0.00462
0.04700
0.01048
0.02129
0.07380
0.05337
-0.03079
0.00084
-0.05884
-0.07407
-0.03602
0.04217
0.05672
-0.01141
0.03195
0.04186
-0.03613
0.01289
0.07560
-0.11293
0.00270
-0.04981
0.02247
-0.00658
0.04279
-0.01766
0.00838
-0.03578
0.00724
-0.03840
0.05066
-0.02866
0.01849
0.02095
0.04450
0.04290
-0.01238
0.05805
0.00156
0.03196
0.07190
0.00248
0.05527
0.05163
-0.08027
0.05469
0.03136
-0.03864
-0.04945
0.07762
-0.08719
0.07180
-0.01838
0.07422
-0.00589
0.04534
-0.04740
-0.00403
0.01891
-0.04254
0.07145
-0.02943
-0.02769
0.02925
-0.03729
-0.03319
0.03052
0.05782
0.00855
-0.05187
-0.02554
0.00871
0.02875
0.04779
0.02274
0.02209
0.04652
0.01455
0.02422
-0.01487
0.01083
0.03789
-0.02773
-0.07515
-0.00903
-0.03161
0.00094
-0.07056
0.02810
0.00436
0.01556
-0.05977
-0.03491
0.01755
-0.00706
0.09763
0.09241
-0.03704
-0.04716
0.08311
0.00998
-0.00420
0.03889
0.05130
-0.01852
-0.02716
0.01388
0.00025
0.04087
0.01628
-0.00723
-0.03149
-0.00059
0.12452
-0.04036
0.04474
-0.05580
-0.03199
0.08034
-0.03573
-0.06597
-0.00073
-0.05475
0.05418
0.00356
-0.01310
0.05773
-0.01429
-0.00690
-0.02250
0.05143
0.02048
0.07817
-0.07733
0.01784
-0.04660
-0.03524
-0.00273
0.03952
-0.04950
0.03236
-0.02301
-0.05841
-0.02124
-0.00467
-0.00269
0.00944
-0.01399
-0.09818
-0.05327
-0.01061
-0.00922
-0.02867
-0.02505
-0.01502
-0.00309
0.03033
0.02260
-0.00025
-0.06210
-0.04095
-0.09406
-0.00364
0.00945
-0.02042
0.05463
0.03249
-0.04920
-0.01301
0.01868
-0.06338
-0.01424
-0.00382
-0.00331
0.06232
-0.03264
0.01372
-0.02431
0.10538
-0.01834
0.03396
0.05085
0.07194
-0.02818
0.00680
0.04192
0.04109
0.05416
0.04003
-0.02581
-0.04179
0.02450
-0.00925
-0.03737
-0.00817
0.03386
0.02796
0.07331
0.04444
-0.02565
-0.03216
0.02889
0.01543
-0.00222
-0.03804
0.01885
0.03301
0.01120
-0.02609
0.04849
-0.01144
-0.03175
0.00932
-0.04752
-0.05743
-0.00145
0.05504
-0.03779
-0.06109
-0.06769
0.07213
-0.06871
-0.06419
0.02537
0.02693
0.02489
0.10593
-0.00456
0.11138
0.02056
0.04014
-0.03774
-0.02500
-0.03336
0.03203
0.08005
-0.05034
-0.00914
0.04681
-0.01215
0.06102
-0.00992
-0.00710
-0.05102
0.01239
0.00361
-0.02156
-0.03291
-0.01858
-0.00754
-0.02291
-0.04629
-0.03527
-0.00463
0.04233
-0.00013
-0.00201
-0.02825
-0.03677
0.06878
0.00649
0.05620
-0.02258
0.06481
-0.07000
-0.05065
0.01217
0.06689
0.05100
0.04367
-0.01886
0.08590
-0.07354
-0.01345
0.01825
0.05366
0.00808
-0.03109
-0.02034
0.02595
-0.02372
-0.02257
-0.02787
0.01897
-0.04321
0.03761
0.01321
-0.04828
-0.10017
-0.07211
0.01149
-0.04093
0.02924
-0.03526
0.06594
0.00415
0.00859
-0.04406
0.01363
-0.01070
-0.02599
0.03339
-0.08213
0.04973
-0.04752
0.03189
-0.05434
-0.03605
0.01600
0.04271
0.05308
-0.01469
0.08050
-0.03738
0.00873
0.04348
0.04470
0.04190
-0.11747
0.06459
0.01821
-0.06058
-0.03403
-0.01160
-0.01918
-0.00345
0.00172
-0.04984
-0.00655
0.00213
0.06796
0.03775
0.01836
-0.00919
0.05032
-0.03608
-0.02294
-0.03841
0.07952
-0.00446
-0.02830
-0.02505
-0.01408
-0.08741
0.01086
-0.01527
-0.03794
-0.00498
0.02619
0.01927
-0.05296
-0.00803
-0.02619
0.00026
-0.03499
-0.01829
-0.02733
-0.02794
0.01486
0.03622
-0.05198
-0.00460
-0.00166
