-0.02155
-0.01974
-0.06526
-0.01429
0.05321
0.09496
0.03812
0.02615
0.02369
-0.02062
0.02406
0.00878
0.03598
-0.00961
0.05379
-0.00228
0.02790
-0.01677
-0.04689
-0.00186
-0.07929
0.01046
0.00265
-0.03930
-0.00436
0.00689
-0.06497
-0.01164
-0.03215
0.04769
0.00839
0.02207
-0.01517
0.02847
0.02406
-0.01167
-0.02382
-0.07007
-0.04516
0.01779
0.05818
-0.04008
-0.02955
-0.04521
0.01969
0.01799
0.06207
0.02907
-0.01171
-0.07488
0.02362
-0.02831
0.01734
-0.03057
-0.01775
0.01753
-0.06562
-0.02297
0.00489
0.06094
-0.01232
0.02413
-0.01599
-0.00361
-0.08548
-0.01322
0.00490
-0.03992
-0.00168
-0.01814
-0.02658
0.00028
-0.04472
-0.04759
0.02677
-0.00873
0.01297
-0.05342
0.04808
0.01489
-0.00773
-0.00594
-0.03388
-0.00734
0.02648
-0.05097
0.00975
-0.01543
0.01834
-0.03201
0.01351
-0.00446
0.07267
-0.03677
0.09479
0.02433
-0.02479
0.02974
0.00191
0.01151
0.04924
0.05000
0.07144
0.05861
0.02444
0.02222
-0.02668
0.01641
0.00349
-0.00837
-0.00243
0.01417
-0.02093
-0.06261
-0.01461
0.00315
0.02020
-0.00501
-0.01123
0.00244
-0.00246
0.00934
0.01472
-0.03878
0.03277
-0.01402
0.00305
-0.04246
-0.01467
-0.04064
0.00841
0.01255
0.00429
-0.04861
-0.03191
-0.00320
0.02044
-0.00494
0.06315
0.07081
0.02395
-0.01781
-0.04801
0.00444
0.07565
-0.04715
-0.06423
-0.00021
-0.04378
-0.00754
0.02469
-0.03005
0.00999
0.04014
0.02388
-0.06946
0.06321
-0.02107
0.00596
-0.01704
0.01062
0.00767
-0.02699
-0.03627
0.04730
-0.00586
0.03920
0.03061
-0.03176
0.01869
0.01515
0.11744
0.04493
-0.01622
0.02901
0.03076
0.00523
-0.03143
-0.02362
0.01198
-0.05092
0.05375
-0.05232
0.02261
0.01715
0.04630
0.04297
0.00590
0.00076
-0.00249
0.01694
-0.05978
0.08547
-0.06164
0.02732
-0.05344
0.07559
-0.00659
-0.02550
-0.08334
0.02265
-0.04554
0.08719
-0.04950
-0.01816
0.00740
-0.00316
-0.00987
0.01413
0.08234
-0.05350
-0.04279
-0.04393
-0.06359
0.05092
0.02723
-0.03284
0.00491
0.01284
-0.07498
-0.01134
-0.01664
-0.03832
-0.02508
0.04026
0.01303
0.05017
0.00425
-0.01793
0.06455
-0.00116
-0.00946
-0.06436
0.00393
0.01628
0.00644
-0.05218
-0.05721
0.00502
-0.01126
0.00556
-0.00240
0.03523
-0.08080
0.08145
0.00490
0.01357
-0.01324
0.00690
0.02162
0.03174
0.06454
0.00418
-0.04265
0.06305
0.00545
0.03657
-0.00925
0.00379
0.03533
-0.01516
-0.01057
0.09009
-0.05277
0.02570
-0.01806
0.01699
0.08676
-0.00913
-0.08976
-0.06279
-0.01059
-0.01194
-0.00509
-0.01110
-0.05483
0.01361
-0.00218
-0.05258
-0.02578
0.01272
0.09009
0.03311
-0.00219
-0.07054
-0.03254
-0.01267
0.01269
-0.09577
-0.03409
0.00524
0.01605
0.00967
-0.02955
0.01434
0.05345
0.02640
-0.05863
-0.01298
-0.02306
0.06434
-0.02844
0.00490
-0.04716
-0.02085
0.01874
-0.01621
-0.03917
-0.01419
0.03208
-0.06761
-0.04960
0.02081
-0.02308
0.00307
-0.04157
-0.09627
0.03973
-0.00001
-0.03421
-0.00568
0.03326
-0.03714
-0.03404
0.00307
-0.01902
-0.00820
0.04860
0.00577
0.06249
0.02197
0.05565
0.01971
0.01252
-0.02055
-0.04303
0.06806
0.03316
0.01069
0.04033
0.04678
-0.07637
0.03270
0.00311
0.01369
-0.01403
0.04508
-0.00246
-0.06122
-0.05205
0.01386
0.00156
-0.02007
-0.05898
0.05840
0.01046
0.07011
-0.05621
-0.01806
-0.05005
-0.01657
0.00704
-0.05959
-0.05235
-0.06587
0.02710
-0.03975
0.00598
-0.04847
0.01126
-0.00344
-0.02938
-0.00185
-0.00679
-0.00381
0.03408
0.01172
0.03842
0.02362
0.01163
-0.09097
-0.08780
-0.06799
-0.02975
0.00064
-0.02711
0.01153
-0.01759
-0.00850
0.00492
0.01922
0.05363
-0.03818
0.02144
0.00494
0.02356
0.01382
-0.00869
0.07403
0.04980
-0.07396
0.04137
0.01294
0.03055
-0.04609
0.03142
0.02529
-0.04431
0.00917
-0.05462
0.02376
-0.01382
0.07703
-0.08336
-0.06386
0.00138
0.02064
0.02008
0.08166
-0.06000
0.03894
-0.07988
-0.05281
0.03818
0.02870
0.01241
-0.02211
-0.00337
-0.02277
-0.05131
0.01252
-0.00928
0.01999
-0.00324
0.04114
-0.04227
0.02683
0.01008
-0.07265
0.00180
-0.08928
-0.01883
0.01682
0.06148
0.00925
0.02257
-0.00892
-0.06624
0.03229
-0.04252
-0.03444
-0.06155
0.05381
-0.03915
-0.02111
-0.03847
0.00033
0.01924
-0.02922
0.00907
-0.06703
0.02312
-0.01490
-0.01855
0.03209
-0.02054
-0.02118
-0.04820
-0.00414
-0.02503
-0.04943
-0.03618
-0.05974
0.07705
-0.02506
0.04375
0.02212
-0.01628
0.05051
0.03917
0.01660
0.00607
-0.04118
-0.05487
0.02039
0.01076
-0.08283
-0.05139
0.01093
-0.01548
-0.09479
0.00998
-0.01077
0.01827
0.00390
0.01714
-0.00020
-0.05874
0.03640
0.04523
-0.00126
-0.06075
0.02571
-0.08823
0.00352
0.02450
0.04434
-0.00714
0.07705
0.00401
-0.04449
-0.00094
