0.01123
0.09291
0.00231
0.04280
-0.00301
0.02762
-0.03187
0.04382
0.02219
-0.02300
0.03825
-0.01582
-0.01419
-0.01807
0.03111
-0.01760
0.08169
0.07099
-0.03256
0.01798
-0.05454
0.02398
0.05013
-0.05560
0.02165
0.04000
-0.01847
0.01253
0.00708
0.07879
-0.02137
0.06663
-0.01752
-0.01287
0.03095
-0.03287
-0.04229
-0.12646
-0.01781
0.01469
0.00972
-0.03070
-0.01266
-0.03212
-0.04278
-0.03165
-0.00911
0.06246
-0.00824
-0.04465
-0.02054
-0.08480
0.01737
0.00305
0.05240
-0.00407
-0.08207
0.02400
0.02655
0.03165
-0.02516
0.05100
-0.02111
0.05759
-0.01962
-0.02315
-0.03933
-0.05135
0.03866
-0.03512
0.00526
0.03059
-0.02212
-0.03124
0.00228
-0.02480
0.01424
-0.04592
0.07948
0.01235
0.06134
-0.07402
-0.04557
-0.01423
0.07037
-0.00851
-0.03683
0.01952
0.04441
-0.03323
-0.00694
-0.00580
0.07050
-0.03746
0.04890
0.04044
-0.04859
0.04406
0.01435
0.06901
0.01163
0.04207
-0.01879
0.07502
0.06393
0.03190
0.05764
-0.00740
0.06275
0.00840
0.02051
-0.04037
0.03617
-0.04929
-0.10822
0.00724
-0.01825
-0.00070
-0.07211
0.03127
0.02321
-0.00730
-0.01263
-0.00088
-0.00042
-0.06476
0.07828
-0.06444
-0.04096
0.00902
-0.00717
-0.03573
0.01569
-0.04395
-0.01630
0.09172
0.02600
-0.04825
0.06390
0.05173
0.04464
-0.02704
-0.07383
-0.01460
0.01537
-0.01839
-0.02869
-0.01142
-0.04431
0.00490
0.04817
0.01074
0.02126
0.07349
0.05174
-0.02941
0.00067
-0.05793
-0.07392
-0.03667
0.04312
0.05612
-0.01022
0.03080
0.04163
-0.03691
0.01221
0.07620
-0.11212
0.00274
-0.04945
0.02122
-0.00772
0.04168
-0.01739
0.00742
-0.03676
0.00687
-0.03775
0.04956
-0.03017
0.01957
0.01997
0.04219
0.04322
-0.01203
0.05683
0.00207
0.03062
0.07200
0.00136
0.05632
0.05027
-0.08060
0.05394
0.03256
-0.03874
-0.05004
0.07781
-0.08698
0.07127
-0.01698
0.07350
-0.00542
0.04549
-0.04823
-0.00482
0.01940
-0.04470
0.07177
-0.03041
-0.02797
0.02986
-0.03676
-0.03428
0.03142
0.05809
0.01024
-0.05222
-0.02494
0.00805
0.02805
0.04802
0.02334
0.02051
0.04655
0.01389
0.02446
-0.01548
0.00982
0.03946
-0.02917
-0.07474
-0.01016
-0.03138
0.00013
-0.07071
0.02948
0.00483
0.01384
-0.05913
-0.03507
0.01841
-0.00744
0.09802
0.09214
-0.03696
-0.04750
0.08229
0.00889
-0.00464
0.03726
0.05207
-0.01684
-0.02764
0.01401
0.00012
0.04207
0.01734
-0.00669
-0.02955
-0.00160
0.12587
-0.04055
0.04532
-0.05687
-0.03215
0.08134
-0.03506
-0.06422
-0.00074
-0.05508
0.05411
0.00344
-0.01347
0.05867
-0.01435
-0.00622
-0.02331
0.05132
0.01872
0.07791
-0.07801
0.01889
-0.04730
-0.03555
-0.00244
0.04004
-0.04931
0.03173
-0.02278
-0.05807
-0.02161
-0.00456
-0.00314
0.01062
-0.01394
-0.09844
-0.05330
-0.01059
-0.01032
-0.02945
-0.02436
-0.01573
-0.00276
0.02954
0.02282
0.00028
-0.06245
-0.04158
-0.09381
-0.00469
0.00838
-0.01997
0.05348
0.03411
-0.04975
-0.01322
0.01800
-0.06301
-0.01515
-0.00391
-0.00268
0.06423
-0.03308
0.01441
-0.02539
0.10622
-0.01879
0.03427
0.05230
0.07220
-0.02881
0.00581
0.04259
0.04075
0.05479
0.04004
-0.02576
-0.04219
0.02448
-0.01018
-0.03815
-0.00927
0.03391
0.02629
0.07309
0.04503
-0.02437
-0.03216
0.02878
0.01626
-0.00175
-0.03919
0.01846
0.03302
0.01099
-0.02502
0.04874
-0.01006
-0.03251
0.01070
-0.04746
-0.05887
-0.00186
0.05546
-0.03792
-0.06112
-0.06621
0.07242
-0.06860
-0.06383
0.02517
0.02721
0.02526
0.10646
-0.00497
0.11146
0.02160
0.04013
-0.03781
-0.02389
-0.03360
0.03201
0.08011
-0.05106
-0.00848
0.04663
-0.01357
0.06068
-0.00957
-0.00819
-0.05213
0.01262
0.00342
-0.02233
-0.03342
-0.01812
-0.00715
-0.02408
-0.04629
-0.03544
-0.00512
0.04161
-0.00127
-0.00192
-0.02812
-0.03793
0.06842
0.00705
0.05699
-0.02235
0.06360
-0.07081
-0.05126
0.01293
0.06597
0.05088
0.04350
-0.01790
0.08716
-0.07264
-0.01383
0.01881
0.05393
0.00843
-0.03173
-0.01902
0.02721
-0.02320
-0.02267
-0.02855
0.01917
-0.04356
0.03602
0.01326
-0.04914
-0.09972
-0.07183
0.01186
-0.04002
0.02908
-0.03648
0.06504
0.00320
0.01052
-0.04407
0.01424
-0.01143
-0.02596
0.03420
-0.08155
0.04971
-0.04793
0.03280
-0.05516
-0.03648
0.01585
0.04319
0.05330
-0.01505
0.08003
-0.03766
0.01020
0.04262
0.04424
0.04281
-0.11734
0.06376
0.01824
-0.06068
-0.03377
-0.01145
-0.01963
-0.00341
0.00185
-0.05034
-0.00673
0.00083
0.06735
0.03800
0.01847
-0.00828
0.04995
-0.03694
-0.02247
-0.03796
0.08045
-0.00417
-0.02927
-0.02530
-0.01335
-0.08801
0.01122
-0.01503
-0.03807
-0.00550
0.02570
0.01727
-0.05424
-0.00832
-0.02641
-0.00113
-0.03379
-0.01775
-0.02865
-0.02791
0.01511
0.03636
-0.05093
-0.00350
-0.00210
