0.04785
-0.00446
-0.07613
-0.02058
0.01130
0.05619
0.03379
0.04806
-0.02216
-0.04034
-0.06349
0.02638
-0.01659
0.00529
0.01307
0.04638
0.03170
-0.01812
-0.00609
-0.05687
-0.01543
-0.07453
-0.00049
0.00602
0.04908
-0.02367
0.01864
-0.01125
0.04844
0.01952
0.04811
-0.02098
0.01875
0.01267
-0.05219
-0.00906
0.03907
-0.01717
-0.00476
-0.01040
-0.03449
-0.00651
-0.04404
-0.01519
0.06069
0.00363
0.00398
-0.00734
0.02684
0.01384
-0.00418
0.00204
-0.00056
-0.06099
-0.07171
0.03365
0.00006
-0.01661
0.03012
0.03841
-0.07019
0.02003
-0.04344
0.02176
-0.05326
0.00541
-0.01056
0.02953
0.00567
-0.07727
-0.07439
-0.03792
0.01904
0.04152
0.02668
0.00668
0.01275
-0.02069
-0.04279
0.02422
-0.02988
-0.05386
0.03708
0.00681
0.03528
-0.05280
-0.04847
0.03182
-0.01539
-0.00400
-0.01708
-0.03676
0.04409
-0.03005
0.01642
-0.01583
-0.05084
-0.02205
-0.00657
0.03793
0.05077
0.04943
0.03060
-0.00352
0.03604
-0.01431
-0.06515
-0.06537
0.04709
-0.09076
0.03732
0.03692
-0.03160
-0.04816
0.05280
0.03181
0.01274
-0.09935
0.06607
0.01840
0.03836
0.05663
0.03463
-0.04745
-0.00230
-0.06643
0.01947
-0.04863
0.03923
-0.01576
-0.00368
0.06140
-0.02009
-0.00183
-0.03464
-0.02193
0.02924
-0.05186
0.04963
-0.03380
0.02091
0.00931
-0.07119
-0.01723
0.10508
-0.05276
-0.01286
-0.02559
0.03512
-0.01455
-0.00881
0.00457
0.06471
0.00469
0.03454
0.03047
-0.01103
0.02656
0.05138
-0.05408
0.02776
0.01834
-0.00674
-0.03957
0.07320
0.05173
0.01688
0.07007
-0.06513
0.02892
0.01776
0.03643
0.01901
-0.01421
0.07607
-0.03030
-0.01959
-0.07056
-0.01318
0.01717
0.02306
0.00298
-0.04714
-0.04247
0.01774
-0.04807
-0.02283
-0.03097
0.00162
0.01534
-0.05332
-0.01017
0.03641
-0.06710
0.03340
-0.02075
0.04349
0.05279
0.01815
-0.00123
-0.02298
-0.02551
0.07925
-0.01840
0.04722
-0.00062
0.00960
-0.02667
0.00812
0.06624
-0.02124
0.00572
-0.00377
-0.00114
0.06011
0.03898
-0.03149
-0.03207
0.04886
-0.05623
-0.02947
-0.01479
-0.00954
-0.03860
-0.03062
-0.04247
0.00967
0.00343
-0.02478
0.02910
-0.02137
-0.02233
-0.02804
-0.00324
0.03971
-0.04228
0.06017
-0.04528
0.00518
-0.05447
0.04434
-0.00911
0.08334
-0.05429
0.04038
0.03344
-0.01656
-0.02644
-0.08732
0.00999
0.02401
0.02597
0.04643
0.01172
-0.02515
-0.08708
0.02046
0.01639
0.07276
0.01288
-0.02948
0.01878
-0.00245
-0.02847
0.02914
-0.04187
0.01939
-0.02971
-0.04556
-0.05797
-0.04198
0.03621
-0.01153
-0.01665
-0.04254
-0.05597
-0.01513
0.04427
-0.03012
-0.01411
-0.03925
0.02140
0.02177
0.01851
-0.01678
-0.04694
0.04276
-0.02376
-0.01231
-0.04949
-0.04464
-0.00662
-0.06723
-0.00417
0.01200
0.03581
-0.00546
0.02762
0.01902
0.03632
0.05757
-0.06061
-0.02673
-0.00560
-0.03899
0.01465
-0.01865
-0.01830
0.03035
0.00119
-0.06615
-0.05015
-0.04816
-0.02477
-0.03964
-0.00159
-0.00973
-0.01801
0.01983
-0.02717
0.03386
-0.04119
-0.05952
-0.03674
-0.02758
0.03098
-0.00621
-0.01243
-0.04907
-0.03395
0.02744
0.00885
-0.00800
0.00507
-0.06742
-0.01406
0.00930
-0.00472
0.03335
0.01619
-0.00117
-0.03808
0.02744
0.03241
0.00551
-0.03649
0.05529
-0.01745
0.01222
-0.00366
0.01424
0.00097
0.01758
-0.03237
0.03475
-0.00175
0.01418
0.01754
-0.09105
-0.01997
-0.03456
-0.08044
-0.00884
-0.01027
-0.00575
0.05348
0.02666
-0.02872
0.02138
0.04983
0.00723
0.00817
-0.00921
-0.02133
-0.00253
-0.02494
0.00245
-0.01499
0.02445
0.00457
-0.12128
-0.04283
-0.06752
0.03016
-0.02451
0.00595
-0.00040
0.01499
-0.04650
-0.04169
0.00581
0.07107
0.00660
0.00877
0.00579
0.05362
0.07421
0.02176
0.06025
-0.03412
0.03723
0.00394
0.00261
0.00992
-0.04661
-0.03555
-0.02460
-0.03441
-0.03070
0.03022
0.05689
-0.03836
-0.03996
-0.02175
-0.03153
-0.03291
0.04398
-0.01343
0.04795
-0.01492
-0.01860
0.04494
-0.00628
-0.03376
-0.02906
0.04095
-0.03397
0.07285
0.00424
0.01003
0.01325
0.01365
-0.07498
-0.00541
-0.00612
-0.02445
0.02166
0.03265
0.03329
-0.03265
-0.01415
-0.01017
0.00873
-0.02297
-0.00735
0.03256
-0.01463
-0.01125
0.03527
-0.03052
0.04037
-0.01567
-0.01810
0.00667
0.01267
-0.00970
0.00838
0.02916
0.05403
0.07912
-0.00607
0.01910
-0.00813
-0.04830
0.00459
-0.03125
-0.01628
-0.00078
0.02977
0.02607
-0.01112
-0.02085
0.01395
0.00870
-0.00290
-0.01183
0.01803
-0.05284
0.05719
0.00831
0.02748
-0.00308
-0.00425
-0.02564
0.01195
0.03168
-0.08110
-0.01289
0.04607
0.02528
-0.02105
-0.01545
-0.00453
-0.00591
0.07050
0.02462
-0.04973
-0.02711
0.05184
0.01415
0.00291
-0.01942
-0.00626
-0.01865
0.00887
0.02829
0.04993
0.06485
0.00713
-0.01083
0.01442
-0.04614
