0.06545
-0.03373
-0.04335
-0.00548
-0.01037
0.03519
-0.01638
0.05018
-0.04929
0.01909
0.00090
0.07196
0.01074
0.06741
-0.04126
-0.02015
0.02374
0.07146
-0.01992
-0.00132
0.01102
0.01070
0.07938
-0.06162
0.00539
-0.00812
-0.01091
-0.06411
0.00231
-0.03350
0.04504
0.02070
0.02351
0.02040
-0.00502
-0.06337
-0.02728
-0.06960
-0.02383
-0.02763
-0.04674
-0.04076
-0.07609
0.03176
-0.02328
-0.00663
-0.02337
0.02214
-0.04585
-0.02157
-0.08720
-0.07054
0.05393
0.02583
-0.05160
0.00295
-0.04884
0.05123
0.00438
-0.02403
-0.01633
0.07649
-0.04720
0.09094
-0.00854
-0.00822
0.01474
-0.04732
0.08401
-0.01573
-0.04713
-0.03791
0.05674
0.08133
-0.02953
0.01628
-0.01642
-0.07399
0.04023
-0.00767
0.05047
0.00224
-0.00606
0.03717
0.01478
0.02923
0.03094
0.04023
-0.05156
-0.06529
-0.02602
-0.00573
0.04135
-0.00017
0.03525
0.03067
-0.05867
-0.00273
-0.05682
0.04602
0.07317
0.08677
0.04287
0.02595
0.05235
-0.02961
-0.01482
-0.07411
-0.04585
-0.12625
0.04857
0.03141
-0.07178
-0.08396
-0.03683
-0.01568
0.02393
0.01602
-0.00712
0.03710
0.00832
0.00154
-0.03811
0.01504
-0.07782
-0.00726
0.04655
-0.02720
0.03433
-0.05532
-0.01952
0.00764
-0.04017
-0.02469
-0.00530
-0.00589
-0.00753
-0.03634
0.04236
0.03711
-0.04233
0.07810
-0.04317
-0.01232
0.02949
-0.01420
-0.06356
-0.00529
0.04922
0.02296
0.04025
-0.00915
-0.01652
0.02484
0.07494
0.00245
-0.04079
0.00572
-0.06204
-0.06913
-0.01509
0.06082
0.02050
0.03728
0.06539
0.03628
-0.05230
0.07913
-0.06753
0.05413
-0.02528
-0.03248
-0.05520
0.00721
-0.03956
-0.01433
-0.09469
0.05198
-0.02328
0.10316
0.02538
-0.01967
0.02085
0.02323
0.08507
-0.02708
0.02844
-0.01747
0.00986
-0.05058
0.02916
0.00433
0.02486
-0.06031
0.06129
0.03155
-0.04558
0.00955
0.07227
0.06044
0.09501
0.03577
-0.01057
-0.00965
0.02891
0.02932
-0.03507
0.01604
0.03855
0.02224
-0.01262
0.01448
-0.02469
0.06946
-0.06248
0.03587
0.03613
0.02082
0.00566
-0.01356
-0.04928
0.08325
0.08168
0.02127
0.07409
0.03444
-0.03025
-0.00776
-0.00610
-0.00896
0.02145
0.01492
-0.00588
-0.04073
-0.02172
-0.01885
0.01275
-0.03911
0.07419
-0.01773
0.00893
-0.01348
0.02989
0.03579
0.02329
0.02285
-0.00101
-0.03715
-0.00662
0.02502
0.00304
-0.02247
0.04767
0.04496
0.02428
-0.07105
0.03154
0.07197
-0.00050
0.01530
0.00995
0.02387
0.03198
-0.00943
-0.04039
-0.04585
0.09485
-0.05189
0.02913
-0.02195
0.00198
-0.03657
0.04964
-0.01293
-0.01824
0.05198
0.00938
-0.03460
0.02547
-0.02406
0.03926
0.03676
-0.09474
-0.00752
-0.00129
0.02006
-0.00787
-0.05696
0.02412
0.03134
-0.03276
-0.02248
0.04990
0.00105
-0.01318
-0.01137
-0.04147
-0.03609
-0.03278
0.03883
0.06008
-0.00931
0.03288
0.07270
-0.00036
-0.02066
-0.06689
-0.07687
-0.08885
-0.03793
-0.07696
-0.00400
0.02735
-0.00487
0.01066
0.02123
-0.04350
0.00900
0.06373
0.02066
0.00829
-0.00716
-0.04220
-0.01400
-0.00898
0.01730
0.03249
0.00214
-0.01847
-0.02453
0.04818
0.02314
-0.09248
0.02385
0.03434
-0.00126
0.06066
-0.04449
-0.04102
-0.06024
0.06834
-0.00956
0.07894
-0.06085
-0.05021
0.03917
0.00769
-0.00408
0.00005
0.04195
0.01113
-0.03792
0.02435
-0.01339
0.03188
0.03335
0.02974
-0.00621
-0.04075
0.00817
-0.02541
-0.03745
0.02062
0.03391
0.04834
0.01169
0.04391
0.02395
-0.03628
0.01357
-0.01380
0.01346
0.05395
0.01688
0.00068
0.04110
-0.07933
0.07529
0.01126
0.03411
-0.03333
-0.00022
-0.00430
0.03692
0.05020
-0.04224
0.02564
0.00521
-0.01802
0.05889
-0.01335
0.02246
-0.01266
0.01234
0.00146
0.08760
-0.02249
0.01629
-0.00128
-0.04815
-0.03768
-0.01680
0.02571
0.01376
0.00763
0.00878
-0.02622
-0.00518
-0.00316
-0.01634
0.04517
-0.03452
0.01238
0.00237
-0.07113
-0.00742
0.09081
0.00332
0.02312
-0.05117
-0.00106
-0.00886
-0.03889
0.02676
0.01679
0.00756
0.01228
-0.00049
0.04283
-0.07041
0.02279
0.01812
-0.00734
-0.00454
0.01205
-0.01588
-0.00659
-0.02144
0.02593
-0.02536
-0.02133
-0.02002
-0.03785
0.07282
0.00262
0.05436
-0.04964
0.01951
0.00582
-0.04827
0.04713
0.04965
0.04850
-0.01875
0.01127
-0.03823
-0.05868
0.05737
0.07274
0.07336
0.01976
0.06834
0.03472
-0.02776
0.00788
0.02206
-0.03674
-0.00201
0.06594
0.02425
0.00288
0.01301
0.05439
-0.03614
-0.03268
-0.05722
-0.02666
-0.06006
-0.01372
0.01442
0.01242
0.00166
0.02760
0.03113
0.01381
-0.03688
-0.03890
-0.00069
0.09439
-0.08010
-0.04259
-0.08146
-0.03195
0.02161
0.03350
-0.10362
0.03044
0.01641
0.02143
-0.02006
-0.01278
0.02539
-0.04754
0.00692
-0.02832
0.01677
0.02032
0.05557
-0.08142
-0.04109
-0.00051
-0.01814
