0.07836
0.00704
-0.07833
0.02416
0.02289
0.02923
0.02709
0.07799
-0.04338
-0.01191
-0.01541
0.00394
-0.00828
-0.04098
0.02866
-0.01360
-0.00248
-0.03544
0.02451
-0.05208
-0.05630
-0.00581
-0.01981
-0.00891
0.01672
-0.00677
0.03084
-0.05684
0.04860
0.03650
0.02128
-0.01574
0.01899
0.01452
-0.02627
-0.04659
0.02372
-0.01470
0.03002
-0.00189
-0.05669
0.04856
-0.00383
-0.00546
0.04607
0.04945
-0.01749
-0.02005
0.02134
-0.01232
-0.01810
0.01324
0.00135
-0.01852
-0.06857
0.02371
0.04886
-0.02469
-0.02638
0.02033
-0.04798
0.01846
-0.03273
-0.03654
-0.01875
-0.00129
-0.02088
-0.02526
0.03046
-0.06226
-0.03113
0.01066
-0.02749
0.02230
0.03310
0.00851
-0.01084
-0.05312
-0.04552
0.04271
-0.00422
-0.00697
0.00348
-0.01195
0.01604
-0.00415
-0.05535
0.01199
0.01545
-0.01019
-0.00426
-0.06307
0.02917
-0.06318
0.01285
-0.00095
-0.04159
0.00973
-0.04744
0.01618
-0.00137
0.01478
0.05207
0.00030
0.02472
-0.03256
-0.06099
-0.06075
0.02282
-0.08992
0.04600
0.03559
-0.05928
-0.07612
0.05429
0.03292
0.02178
-0.04919
0.04433
0.02874
-0.03969
0.05601
0.05595
-0.05146
-0.00021
-0.05446
0.00674
-0.08986
0.04281
-0.00377
0.00375
0.02495
0.02656
0.02046
-0.04480
-0.02702
-0.00522
-0.01946
0.06385
0.01227
0.00214
0.05883
-0.05842
0.00120
0.08351
-0.00822
-0.00932
0.00036
0.02649
0.01479
0.03255
0.00071
0.01083
0.03576
0.00476
0.04401
-0.01541
0.03008
0.05964
-0.06735
0.04242
0.00864
-0.05050
-0.03713
0.03698
0.06366
-0.00766
0.06380
-0.02302
0.07094
0.01284
0.03047
0.02503
-0.01598
0.05817
-0.00434
-0.00669
-0.08287
0.02379
-0.00651
0.01769
-0.04065
-0.00977
-0.02904
0.03217
-0.01726
0.04204
-0.02089
0.02141
0.01642
-0.03496
-0.00519
0.05554
-0.04232
0.02767
-0.05482
0.05499
-0.01410
0.03440
0.01473
-0.01608
-0.02008
0.06590
-0.02239
0.04338
0.06465
0.01006
-0.05237
-0.00348
0.07623
-0.03890
-0.02128
-0.02273
-0.03237
0.03871
0.03852
-0.00790
-0.05854
0.04518
-0.02934
-0.05151
-0.06091
-0.01633
-0.01211
-0.00090
-0.05772
0.03696
0.00959
0.01377
0.02752
0.01081
0.01878
0.00110
-0.02092
0.00085
-0.03934
0.04415
0.00484
0.01523
-0.03084
0.05999
-0.02048
0.04259
-0.04326
0.01746
0.01959
-0.04800
-0.03919
-0.06978
0.01352
0.05377
0.05527
0.03547
0.03967
-0.01483
-0.05344
0.00789
0.04175
0.09314
-0.02380
-0.01915
-0.00589
0.01637
-0.04901
-0.00220
0.00951
0.02618
0.00411
-0.07719
-0.07536
-0.01406
0.05827
0.00352
0.00818
-0.03774
-0.02216
-0.02164
0.05182
-0.02447
0.00861
-0.01303
0.05182
0.00949
-0.02064
-0.05929
-0.04400
0.05585
-0.01557
-0.02310
0.00300
-0.05499
-0.04801
-0.06570
0.05890
0.00637
0.00298
-0.05173
0.00602
-0.00063
0.01774
0.04058
-0.04071
-0.01262
-0.01733
-0.04536
-0.03002
0.00456
0.02532
-0.00899
0.04061
-0.03895
-0.04374
0.00321
0.02145
-0.00951
-0.00063
0.00570
-0.02467
0.01499
-0.01716
0.03167
-0.01357
-0.01671
-0.01570
-0.02388
0.01827
0.02416
-0.02610
-0.03952
-0.01171
0.04350
0.00706
-0.01308
0.04499
-0.05989
0.00656
-0.03998
-0.00703
0.07913
0.01652
0.05332
-0.01211
0.01655
0.03605
-0.02999
-0.06403
0.02495
-0.04810
0.00535
0.00751
-0.03010
0.03289
0.01044
-0.02525
0.01337
0.01556
0.03713
0.01841
-0.07004
-0.04767
-0.04206
-0.08225
0.00087
0.02620
0.00167
0.05952
0.02727
-0.01458
0.01483
0.10693
-0.00679
-0.00364
-0.02350
-0.07856
-0.01421
0.00071
0.02969
-0.04615
0.04807
-0.02287
-0.08084
-0.08442
-0.06181
0.00085
-0.01606
0.04980
0.01918
-0.01104
-0.01152
-0.02874
0.02539
0.05612
-0.02320
-0.00713
0.04045
0.06969
0.08608
0.03732
0.01278
-0.01570
0.01152
-0.00411
0.01159
0.06023
-0.02910
-0.02123
-0.06947
-0.02637
-0.05502
-0.00766
0.06049
-0.04099
-0.05784
-0.04269
-0.02414
-0.02369
0.02132
-0.00609
0.04827
0.02790
-0.03489
0.05649
0.01873
-0.01519
-0.03994
0.04895
-0.02157
0.07509
0.01757
0.01676
0.04551
0.04501
-0.08635
0.01465
-0.04119
-0.02744
0.00502
-0.00016
0.02909
0.01925
-0.05079
-0.01675
-0.01942
-0.01854
0.02491
0.01936
-0.02280
-0.02044
-0.01516
-0.08766
0.02949
0.00666
-0.00523
-0.01666
0.00388
-0.02199
0.03170
0.04953
0.03016
0.06153
-0.00522
0.02511
0.00908
-0.01561
-0.06326
-0.03788
0.00383
0.01604
0.03024
-0.01861
-0.00209
-0.00366
0.03786
-0.03353
-0.00071
-0.01616
-0.02212
-0.06611
0.03476
0.01689
-0.00164
0.04321
0.05182
-0.02571
0.02533
0.00050
-0.10887
0.02526
0.00358
0.02206
-0.00536
-0.04774
-0.00798
-0.04192
0.05846
0.01402
0.00948
-0.02478
0.05139
0.01283
0.04783
-0.01609
-0.00543
0.01322
-0.04146
0.03808
0.02928
0.05166
0.02400
-0.03438
-0.02737
-0.05539
