0.07121
-0.01557
-0.04997
0.02686
-0.02945
-0.00809
0.00125
0.02066
-0.04196
0.03972
0.00182
0.07683
0.02585
0.05750
0.01210
-0.02228
0.06564
0.06146
0.02741
0.03866
0.02857
0.04510
0.04892
-0.00140
0.02401
-0.06089
-0.00091
0.00412
0.08585
-0.05717
0.06122
-0.00699
0.01839
-0.01084
0.00244
-0.10664
-0.06596
-0.03002
0.05132
0.01687
-0.07009
0.00312
-0.01245
0.01679
-0.00618
0.04716
0.02688
-0.00500
-0.02178
0.06193
-0.03918
-0.00915
0.05054
-0.03104
0.00582
-0.00861
0.00900
-0.00024
-0.01487
-0.00078
-0.03241
0.08163
-0.02994
0.04769
0.00483
-0.01628
-0.01148
-0.03252
0.02019
-0.05433
-0.00659
0.03179
-0.04543
0.09198
-0.00531
-0.00774
0.01850
-0.04347
-0.00619
-0.04787
0.00997
-0.00405
-0.08869
-0.00785
-0.00804
-0.01287
-0.00161
0.00913
-0.09825
-0.04586
0.01183
-0.05559
0.03684
-0.03893
0.00721
0.02367
-0.05756
-0.01279
-0.01712
0.03280
0.01706
0.09010
0.05580
-0.04178
0.04170
-0.03073
-0.11195
-0.03553
-0.03443
-0.02300
0.06708
-0.00607
-0.02788
-0.03590
0.02387
0.00925
0.03885
0.02884
-0.04338
0.01724
-0.00188
0.08850
0.03295
-0.03088
-0.05295
0.03302
0.05596
-0.08785
0.03791
-0.00902
0.00113
0.02292
-0.01530
-0.03342
-0.03227
-0.04269
-0.06121
-0.00606
0.11156
-0.00755
-0.02473
0.05556
0.03917
-0.07220
0.01994
0.02676
-0.04363
-0.00301
0.03631
-0.03725
0.04074
0.01063
-0.00892
0.03748
0.05626
-0.02349
-0.05148
0.01515
-0.01318
-0.05744
-0.02556
0.05405
0.04143
0.03610
0.06162
0.04727
-0.00134
0.03270
-0.07448
0.01937
-0.10865
0.00186
0.04056
-0.05743
0.00804
-0.03560
-0.06441
0.06426
0.04505
0.05800
-0.00807
-0.09313
0.01447
-0.02418
0.03153
-0.01737
0.01850
-0.05226
-0.03865
0.00359
-0.00480
0.01397
0.08163
0.02501
0.00171
0.03146
-0.05883
-0.04079
0.06121
-0.00492
0.06312
0.02049
0.02147
-0.07486
0.02569
-0.02335
-0.05703
-0.02410
-0.00759
0.02041
-0.03588
0.06095
-0.06854
0.01249
-0.02490
0.04642
0.05600
-0.08024
-0.03682
-0.04081
-0.00439
0.04497
0.06511
0.03578
0.03115
-0.02598
0.04649
0.01528
0.03058
0.00267
0.01710
-0.03394
0.08345
-0.05767
-0.04667
0.00858
-0.00914
0.00911
0.12622
0.00817
-0.01132
-0.04234
0.01968
-0.01780
-0.01677
-0.00711
-0.04896
-0.01754
-0.05526
0.03971
-0.02137
0.02119
0.03029
0.07367
-0.00272
-0.03257
0.01745
0.02901
0.00866
0.00724
-0.06749
-0.02932
0.00200
-0.01289
-0.02530
-0.05622
0.00183
-0.02682
0.04000
0.00697
0.02302
0.02657
0.07033
0.02748
-0.03801
0.03760
-0.03034
0.02463
-0.00457
0.00940
0.02541
-0.01454
-0.04564
-0.02232
0.06895
0.02414
0.03711
-0.06932
-0.05921
0.02884
-0.02023
0.00052
0.01729
0.01726
-0.01690
0.00582
-0.08697
-0.03279
0.01851
-0.03035
0.07113
0.01186
0.01077
-0.01080
0.02667
-0.03819
-0.01060
-0.01038
-0.05186
-0.00971
-0.05257
-0.02137
0.00308
0.07096
0.01283
0.00524
-0.02211
-0.03796
0.02772
0.01204
-0.00531
-0.04521
-0.02943
0.01103
0.02004
0.03172
-0.02235
-0.01591
-0.03663
0.00289
-0.07021
0.02635
-0.09001
0.02633
-0.02018
-0.00807
0.00881
-0.04357
-0.03182
0.08423
0.04436
-0.04234
0.03178
0.03698
0.03390
0.03188
0.03404
-0.01761
0.04132
0.09377
0.03846
-0.02359
0.01982
0.02359
0.03315
0.01664
0.02877
-0.00972
-0.02914
-0.01936
0.01841
-0.09451
-0.02170
0.01904
0.02029
0.08463
-0.01101
0.01562
-0.03024
0.00155
-0.06868
0.01726
0.01973
-0.00136
0.07286
0.06016
-0.08540
0.01080
0.01247
0.00122
-0.05796
0.01573
-0.02627
0.02630
0.00573
-0.01288
0.03318
0.01749
-0.03632
-0.02874
0.00080
0.04032
-0.01763
0.04397
0.03488
0.05668
-0.02228
0.05069
0.02150
-0.00664
-0.00210
-0.00955
0.06161
0.01978
-0.02430
-0.03994
-0.04295
0.05904
-0.02179
-0.09226
0.01262
-0.00011
-0.03929
0.00178
-0.04727
-0.01789
0.06736
0.02551
0.06742
-0.07264
-0.00630
0.04201
-0.06415
0.05498
0.01534
-0.03585
0.06662
0.01061
0.01616
0.02108
-0.04178
0.04730
-0.00414
-0.02413
-0.00808
0.02152
-0.00451
-0.05448
0.01891
-0.01505
0.02669
-0.02308
-0.00838
-0.04476
0.02468
-0.01177
0.03414
0.01680
-0.01442
-0.01647
0.02424
0.03763
0.02676
0.03056
0.00439
-0.02672
0.01999
0.04423
0.03794
0.05019
-0.04022
0.00459
-0.00773
0.03691
-0.02597
0.00841
-0.01970
-0.00391
0.05343
0.07184
0.04170
0.04960
0.07403
-0.02053
-0.05640
-0.05944
-0.00727
-0.06482
0.02550
0.01870
0.00263
0.00701
0.01938
0.05435
0.00331
-0.04253
-0.01429
0.05889
0.08480
-0.04039
0.00209
-0.09448
-0.01520
-0.02018
0.04808
-0.06301
0.07836
-0.00367
-0.03928
-0.01543
0.03474
-0.00758
-0.00930
0.02060
-0.06963
0.03559
0.01879
0.09871
-0.04423
-0.03258
-0.04250
-0.04245
