0.01771
-0.05796
-0.01029
0.04374
-0.00306
-0.06453
0.00622
0.03743
0.01103
0.02137
-0.02302
0.02689
-0.06284
-0.02607
0.01773
-0.02608
-0.02563
0.00257
-0.01393
0.00665
-0.00009
0.00423
-0.00578
-0.03418
-0.09348
-0.00168
-0.02590
-0.02056
0.00932
0.06320
0.02614
-0.02572
0.01021
-0.05677
-0.02538
-0.02810
-0.00795
-0.00584
0.00896
0.07459
-0.04615
0.07132
0.01871
0.01154
0.04437
0.04848
-0.00096
0.00095
-0.03147
-0.00143
0.01702
0.02995
0.01469
0.03290
-0.05363
-0.03429
0.05700
0.01335
-0.02161
0.00478
-0.09227
-0.00853
-0.02479
-0.02677
-0.03034
0.04774
-0.05193
-0.02522
-0.01374
-0.05836
-0.00483
0.03213
0.01260
-0.05186
-0.01241
-0.01128
0.00887
-0.04680
-0.04835
0.04924
-0.00392
-0.02224
0.05022
-0.01867
-0.00279
0.01314
-0.07265
0.01465
-0.00363
0.00489
0.04687
-0.02602
0.04922
-0.07793
-0.01835
0.02547
0.00396
0.04376
0.00718
0.01943
0.02231
-0.00543
0.03470
0.03498
0.08342
-0.01750
-0.02237
-0.04285
0.02229
-0.04625
0.05304
0.09998
-0.04436
-0.04608
0.05031
0.00468
-0.00852
-0.06466
0.01103
0.00598
-0.03800
0.02976
0.00075
-0.04741
0.05320
-0.07105
-0.04542
-0.04110
0.03125
-0.00955
-0.00428
0.00021
0.07064
0.04913
-0.00234
0.02473
-0.04655
-0.01057
0.07752
0.01601
-0.00748
0.08624
-0.04037
0.10789
0.05537
0.02147
-0.00263
0.02864
-0.02635
0.09944
0.01363
0.01580
-0.02110
0.00825
0.00839
0.03203
-0.03162
0.03056
-0.02470
-0.06903
0.06690
-0.04539
-0.07327
0.02047
0.02763
0.10895
-0.03392
-0.00632
-0.01164
-0.00987
-0.01016
-0.07992
0.01771
0.02351
0.00727
-0.00092
0.00077
-0.09626
0.01910
-0.07487
-0.03106
-0.06615
0.02799
-0.06927
-0.02661
0.00483
0.01465
-0.03886
0.03735
-0.01948
0.01464
0.02249
0.04249
0.01573
0.03972
-0.01675
0.03889
0.00886
0.01167
-0.03312
-0.05615
0.01356
0.00760
-0.06938
0.02934
0.05678
0.08858
0.00298
0.03764
0.01436
-0.01995
0.05539
0.03995
-0.03134
0.02711
-0.03827
-0.01110
-0.01276
0.00683
0.02964
-0.03697
-0.04787
0.02163
-0.04351
-0.00091
-0.07246
0.00214
-0.01880
-0.00234
0.03629
0.04300
0.05885
-0.04188
0.01708
-0.01779
-0.04780
0.04264
0.06363
-0.05715
-0.04164
0.04157
-0.01188
0.05456
0.07466
-0.05352
0.00644
-0.00466
0.02413
-0.07890
-0.00926
0.05451
0.02077
0.05556
0.00426
-0.01622
-0.01379
-0.06670
-0.00748
0.08089
-0.01848
0.02660
-0.01589
0.02140
0.04117
0.00911
0.05761
-0.01086
0.00153
-0.09618
-0.06110
-0.01564
0.01825
0.00181
0.00571
-0.01834
-0.05595
0.02630
0.06249
-0.00047
0.01392
-0.02344
0.03710
0.02907
-0.02804
-0.07304
-0.01399
0.06372
0.00138
0.01992
0.00250
-0.01346
-0.00117
-0.02836
0.06274
-0.01006
0.00532
-0.02281
-0.07221
-0.02341
0.03920
-0.00123
0.03423
-0.00496
-0.01930
-0.00585
-0.00167
0.01414
0.03421
0.02754
0.02434
0.01085
0.00160
-0.02129
0.01052
0.00228
-0.00016
-0.00881
-0.03795
0.00775
0.00404
-0.02427
0.04906
0.02843
0.05111
-0.02983
-0.02090
0.02058
-0.01903
-0.05453
0.03754
0.01022
0.01592
-0.02026
0.00873
-0.05351
-0.01506
-0.03582
0.05010
0.03484
-0.04979
0.00774
-0.02996
0.00701
0.05378
-0.02128
-0.05456
0.00933
-0.04903
0.05770
-0.02367
-0.00258
0.02199
0.01728
-0.05879
-0.01323
0.02008
-0.01646
0.05678
-0.04256
-0.00942
-0.01625
0.04274
-0.01654
0.06881
0.09695
0.01870
-0.00146
0.03637
0.01004
0.04195
-0.00023
-0.03427
0.00119
0.01921
-0.05486
0.02165
0.02657
-0.04027
0.04885
-0.01082
-0.02259
-0.05730
-0.02483
0.00732
-0.02483
0.08655
0.05205
-0.08516
-0.08330
-0.01059
0.08847
0.01558
0.00834
0.01085
0.08355
0.03783
0.02174
0.02403
0.00115
-0.05902
0.04758
-0.04767
-0.00127
0.09119
-0.01175
-0.01674
-0.06190
-0.02776
-0.06121
0.00197
0.01012
-0.04346
-0.04805
-0.05483
-0.02992
0.05277
-0.00947
-0.03464
0.01170
0.02587
-0.02063
0.04160
0.05491
-0.06680
-0.06641
0.03380
0.00052
0.04736
0.02555
0.02559
-0.00940
0.07206
0.04476
0.03740
-0.03825
-0.01896
-0.00728
0.05716
-0.00924
0.05217
-0.03485
-0.01310
0.00311
0.01333
0.03387
0.01902
0.01483
-0.08120
-0.03455
-0.07497
-0.05405
0.02866
-0.02687
0.02138
0.01669
0.04199
0.01504
-0.03073
0.01144
0.00100
0.03873
-0.00794
0.03819
-0.06641
-0.07354
-0.02468
0.00829
0.04910
-0.03397
0.02455
-0.00067
0.03971
0.04721
-0.03156
0.02816
0.02767
-0.03290
-0.06492
0.05297
0.07023
-0.02721
0.00356
0.04911
0.03097
0.08399
0.04527
-0.10342
0.00910
0.03580
-0.00853
0.00034
-0.03288
-0.00253
-0.01709
0.05650
0.04813
0.04691
-0.01387
0.04067
0.02391
-0.02493
-0.00862
-0.01783
0.03988
-0.03579
0.09091
0.01615
0.03207
0.02398
-0.02620
-0.02089
-0.05798
