-0.02562
0.00860
-0.01723
0.01008
-0.04461
-0.02280
-0.04681
0.03102
0.02963
0.06252
0.08827
-0.00300
-0.02169
-0.04341
-0.00764
-0.03806
0.04137
0.07367
-0.00860
0.00727
-0.01434
0.06452
0.04109
-0.05818
-0.10188
0.01952
-0.04043
-0.00383
-0.00422
0.04671
0.02216
0.06122
0.06152
-0.00872
-0.01023
-0.06998
-0.05862
-0.06330
0.04703
0.01324
-0.00689
-0.04613
-0.00545
0.02726
-0.01523
0.01203
-0.04603
0.04642
-0.06158
-0.01079
-0.04074
-0.00584
0.02256
-0.01104
0.03673
-0.01325
-0.03614
-0.00080
-0.00351
0.02784
-0.04661
0.05793
-0.02488
0.07191
-0.01219
-0.07227
-0.06959
-0.04111
-0.05012
0.00564
0.03134
0.01858
-0.01976
-0.01082
0.01125
-0.01236
-0.02762
-0.02196
0.03329
-0.06646
0.04655
0.00081
-0.06558
-0.01541
0.03349
-0.01452
0.01377
0.03103
0.01146
-0.10473
-0.02951
-0.07279
0.02148
0.01941
-0.00060
0.06716
-0.03138
0.04667
0.02018
0.05374
0.05173
0.04675
-0.01406
0.03531
0.05514
-0.02314
-0.01769
-0.01513
0.05124
-0.02834
0.07377
0.04700
-0.03993
-0.05938
0.01250
0.11155
-0.00551
0.03479
-0.00940
0.06361
0.03290
-0.04008
-0.04338
-0.00192
-0.00426
-0.01310
0.05420
-0.01644
-0.00547
-0.01464
-0.01222
-0.06729
0.01263
-0.00677
0.00719
0.05457
-0.04882
-0.03912
0.05317
0.02393
-0.03649
0.06264
-0.01971
0.00306
0.00791
-0.00714
0.00607
0.07300
-0.07299
0.03559
0.01203
0.05035
0.03242
-0.01823
0.08961
-0.00241
-0.07705
-0.04427
-0.01396
-0.11104
0.00495
0.04565
-0.01895
0.04241
0.04662
-0.02166
0.01411
0.09237
-0.10557
0.03095
-0.00556
-0.05046
0.01461
0.03562
-0.07416
0.05139
-0.06784
0.03961
0.00007
0.00465
0.02267
-0.06346
0.09681
0.02097
0.07888
-0.00707
0.04104
0.00262
-0.00119
-0.02585
0.03670
0.03338
0.08009
-0.06303
0.10926
-0.04741
-0.01771
-0.03981
0.06640
-0.06810
0.06104
-0.02344
0.08695
-0.08813
-0.03179
-0.00812
0.04553
-0.02351
0.03243
0.00112
0.01806
0.06719
-0.01630
-0.01063
0.01004
-0.02521
0.10558
-0.00148
0.00962
-0.05403
0.05552
0.08558
0.07868
0.01079
0.06172
-0.08657
-0.01240
0.01704
0.00243
-0.00025
-0.00179
0.01532
-0.03003
0.04049
-0.07792
0.03243
-0.01498
0.02299
0.00005
-0.00323
-0.03423
-0.00331
-0.00353
0.03401
0.02857
0.05931
-0.02839
-0.04153
0.04729
-0.00090
-0.02931
-0.00711
0.09030
0.03192
-0.03462
-0.02148
-0.03051
-0.02314
0.02667
0.00309
-0.03655
-0.06625
0.05790
0.00931
-0.04367
-0.05699
0.07041
-0.00541
-0.03582
-0.08840
0.07789
0.02851
0.03770
-0.00080
-0.00453
0.04645
0.00515
0.02300
0.00206
0.02952
0.01656
0.03905
-0.00112
-0.04800
0.02410
0.08793
0.09356
-0.01626
-0.05113
-0.03778
0.02517
0.01677
-0.00191
0.06619
-0.04498
0.00371
0.01838
-0.10725
0.03816
0.03870
0.02843
0.03482
-0.05670
0.01221
-0.01712
0.00798
0.00002
0.00513
-0.05341
-0.02219
-0.05055
-0.05622
0.02223
-0.02400
0.03719
-0.01799
0.03124
-0.07947
0.08447
-0.06651
-0.05632
0.04075
-0.04083
-0.00133
-0.02054
-0.02933
0.03877
0.05758
0.03079
0.02485
0.01710
0.05256
-0.04881
0.04422
0.03044
0.05667
0.00165
0.01151
-0.07897
-0.04133
0.03641
-0.06051
0.03267
0.03381
0.03991
-0.02106
0.01206
-0.01835
0.05005
0.03921
0.03938
-0.04164
-0.09193
0.06228
0.01874
0.03678
0.00481
-0.05185
-0.00920
0.00284
-0.00463
-0.00339
-0.04746
0.02418
0.02533
0.04805
-0.01031
0.05719
-0.06032
0.00206
0.00536
-0.00569
-0.01343
0.01565
0.01318
0.02528
-0.02208
0.03162
0.04335
-0.02667
-0.00787
-0.00174
0.00034
0.05522
0.05417
-0.06100
0.03283
-0.01820
-0.06087
0.03011
0.05813
-0.01552
-0.00662
-0.04964
0.02023
-0.02413
-0.06369
-0.01338
0.02099
-0.05187
0.01299
-0.04158
0.06647
0.09984
0.04049
-0.00813
-0.02074
0.06124
0.03912
-0.05048
0.07796
0.00441
0.01898
-0.04643
-0.07663
0.03675
0.04379
0.06468
0.00832
0.01875
0.05817
-0.08641
0.02134
-0.02671
-0.04955
-0.01222
0.02979
-0.04887
-0.00555
-0.01385
-0.01428
0.02282
0.04396
0.00658
0.02506
-0.00797
-0.05469
-0.10054
-0.06544
0.07627
-0.02512
0.03898
-0.02168
0.02677
0.02246
-0.06340
-0.04926
0.01229
-0.03215
-0.03524
-0.02791
-0.01610
0.04122
0.04199
-0.02779
-0.00378
-0.09340
-0.01823
-0.01927
0.08680
0.01352
0.05161
0.05566
-0.00138
0.03632
0.04642
0.06230
-0.03125
-0.04169
0.01977
-0.00633
-0.05767
0.02095
-0.01702
-0.03307
0.04522
-0.03636
-0.02193
0.05032
0.03140
0.04912
-0.06473
-0.04005
0.05281
-0.00563
-0.04065
-0.05308
0.06356
0.02642
-0.06966
0.01057
-0.02179
-0.00098
-0.00444
-0.00673
-0.02697
0.04307
-0.01961
0.00511
-0.09434
-0.03803
0.04085
0.01234
-0.00913
-0.00536
0.00139
-0.07006
-0.00605
-0.00054
-0.08117
-0.02162
0.02495
