-0.01707
0.06509
0.01287
-0.01143
0.01751
-0.08975
-0.04329
-0.02248
0.04445
-0.07640
-0.01430
-0.05618
-0.04201
-0.00271
0.01017
0.01021
-0.01543
0.01948
-0.01232
0.06275
0.04116
0.02425
-0.05409
0.00188
0.01561
-0.02056
0.05962
0.00116
0.07543
-0.01271
-0.00921
0.00443
0.01700
0.00915
0.05670
-0.02433
0.00977
-0.05786
0.09041
0.04088
-0.03693
-0.07057
-0.02916
-0.02561
0.00819
0.02071
-0.05265
-0.02657
0.08627
0.10103
0.04960
0.00376
-0.10319
-0.01638
0.07731
0.00515
0.00097
-0.05137
0.05849
-0.01806
0.02547
-0.01521
0.02251
-0.00983
-0.00718
0.03554
-0.04064
0.04410
-0.00511
-0.08785
-0.03339
-0.00646
-0.02444
0.04000
0.05177
-0.01291
0.04396
-0.04675
-0.05932
-0.00021
-0.02637
-0.02304
0.04820
-0.04642
-0.01223
-0.06649
0.04089
-0.02116
0.02880
0.06495
-0.01383
-0.03426
0.08842
0.00669
-0.13143
0.01279
-0.04399
0.02070
-0.01558
-0.02752
-0.01096
0.01006
0.05548
-0.05025
-0.05317
-0.04184
0.01174
-0.03389
-0.02709
-0.00439
0.00147
-0.04908
0.01657
0.11069
0.04005
-0.00079
0.00900
0.01347
-0.01230
-0.02449
0.01443
0.06480
-0.00144
0.09174
0.01861
-0.01976
-0.00856
-0.05964
-0.01082
0.06589
0.00052
-0.01682
-0.05480
-0.05045
0.01598
-0.04578
-0.01536
-0.02139
-0.02493
-0.01204
0.07573
0.02736
-0.06951
-0.02914
0.08749
0.03903
0.00892
-0.00646
0.00700
-0.02659
-0.00158
0.05093
0.02438
-0.01126
-0.02599
-0.07341
0.03476
-0.02696
-0.00536
0.02564
-0.00265
-0.06355
-0.02466
-0.00586
0.01055
-0.01056
0.07609
0.03924
-0.02479
-0.03080
-0.00463
0.06902
0.03440
-0.03750
-0.00959
-0.08863
-0.04859
-0.03712
-0.01470
0.06687
0.10989
-0.02703
-0.04102
-0.02604
-0.01061
0.02306
-0.09447
-0.06559
-0.07113
0.06933
-0.04258
0.06071
0.00404
0.04051
-0.04486
-0.05124
-0.02577
-0.02343
0.02017
-0.05396
-0.06095
-0.02722
-0.00581
0.06170
0.03780
-0.09303
-0.01141
-0.00895
-0.05063
0.10398
0.08316
-0.03323
-0.00694
0.00605
-0.05497
0.02835
-0.06107
-0.03766
-0.00463
-0.03539
0.03008
0.03341
0.00491
0.01268
0.00080
0.07196
0.01251
0.00876
0.05235
0.05333
-0.00806
-0.12662
0.00758
0.02022
0.02278
0.05658
-0.08579
0.02147
0.02773
0.05718
0.00709
0.01494
0.05214
-0.03642
-0.01801
0.02153
-0.07492
0.00668
0.06400
-0.08526
-0.04375
0.01540
-0.07749
-0.04848
0.05666
-0.06022
0.04342
0.01756
0.01314
-0.02072
-0.03290
0.01475
-0.02058
-0.01606
0.04342
-0.01260
-0.00516
-0.01467
-0.04756
-0.01527
-0.01215
0.01969
0.01770
-0.00145
0.08470
0.06598
0.01335
0.00400
0.01966
0.03764
-0.02938
-0.04784
-0.02248
0.02093
0.04495
-0.04201
-0.02432
0.01187
-0.01893
0.06407
-0.07848
0.02740
-0.02486
-0.10940
-0.02307
0.05926
-0.06575
-0.03524
0.03630
0.01677
-0.03506
-0.00492
0.00295
0.00750
-0.05262
-0.06340
0.13373
0.01149
-0.05765
-0.03770
-0.01556
-0.00620
0.04371
-0.07387
-0.02739
0.00410
-0.01222
-0.05920
0.02448
0.04221
0.01277
-0.02133
0.01830
0.01827
0.03285
-0.06919
0.04663
-0.01265
-0.05015
0.02957
-0.04623
-0.07379
0.02169
0.04392
-0.04442
0.00104
-0.05355
-0.05688
0.05470
-0.01303
0.00506
0.01420
-0.03525
0.02727
0.05679
0.07629
-0.01126
0.03996
-0.02435
0.05480
-0.01028
-0.08422
0.03108
0.04667
-0.00381
0.02054
-0.01907
0.00311
-0.05964
-0.00566
-0.00243
-0.01508
0.01896
0.02182
0.05199
-0.07537
-0.00483
0.00162
-0.08667
0.00108
0.00836
-0.01617
-0.03991
-0.06721
-0.04840
0.00577
-0.04052
-0.02183
-0.09889
0.01996
-0.05624
0.05198
0.01859
0.00978
-0.00039
-0.02679
-0.08024
0.02264
-0.04272
0.02848
-0.03275
-0.00147
-0.05602
-0.04401
0.00502
-0.01478
0.09120
0.00958
-0.06800
-0.00679
0.05195
-0.04558
-0.05543
-0.00282
-0.05185
-0.01400
-0.06101
-0.04096
-0.01932
0.03210
-0.09227
-0.00425
-0.00192
0.04519
-0.00423
-0.01389
0.01125
0.07330
-0.01551
0.02696
-0.04533
0.03048
-0.00668
-0.04846
0.01159
-0.01087
-0.02404
-0.00951
-0.02386
-0.01226
-0.01708
-0.04412
-0.02894
-0.01842
-0.05870
-0.01556
0.06301
-0.04005
0.02754
0.05828
0.06462
0.05105
-0.07319
-0.04286
-0.03134
0.06142
0.06200
-0.07509
0.02110
0.02974
0.06679
0.02734
-0.01321
0.07405
-0.04254
-0.02259
-0.00028
-0.04620
0.00714
0.10450
-0.03940
-0.07609
-0.02542
-0.02879
-0.04019
0.03474
-0.00933
-0.04224
0.09357
0.00440
-0.02911
0.13040
0.04251
-0.02498
0.05626
0.00765
-0.06617
-0.03794
-0.00549
-0.02774
-0.00520
0.05002
0.02668
0.08331
0.02729
-0.02174
0.04617
0.00796
-0.00523
0.00297
-0.00279
-0.00257
0.02904
-0.01555
0.02254
0.05412
0.00319
0.00779
-0.02120
-0.03760
0.04027
0.01343
-0.02378
-0.03284
0.05531
0.04731
0.01129
-0.01959
-0.03142
-0.00292
0.09008
-0.02027
