-0.01602
0.06948
0.00880
-0.05048
0.00005
-0.11710
-0.00050
-0.05956
0.04159
0.00465
-0.03567
-0.06329
-0.09455
-0.02123
0.05621
0.02264
-0.00380
-0.01156
-0.01177
0.10832
0.01400
0.02390
-0.03800
0.00385
0.01508
-0.03819
0.01877
-0.02712
0.00754
-0.02462
-0.06177
0.02314
-0.03728
0.07265
0.05603
-0.02245
0.04163
-0.04206
0.06204
0.04654
0.01673
-0.05454
-0.04530
0.00329
-0.03274
0.02294
-0.00480
-0.02223
0.06573
0.10947
0.08596
-0.01940
-0.12675
-0.04683
0.07617
-0.03189
-0.05923
-0.04153
0.05085
0.00270
-0.03070
-0.00551
0.02806
-0.02271
0.01326
-0.02122
-0.02658
0.04502
-0.01243
-0.07294
-0.00669
0.00230
-0.03905
0.01607
0.03854
-0.02328
0.05007
-0.02823
0.01708
-0.01882
-0.00780
-0.02692
0.00102
-0.06800
-0.05064
-0.01929
0.01144
-0.04526
0.00873
0.06465
-0.01107
-0.00650
0.03426
-0.02283
-0.12703
-0.02697
-0.01219
0.05187
-0.00806
-0.06184
-0.00121
0.03049
0.00643
-0.05029
-0.04631
-0.03838
0.03894
-0.00908
-0.03576
0.00423
-0.02107
-0.12567
0.09053
0.12529
0.02163
0.01937
0.03694
0.00287
-0.02800
-0.02419
0.01783
0.06092
0.04245
0.07682
0.04873
-0.02057
-0.00107
-0.02888
-0.03983
0.06838
-0.01659
-0.04665
-0.05374
-0.06383
0.03191
-0.06680
-0.03440
-0.01011
-0.01922
0.01094
0.09132
0.01136
-0.01578
0.00638
0.04543
0.04830
0.01248
0.02209
0.00794
-0.01446
-0.02625
0.04392
0.03191
-0.02747
-0.05819
-0.07928
0.04415
-0.02766
-0.05031
0.03287
-0.00524
-0.05332
-0.04020
-0.00191
-0.01152
-0.00224
0.03382
0.01363
-0.01491
-0.06627
-0.00585
0.03858
0.03613
0.01729
-0.01519
-0.05757
-0.02271
-0.01275
0.00356
0.05113
0.07832
-0.00791
0.03742
0.01042
-0.03524
0.00602
-0.03608
-0.03853
-0.03845
0.08077
0.01616
0.05675
0.02011
0.09131
-0.01854
-0.03323
-0.02462
-0.00429
0.01274
-0.05724
-0.06680
-0.07030
0.01776
0.07007
0.06624
-0.09247
0.06296
0.06058
-0.03345
0.07967
0.03422
-0.02224
-0.02151
-0.03422
-0.04283
-0.01038
0.00380
-0.06707
-0.02878
0.04730
0.03838
0.05611
0.02483
-0.00549
0.02033
0.10210
0.02171
0.01816
0.03817
0.09946
-0.02235
-0.10298
-0.02281
0.04073
0.00970
0.04911
-0.08379
-0.00026
0.00180
0.04698
0.00745
-0.01088
0.01387
-0.00086
-0.01302
0.02893
-0.05938
0.01807
0.11267
-0.08433
-0.02327
0.05800
-0.05558
-0.08810
-0.02626
-0.05848
0.00591
-0.00569
-0.05859
-0.02380
-0.02165
0.02336
-0.03908
-0.00533
0.03168
0.03601
-0.02083
-0.01007
-0.01293
-0.02207
-0.00721
0.00474
-0.02748
0.00704
-0.00760
0.04100
-0.04054
-0.01301
0.05106
0.06740
-0.04426
-0.02539
0.00699
0.02912
0.05350
-0.04508
-0.02650
0.01160
-0.00720
0.08330
-0.08978
0.06380
0.01496
-0.07830
-0.01113
0.02604
-0.06693
-0.02517
0.01374
-0.01582
-0.06621
-0.00409
-0.07341
0.03640
-0.01951
-0.05168
0.11193
0.00522
-0.01977
-0.00302
0.01695
0.02259
-0.00539
-0.09449
-0.00002
-0.05616
-0.01839
-0.03498
0.02381
-0.00985
0.01316
0.01910
0.03281
0.04317
0.02180
-0.04448
0.00722
-0.00597
-0.07141
0.05561
-0.09065
-0.04045
0.00865
0.00739
-0.03789
0.00171
-0.02898
-0.03075
0.04703
0.01062
-0.02826
0.03305
-0.08099
0.01960
0.04731
0.09120
-0.01635
0.03554
-0.03139
0.05118
0.00354
-0.05140
0.01029
0.03893
-0.02268
0.01257
-0.03767
0.00331
-0.04044
-0.01898
0.04089
-0.01761
0.00357
0.00358
0.02639
-0.06577
-0.01733
-0.00473
-0.06409
-0.00036
-0.04716
0.00370
-0.03857
-0.04011
-0.04837
0.00735
-0.05083
-0.01610
-0.06283
0.04510
-0.01698
0.04583
0.01633
0.01109
0.04362
-0.00117
-0.05646
0.08246
-0.03880
0.03680
-0.05399
0.00560
-0.03808
-0.00579
-0.00900
-0.07847
0.00704
-0.04419
-0.05989
-0.00281
0.05897
-0.06748
-0.02496
0.01419
-0.03503
-0.06447
-0.01503
-0.04210
0.00243
0.02900
-0.11530
-0.03897
-0.00764
0.06932
-0.03084
0.00702
-0.00403
0.03169
-0.02350
-0.01632
-0.04147
0.01682
0.00684
-0.00158
0.04001
-0.02566
0.00255
-0.02718
-0.06380
-0.00510
-0.00897
-0.07436
0.03190
-0.06713
-0.01703
0.01616
0.03202
-0.04587
-0.02601
0.05966
-0.01425
0.02427
0.00276
0.00593
-0.00617
0.01542
0.11514
-0.06978
0.03361
0.01020
0.04637
0.02306
-0.00775
0.06294
-0.04850
-0.00463
0.01279
-0.03397
-0.00065
0.04139
0.01358
-0.05242
0.00252
-0.03063
-0.08748
0.02514
0.01078
-0.01370
0.09945
0.01892
0.01608
0.12022
0.02035
0.02253
0.06380
0.03085
-0.03476
0.01011
-0.01276
0.00949
-0.01620
0.05742
0.02553
0.09199
0.08084
-0.01839
0.04968
-0.00969
0.02624
0.01612
-0.01827
-0.03779
0.00744
-0.00536
-0.03304
0.05733
0.03002
0.04145
0.00798
-0.02765
0.04642
0.00244
-0.00480
0.01617
0.04180
0.00721
-0.07713
-0.00091
-0.02885
-0.00797
0.05719
0.00311
