-0.06174
-0.03060
-0.10505
-0.06945
0.02586
-0.02581
0.08092
0.01429
0.05899
-0.05589
0.00547
0.00148
0.06131
-0.02756
-0.00600
-0.01311
0.03455
0.00482
-0.02004
-0.04004
-0.10058
0.00180
0.05321
-0.08148
-0.01127
-0.06492
-0.06205
-0.12543
0.01238
0.01377
-0.05390
0.05901
-0.02436
0.01252
-0.01349
0.05927
0.04327
-0.01333
-0.07258
0.05131
-0.01454
-0.01419
-0.03970
-0.00010
-0.00724
-0.04162
0.04896
0.08952
-0.08645
-0.04276
-0.03060
0.01380
0.02426
0.03685
-0.05591
0.02613
-0.05399
0.06408
-0.02357
-0.01305
0.00722
0.03052
-0.03534
-0.02408
-0.02784
-0.01284
-0.02475
0.05714
-0.02707
-0.01932
-0.03267
-0.04684
0.01198
-0.06260
0.03913
-0.10108
0.00092
0.00590
-0.03278
-0.03319
-0.06447
0.03819
-0.00339
-0.04559
-0.02492
-0.01786
-0.03278
-0.01034
-0.01332
-0.00704
0.09336
0.01779
0.03856
-0.07931
0.03084
-0.00375
0.00620
0.00391
-0.09859
0.00039
0.00522
-0.02371
0.01543
-0.02635
-0.03614
0.02279
0.01936
0.01110
-0.04093
-0.03397
0.03345
0.03896
-0.00747
-0.01923
0.00293
0.03297
0.05574
0.02591
0.00658
0.00548
-0.04337
-0.02366
0.07274
0.02105
-0.01802
-0.00416
-0.02664
-0.00509
-0.03270
-0.03725
-0.02853
-0.00754
0.01527
-0.04666
-0.01203
-0.00501
-0.00935
-0.03372
0.04531
-0.01522
-0.09245
0.00228
-0.06902
0.06465
0.02772
0.00664
-0.00561
-0.01592
0.00705
0.01981
0.04750
-0.06251
-0.05560
-0.00436
0.09075
0.01399
0.02964
0.04289
0.08561
0.01525
0.05889
-0.00071
-0.02676
-0.05640
0.04001
0.02059
-0.00993
0.01852
-0.01355
0.00869
-0.01067
-0.00162
0.02504
-0.01980
-0.01290
0.00060
0.01715
-0.03456
-0.03711
-0.02811
0.01730
0.02427
-0.04540
0.01167
0.01956
0.08976
0.01468
-0.00097
-0.02260
0.00287
-0.00394
-0.10932
0.00271
0.01090
0.00995
-0.05517
0.03255
0.05808
-0.03368
-0.00013
-0.01078
-0.08431
0.01879
-0.04084
-0.02281
-0.01198
0.03173
-0.06795
0.05544
0.05207
-0.00991
-0.01159
-0.04018
-0.02422
-0.01488
0.02001
0.01315
-0.00746
0.03262
-0.02735
-0.00463
-0.04567
-0.02110
-0.10252
0.02594
0.00914
0.00268
0.03113
-0.05003
0.03154
-0.05140
0.04426
-0.01590
0.01813
0.01493
0.05100
-0.00639
-0.11917
0.02002
-0.04464
0.01666
-0.07111
-0.02235
-0.05022
0.03483
-0.01663
-0.01720
-0.03282
-0.02001
-0.02136
0.06996
0.04341
-0.03808
-0.03937
0.00490
-0.04934
0.05671
-0.08696
0.00215
0.01335
-0.00114
-0.00753
-0.01032
0.02124
-0.03456
0.02436
-0.00080
-0.04354
-0.06520
-0.04039
-0.06593
0.01827
-0.05360
-0.01202
-0.03353
-0.04693
0.02333
0.01839
0.00405
-0.03342
0.03844
0.07232
0.05520
0.00748
-0.04748
-0.03475
0.01939
-0.00323
-0.03167
-0.07723
-0.03927
0.00958
0.01165
-0.02992
-0.00862
0.02611
0.05323
0.01889
0.01181
0.06475
0.02898
0.06134
-0.01451
0.01701
0.00431
-0.02987
-0.00587
-0.08433
0.00566
0.03615
-0.02714
0.00910
0.02916
-0.05997
0.03727
-0.02121
-0.00268
0.03837
-0.00265
-0.03512
0.01503
0.03237
-0.00085
0.05805
-0.00191
-0.00167
0.01038
0.04760
0.01439
0.03085
-0.00451
0.04464
0.05478
0.04619
-0.08229
-0.05465
0.02391
-0.01139
0.11802
0.02184
0.03226
-0.03659
-0.03963
-0.02681
0.05849
-0.02997
-0.00368
-0.02226
0.01439
-0.05662
0.03033
0.01952
0.00584
-0.07490
0.01631
0.01285
0.06350
-0.03406
0.01100
0.00655
0.01024
-0.04822
-0.10809
0.02072
0.00675
0.03551
0.06224
-0.00480
0.00301
-0.04051
-0.05310
-0.00763
0.00477
0.01435
-0.01127
0.02950
0.00372
-0.03728
-0.02812
-0.06280
-0.03025
-0.06048
0.00627
-0.02540
-0.01729
0.03188
-0.07169
0.01948
0.02657
-0.02394
0.04088
0.04223
-0.00857
0.00481
-0.01920
-0.00891
0.07854
-0.01082
0.04020
0.02050
-0.05155
0.04670
-0.02473
0.02807
-0.02121
-0.02509
-0.01319
-0.01920
0.01228
-0.02900
0.01939
0.01927
-0.06326
-0.05042
-0.07180
0.04192
-0.00184
0.02059
0.03859
-0.05367
-0.04455
0.00863
-0.02694
0.06450
-0.00265
0.00630
0.01551
0.01556
-0.06953
0.04316
-0.03011
0.01171
0.00004
0.00923
-0.03892
-0.07945
0.04762
-0.02177
-0.04049
-0.00569
0.00648
-0.03224
0.08382
0.03956
0.03487
0.00101
-0.02319
-0.03341
0.03224
0.00079
-0.03117
0.02551
-0.05375
-0.09994
-0.00876
-0.00643
-0.02331
0.05821
0.03433
0.01336
0.02337
0.01317
-0.02606
-0.05468
-0.00201
0.01325
0.00867
0.03891
-0.00259
0.01949
-0.01433
-0.00028
-0.03200
0.06424
0.00691
-0.00387
-0.02379
0.00804
0.01954
-0.00856
0.01988
-0.03752
0.01550
-0.04227
0.02267
0.05151
-0.02875
-0.04183
0.01722
-0.00672
0.00416
-0.01279
-0.04050
-0.04221
0.06475
0.00254
-0.03301
0.05028
0.06490
0.01863
-0.10970
-0.06720
0.01964
0.03911
0.05285
0.07148
0.02923
-0.02753
0.03224
-0.03639
-0.04042
0.00747
