-0.04504
0.01908
-0.09485
-0.06043
-0.07624
-0.04095
0.01519
0.03406
-0.00191
-0.01858
0.03446
-0.02747
0.05179
-0.02299
-0.02275
-0.00131
0.03157
-0.01573
0.04169
-0.05891
0.02260
0.01392
0.00740
-0.01306
0.07581
-0.07763
-0.02764
-0.06296
0.03487
0.00055
-0.04191
-0.02065
-0.02039
0.02582
0.04637
0.08347
0.00807
0.02553
0.01825
0.00270
-0.05919
-0.03595
0.02374
-0.04751
-0.07557
-0.00651
-0.03423
-0.03016
0.01839
0.05768
0.05133
-0.02500
-0.04364
-0.02312
0.03920
0.00616
-0.03635
0.01514
-0.01129
0.01026
0.02383
0.04012
-0.01176
0.05167
0.01658
-0.05174
0.02936
0.03581
0.02501
-0.01445
-0.06026
-0.02495
-0.02068
-0.02175
0.05518
-0.05501
-0.00660
0.02407
0.04586
-0.02491
-0.03776
-0.03540
0.02292
-0.06991
-0.01077
0.02284
-0.01409
-0.00873
0.02929
0.00298
0.00864
0.00118
-0.05543
-0.00439
-0.05104
0.00827
0.04161
-0.07653
-0.01877
0.01772
-0.00431
-0.06262
0.05430
-0.05204
-0.06154
-0.00322
-0.03153
-0.04792
0.00633
-0.00527
-0.03060
0.01548
0.12598
0.00050
-0.01376
-0.00740
0.01991
0.03380
-0.03454
0.04942
-0.02797
-0.01027
-0.01736
0.03264
-0.00323
0.03573
-0.02291
0.04527
-0.01650
0.04772
0.00249
0.01703
-0.01508
-0.04005
0.07288
0.03102
0.00958
0.04324
0.03072
-0.01058
-0.03433
0.00623
0.06932
-0.04968
-0.06464
0.03320
-0.00777
0.05608
0.01611
0.03302
0.00996
-0.05003
0.01334
-0.01480
0.05327
-0.00677
0.03575
0.04436
0.03411
0.00695
0.00518
-0.04318
-0.00031
-0.01936
0.04631
-0.01163
0.03275
-0.03899
-0.02796
-0.00029
-0.00995
-0.00594
0.06295
0.01734
-0.04883
-0.05234
0.01130
0.01637
-0.05531
-0.02541
0.02478
-0.06418
0.02982
0.02195
-0.07146
0.07054
0.04146
-0.00720
-0.08790
0.02583
-0.03666
0.03499
0.03491
0.01624
-0.04473
0.01603
0.01167
0.06803
0.00259
-0.04312
-0.06175
0.00151
0.05192
-0.02302
0.02301
-0.04586
-0.00414
-0.02037
-0.00412
-0.03260
0.00679
0.02452
-0.00869
-0.00482
-0.02773
-0.02143
0.03551
-0.05786
0.00993
0.01719
0.06879
0.02647
0.02982
-0.00465
0.04184
-0.02602
-0.06777
-0.05301
-0.01297
-0.03415
0.01206
0.08809
-0.03794
0.01384
0.03766
0.03345
0.01448
-0.08609
-0.00456
-0.02995
-0.03929
-0.01461
-0.05337
-0.00603
-0.02026
0.05526
-0.03414
0.00737
0.04158
-0.03204
-0.07222
-0.00207
-0.03072
-0.01133
-0.05854
-0.10739
0.01116
-0.11582
-0.00893
-0.03134
0.00888
-0.03194
-0.00114
-0.00182
-0.01850
-0.01931
-0.04422
-0.01967
-0.04738
-0.01885
0.03074
0.06091
-0.03158
0.02339
-0.04237
0.01951
0.01016
-0.05684
-0.03030
0.00038
-0.00152
-0.03875
0.00280
-0.01842
0.03400
-0.00121
0.01125
-0.02374
-0.05274
-0.00795
0.01824
-0.00537
-0.00669
-0.00655
-0.03938
0.02215
0.00179
0.03658
0.04391
0.04961
0.03074
0.06036
-0.00350
-0.00704
0.00991
-0.04817
0.02834
0.00194
0.04025
-0.00613
-0.03858
-0.00757
0.02050
-0.09889
0.09662
-0.03460
0.04265
-0.04973
-0.02682
-0.04842
0.00490
-0.01088
-0.03299
-0.04170
-0.01156
0.06869
-0.02542
-0.00341
0.03861
0.04686
-0.00052
0.04133
-0.06741
0.02089
-0.03180
-0.00044
-0.06288
0.01519
-0.01530
0.09331
0.06614
-0.02147
-0.05161
-0.00877
0.06918
0.01000
-0.01433
-0.01812
0.03133
-0.03782
-0.00421
-0.04950
0.01145
0.00002
-0.01200
-0.02392
0.03754
-0.02394
-0.07411
-0.06510
0.04218
-0.02985
-0.11933
-0.00434
0.04697
-0.00164
0.10412
0.00375
-0.10331
-0.02483
-0.06464
0.03862
0.00364
0.04916
-0.04772
-0.06107
-0.01773
-0.04671
-0.09414
-0.02438
0.02004
0.06399
0.05723
0.00722
0.06947
-0.06007
-0.06912
0.04643
-0.05234
0.03020
0.02136
0.02423
-0.00780
0.00268
-0.04180
-0.05143
0.00335
0.01486
0.01740
0.04418
-0.02367
0.00658
0.02378
0.05194
0.00551
-0.00368
0.04783
0.07603
0.04087
-0.03409
-0.04652
0.00763
-0.05196
0.03420
-0.08191
-0.01974
0.04555
0.03324
-0.00653
-0.00674
-0.01023
0.01067
-0.01301
0.01482
0.04052
0.03095
0.05815
0.00048
0.00573
0.05040
-0.01126
-0.03465
0.03824
-0.02084
0.03656
0.00215
0.04389
-0.07323
-0.06315
0.02004
0.04010
-0.02697
0.11144
0.01966
0.08178
-0.00868
-0.00197
0.09208
0.02979
0.01310
0.01733
-0.00160
0.03886
-0.05828
-0.03821
-0.01390
-0.00752
0.03724
0.00933
0.03140
-0.00483
0.04746
0.05136
0.02810
-0.00756
-0.02510
0.06152
0.00611
-0.06463
-0.02601
-0.00459
-0.01663
0.02644
0.08143
-0.01451
-0.00381
-0.04478
-0.04183
0.01283
-0.06015
0.00960
-0.06051
0.03605
0.00965
-0.02935
0.03828
0.00322
0.04534
-0.06381
0.04377
0.06005
-0.02937
0.05567
0.03365
0.06618
0.04955
0.07314
0.06010
0.01710
-0.07746
0.03713
-0.01817
0.08398
-0.00703
0.06707
0.03381
-0.03787
0.04466
-0.00042
-0.01156
-0.02938
0.06091
