0.05184
0.05141
-0.08663
-0.06849
0.02030
-0.03113
-0.01122
0.08649
-0.00972
-0.00519
-0.02368
0.01236
-0.06247
0.03139
0.07567
0.04989
-0.00552
-0.04103
-0.03971
0.00009
0.01806
-0.04786
-0.01246
0.02379
0.04685
-0.06217
0.02550
-0.00456
0.02058
0.03231
0.02609
-0.05837
0.06981
0.07487
0.01011
-0.01275
0.02893
-0.01675
0.07667
-0.02095
-0.01357
-0.03480
-0.03025
0.01452
0.02954
0.03078
-0.07384
-0.02423
-0.01026
0.05482
-0.01469
-0.04590
-0.02217
-0.03303
-0.05371
-0.01488
-0.02565
-0.04361
0.01950
0.00760
-0.05185
0.04544
-0.04555
0.01383
-0.01186
-0.04517
0.05019
-0.03247
0.08080
-0.02156
-0.03228
-0.09745
-0.01357
0.02760
-0.00632
0.06333
0.03480
-0.04557
-0.00171
0.11384
0.02516
0.01745
0.01323
0.00779
0.04667
-0.04984
-0.01735
0.05454
-0.04622
-0.04998
-0.06413
-0.04779
0.02945
-0.07548
-0.02958
-0.00269
-0.07156
0.01908
0.00798
-0.00489
-0.00533
0.11230
0.01292
0.03888
0.00127
0.01444
0.00184
-0.01003
0.05596
-0.09661
-0.01868
-0.05738
-0.00735
-0.08600
0.06200
0.03313
0.03030
-0.05599
0.03692
-0.02139
0.00144
0.06677
0.01159
0.00356
-0.00599
-0.02745
-0.03293
-0.09130
-0.02738
0.00171
-0.04319
0.04857
-0.02203
-0.05117
0.01201
-0.05416
0.06526
-0.03441
0.00400
-0.05549
0.05336
-0.00520
-0.07054
-0.01957
0.09608
0.00185
-0.05455
0.01037
-0.02763
-0.06317
-0.06499
-0.00561
0.02635
0.01591
-0.03149
-0.03534
-0.04088
-0.00004
-0.01579
-0.06527
0.02371
0.04145
0.04760
-0.00641
0.07932
0.04028
-0.03114
0.10870
-0.05022
0.03138
0.01663
0.01329
-0.02129
-0.00011
0.03438
-0.04303
0.00125
-0.08664
-0.03159
0.02290
0.04101
-0.02635
-0.00642
-0.02911
0.05959
-0.09636
-0.03621
-0.03534
0.01475
0.00963
-0.04525
-0.01016
0.06251
-0.03692
0.04453
-0.02171
0.07365
0.00991
-0.00191
0.05032
0.00454
-0.01440
0.12914
-0.00447
0.05501
0.04367
0.02571
-0.01540
-0.03692
0.15231
0.02152
0.04688
-0.08567
-0.04176
0.02565
0.02592
0.01317
-0.05603
0.04394
-0.07970
-0.05457
0.02676
0.01570
0.01142
-0.00413
-0.03186
0.07374
-0.00625
-0.06692
0.00923
-0.04861
-0.07575
0.02519
0.01153
0.02723
-0.02474
0.04981
-0.01385
-0.02679
-0.00729
0.07662
0.00231
0.09862
-0.06274
0.04732
0.09002
-0.02096
-0.00776
-0.03377
-0.01352
0.00147
0.05692
0.01669
-0.00776
0.00637
-0.09943
0.06085
0.06841
0.02066
0.00370
0.01132
-0.03181
-0.00647
-0.12318
0.00701
0.00611
0.03971
0.04071
-0.04703
-0.07004
-0.03233
-0.01134
-0.02679
-0.00453
-0.03488
-0.00148
0.00335
0.03287
0.02311
-0.00806
-0.04448
-0.00065
0.03100
0.00991
0.04581
-0.05220
0.10690
0.02120
-0.02400
-0.01449
-0.05178
-0.00689
-0.00688
-0.01499
-0.02615
0.01698
-0.03370
0.03370
0.01247
0.04055
0.02800
-0.10481
-0.10549
-0.01652
-0.04125
0.00771
0.02471
-0.04657
-0.00822
-0.00258
-0.08536
-0.02713
0.00589
-0.01895
-0.07873
0.02981
-0.03545
-0.02451
0.04137
-0.02856
-0.02540
-0.04426
-0.02500
-0.06624
-0.05150
0.02252
-0.01635
0.01144
-0.03829
-0.00497
0.10016
0.00031
-0.08424
0.03613
-0.03162
0.01377
-0.05706
-0.01779
0.00852
-0.01951
0.02849
-0.01021
-0.01373
0.05288
0.00858
-0.03787
0.00101
0.00622
-0.03102
0.03107
-0.01488
-0.03534
0.01519
0.02689
0.05716
0.04108
-0.06648
0.01324
-0.07491
-0.00401
-0.03170
-0.03062
0.00069
-0.00180
-0.04686
0.02337
-0.00316
0.03412
0.05342
0.04004
0.03674
0.00725
0.01202
-0.06914
-0.02599
0.01552
-0.01581
-0.01564
0.03653
0.01586
-0.01564
-0.02575
-0.04543
0.00178
-0.00078
-0.03600
0.04751
0.04538
-0.02742
0.01227
-0.01082
0.03775
-0.01375
0.00081
-0.01085
-0.00387
0.02544
0.00094
0.06909
-0.00892
0.08075
-0.00084
0.06356
-0.06011
-0.02776
0.01341
0.00814
-0.12767
-0.04476
0.00369
0.00600
-0.05877
-0.00802
-0.01296
-0.04500
-0.03845
0.08696
-0.01815
0.03672
-0.01809
0.02665
0.01291
-0.00097
-0.01889
-0.00786
0.05508
-0.05660
0.06843
0.01368
-0.04159
0.03305
-0.01659
-0.08605
-0.05582
0.03047
-0.05100
-0.01156
-0.02940
-0.00966
0.01869
-0.04614
-0.05957
-0.04045
0.08656
-0.04261
0.07855
0.00051
-0.03612
0.02875
0.00861
0.06321
-0.01193
-0.05221
0.02798
-0.03128
-0.02247
0.00187
0.02017
0.02272
0.09527
-0.00521
-0.02762
-0.02327
-0.04604
0.00240
-0.01507
-0.02066
-0.00843
0.01825
0.06656
0.00383
0.05547
0.02748
-0.05476
0.01070
0.03279
-0.03828
-0.02513
0.05975
-0.00030
-0.00392
-0.01970
-0.03516
-0.01919
-0.01403
-0.01081
-0.03618
0.00253
0.06693
0.00969
-0.01768
-0.03221
0.01759
0.00800
-0.00248
0.01029
0.02639
-0.04724
0.00186
-0.03972
0.02874
0.05212
-0.05842
-0.00603
0.02254
0.01101
0.00783
0.05697
-0.05725
0.02366
0.06783
-0.08279
