0.05589
0.07792
-0.05129
-0.01627
0.03777
0.03616
-0.05129
0.04536
-0.00430
0.04741
-0.05114
0.03594
-0.05867
0.04637
0.04768
-0.01987
0.06597
0.04434
0.01918
0.00250
0.01970
0.03652
0.06384
0.00939
0.03529
0.00118
0.04204
0.04012
-0.01288
0.04198
0.01952
-0.01550
0.01264
0.03139
0.03790
-0.08030
-0.03439
-0.01895
0.02426
-0.03085
-0.00963
-0.07563
-0.05992
0.03388
-0.03913
-0.02315
-0.04377
-0.04767
-0.04247
0.01758
-0.06022
-0.13703
0.00152
-0.05945
-0.02878
-0.00123
-0.04131
-0.04648
0.06963
-0.02174
-0.06450
0.05890
-0.02572
0.08126
-0.01014
-0.06796
0.02481
-0.06068
0.03575
-0.00637
-0.02093
-0.05445
-0.00717
0.02569
-0.02909
0.03014
-0.01092
-0.07185
0.10608
-0.00208
0.09025
-0.03760
-0.01486
0.00791
0.00391
-0.00259
-0.08215
0.00108
-0.05017
-0.11250
-0.05121
0.01734
0.04513
-0.03642
0.05373
-0.00300
-0.08485
0.01833
0.01621
0.00237
0.04676
0.15021
-0.00264
0.07236
0.03344
0.01944
-0.04607
-0.04768
0.01922
-0.03704
-0.04500
-0.06252
0.00222
-0.05407
-0.03274
-0.01743
0.00755
0.06195
-0.00904
0.00277
0.02830
0.03621
-0.02088
-0.04608
-0.03480
0.00006
0.07247
-0.03756
-0.02984
-0.00566
-0.05165
0.02420
-0.02058
-0.05662
0.01393
0.00764
-0.00313
-0.04932
0.02856
0.02561
-0.00392
0.03114
-0.03737
-0.04784
0.01929
-0.00134
-0.05738
-0.02591
0.01636
-0.02048
-0.02967
0.04598
0.06753
0.03343
0.03779
-0.02098
-0.07622
-0.04788
-0.04487
-0.07668
-0.03988
0.07991
0.06451
0.08006
0.00561
-0.01298
0.00498
0.05028
-0.07685
0.02829
-0.02803
0.00907
-0.01510
0.09479
-0.01802
0.02425
-0.05633
0.05130
0.00182
0.04687
0.02629
-0.02690
0.00621
0.04216
0.04299
-0.08270
0.03536
0.06616
0.08019
0.01590
0.05491
0.03903
0.06309
-0.02956
0.06706
0.04644
-0.03144
0.01651
0.05068
-0.00047
0.05701
-0.00465
0.11012
0.00700
0.07678
0.06417
0.05525
0.02875
0.03785
0.01676
-0.00257
0.04184
-0.07305
0.04854
0.01865
-0.02803
0.03931
-0.06374
-0.05753
-0.00380
-0.03323
0.11265
0.05496
0.09543
0.04942
0.00837
0.02552
-0.03220
-0.03255
0.02615
-0.02713
-0.03187
0.01180
-0.01579
-0.04092
-0.04534
0.01598
0.00645
0.00451
-0.00291
-0.02711
-0.00145
0.02159
-0.03143
-0.01323
0.08419
0.00408
-0.03174
0.02760
0.09424
-0.05094
-0.00155
0.04162
-0.00285
-0.04644
-0.07193
0.04163
0.09010
-0.05869
-0.05428
0.00146
0.04300
0.05746
-0.05753
0.01866
-0.04924
0.03229
0.01221
0.01269
-0.07165
0.04725
-0.04870
0.06958
0.01126
-0.09436
0.07051
0.00508
-0.01295
0.05708
-0.00723
0.02824
0.04300
-0.04723
0.01584
0.02664
0.02279
0.02692
-0.02326
0.02310
0.04622
-0.06532
-0.03845
0.02194
-0.00296
-0.02455
-0.09573
-0.00998
-0.03583
0.03196
-0.03296
0.01039
-0.04912
-0.11394
-0.01102
-0.04023
0.05012
-0.00937
-0.03226
-0.05349
0.02517
-0.07126
0.01171
-0.00865
-0.00976
-0.02136
0.02951
-0.03109
0.03609
0.07847
-0.05040
0.02775
-0.05185
-0.01939
-0.04578
-0.01058
0.04444
0.00483
0.01767
-0.00830
-0.03479
0.05927
0.02052
-0.09649
-0.02649
-0.03956
0.02818
-0.02176
-0.03191
-0.06491
-0.03039
-0.00274
0.01435
0.01123
0.02418
-0.02438
0.05305
-0.00209
0.03542
-0.06441
0.03594
-0.03242
-0.01817
-0.04643
-0.03600
0.00481
-0.00420
0.00136
-0.00318
-0.01877
-0.06323
-0.00332
-0.01432
-0.00190
0.00894
0.03510
0.00939
-0.01054
0.01077
0.01421
0.04541
-0.05830
0.00862
0.03308
-0.00001
0.01358
0.01910
-0.05002
0.08066
-0.00255
-0.00065
-0.01043
-0.03626
0.00239
0.01199
0.02940
-0.05611
0.04893
0.07391
-0.00371
0.00301
-0.02842
0.03313
0.02170
0.03456
0.01571
0.01834
-0.06390
0.02451
0.01742
-0.02903
-0.00464
-0.01785
0.03317
0.02762
0.09012
0.00283
-0.03882
-0.02314
0.03102
0.01582
-0.01994
-0.00221
0.03126
0.02734
0.01557
-0.00303
0.13327
-0.03877
0.00534
-0.06542
0.04002
-0.06218
0.01432
0.03522
0.00521
0.00220
-0.01223
0.00575
-0.00289
-0.02428
-0.04187
-0.05054
-0.03734
-0.06075
0.12747
0.00492
-0.04484
-0.09774
0.01661
-0.02221
-0.05144
-0.05096
-0.02273
0.05978
-0.02088
0.06119
-0.02910
0.02826
-0.00780
0.00215
0.03411
0.02872
-0.00847
0.02628
-0.01952
0.01346
-0.08346
0.02602
0.04468
0.05407
0.03751
0.07855
-0.04950
0.01752
0.01322
-0.01821
-0.04238
-0.06325
0.07154
0.04550
-0.00267
-0.02977
0.04374
-0.00575
0.00278
0.01562
0.02154
-0.00690
-0.00492
0.01677
0.02628
-0.01196
-0.04635
0.00845
-0.01479
-0.02412
-0.06746
0.02980
0.03206
-0.01346
0.01631
-0.10879
-0.02723
-0.00723
-0.04973
-0.05223
0.06155
-0.03142
-0.02527
-0.02831
0.07797
0.02836
0.02508
-0.01938
-0.00162
0.00433
-0.04360
0.06765
-0.06770
0.00251
0.00192
-0.02288
