-0.02016
-0.03115
-0.09317
-0.04377
0.02142
-0.02088
0.02124
0.01098
0.02657
-0.04048
-0.02271
0.04534
0.02905
0.01916
0.00119
0.06607
0.04627
0.02959
-0.00356
-0.01118
-0.01017
-0.03353
0.03053
-0.05917
0.01030
-0.09182
0.00173
-0.07125
0.05793
-0.00083
0.03507
-0.00271
-0.01612
0.03550
-0.03758
0.00666
0.05067
-0.02380
-0.04147
0.06919
-0.05199
-0.03781
-0.05312
0.06216
0.04581
-0.01226
0.03557
0.00422
-0.02943
0.02758
-0.01786
0.01575
-0.00282
-0.02249
-0.06881
0.02494
-0.02409
0.00734
0.02743
-0.01003
0.02786
0.02370
-0.03665
-0.00155
-0.03384
0.06073
-0.03429
0.04366
-0.02405
-0.05913
-0.07301
-0.07718
0.05234
0.00956
0.04556
-0.02394
0.00438
-0.00448
-0.04585
-0.02680
-0.04883
-0.01395
-0.00182
-0.01966
-0.01967
-0.04914
-0.03729
0.09426
-0.04446
0.02443
0.02071
-0.02672
0.04554
-0.02669
-0.04381
-0.05519
-0.03497
0.00357
-0.05725
0.00990
0.05717
0.02046
0.05065
-0.06865
0.00017
0.00051
-0.04287
-0.10448
-0.03911
-0.05374
-0.00457
0.03134
-0.05296
0.01657
0.07120
0.02369
0.02504
-0.01784
0.01793
0.00357
0.01330
0.01932
0.03169
0.05209
-0.03054
-0.05323
-0.02846
-0.01036
0.05248
0.01138
-0.01479
0.00426
0.00992
-0.05326
0.01194
-0.04566
-0.00180
-0.07026
0.03938
-0.04533
-0.01653
0.04304
-0.06455
0.03264
0.08769
-0.02559
0.00372
-0.01350
0.06900
0.01960
-0.00750
-0.02212
0.01762
-0.00347
0.06961
-0.04328
0.00049
0.02272
0.06110
-0.03629
0.03698
-0.00670
-0.01349
0.00138
0.09397
0.03852
-0.02016
0.03157
0.02037
-0.02128
-0.01323
0.00674
0.02081
0.00871
-0.02482
-0.07262
-0.01097
-0.02233
-0.02190
0.01910
0.03558
-0.01408
-0.05138
-0.03106
0.01901
0.03094
-0.02300
-0.03181
-0.06545
-0.01214
-0.04768
-0.03200
0.03668
0.04438
0.00925
-0.04198
0.02543
0.04926
0.04584
0.02866
0.00090
-0.07035
0.03000
-0.04495
-0.00354
-0.02907
0.03157
-0.02932
0.04313
0.06111
-0.03909
0.02745
-0.03434
0.03577
-0.01205
0.03197
-0.03872
-0.02167
0.03322
-0.01382
-0.02284
0.00966
0.03610
-0.04813
0.04825
-0.02303
-0.01439
-0.03014
-0.02559
0.06522
-0.06706
-0.04293
0.04326
-0.00891
0.02759
0.03991
0.04359
-0.07712
0.03006
-0.02680
0.04899
-0.02482
0.07712
-0.02885
-0.03051
0.02339
-0.05941
0.00322
-0.04199
-0.01690
0.02935
0.04672
-0.02559
-0.03302
-0.02495
-0.08780
0.05124
-0.00556
0.05802
-0.00394
-0.03454
-0.01767
-0.08208
0.04415
0.00754
0.00462
0.02689
-0.10692
-0.07247
-0.02913
-0.03934
-0.00810
-0.03989
-0.01410
-0.02637
-0.01068
0.00074
0.01392
-0.01564
-0.00703
0.02685
-0.00638
0.02956
0.02797
0.03778
-0.02740
-0.01530
-0.05156
0.02177
-0.01789
-0.03646
0.04622
-0.01880
-0.04730
-0.01780
0.06055
-0.00280
0.03006
0.07225
0.07802
0.05579
0.06964
-0.01683
0.01074
-0.02184
-0.03706
0.05556
-0.05056
-0.03787
-0.01802
-0.03235
-0.00813
0.00521
-0.07971
0.00406
-0.02438
0.01149
-0.01467
0.04165
-0.02695
0.00317
-0.07580
-0.04372
0.02662
-0.02028
0.02104
0.04553
0.02662
-0.00962
0.05956
-0.01575
-0.00496
-0.04922
0.00132
-0.09018
-0.00793
0.00532
-0.06820
0.09375
0.02383
-0.00675
-0.03545
0.00114
0.05221
0.01810
0.02739
-0.01848
-0.02506
-0.00551
0.05489
0.05715
-0.02478
0.05066
-0.02029
0.03145
0.00926
0.02313
0.02296
-0.07428
-0.02830
-0.02471
-0.08758
-0.08298
0.01012
0.05789
0.03778
0.07101
0.03853
-0.02621
-0.02135
-0.05080
0.00208
0.01026
0.02256
0.00275
-0.02390
-0.02690
-0.04265
-0.05218
-0.04559
-0.06472
-0.00728
-0.00764
-0.01302
-0.05554
0.03342
-0.05633
-0.00154
-0.03177
-0.04377
0.02619
0.02229
-0.03506
-0.00377
-0.00306
0.02977
0.07406
0.02335
-0.00624
-0.03309
0.02593
0.01856
0.02580
-0.00206
-0.04959
-0.02282
-0.00917
-0.02074
-0.01789
-0.00351
0.01813
-0.00101
-0.04472
0.01614
-0.05446
0.03875
0.00969
-0.00555
0.02695
-0.02518
-0.05405
0.07287
-0.01309
0.02513
-0.02312
0.04185
-0.00828
0.03362
-0.02287
0.03924
-0.06031
0.00414
-0.04177
-0.01397
-0.05084
-0.02197
0.07088
0.01889
-0.00052
0.02058
0.03360
-0.01197
0.01739
-0.00880
0.01894
0.01551
-0.00185
-0.08632
0.03798
0.01449
0.04614
0.06787
-0.06061
0.02660
-0.02501
-0.02371
-0.03664
0.06990
0.04436
0.08733
0.02378
-0.02692
0.03621
-0.04073
-0.03782
0.00013
-0.04771
0.02654
0.03687
0.03983
-0.01070
0.06296
0.03542
-0.00609
-0.00834
-0.04150
-0.04129
-0.05367
0.05337
-0.01922
-0.00238
-0.03850
-0.00198
0.01176
0.07008
0.04822
-0.03476
-0.04383
0.06504
-0.03916
0.00518
-0.06907
-0.02556
-0.00060
0.05235
-0.00509
0.01442
0.03086
0.04935
0.02347
-0.06336
-0.00357
-0.03116
0.03656
-0.03705
0.08106
0.09009
0.00276
-0.03927
-0.02444
0.01900
-0.00165
