0.00181
0.01514
-0.01768
0.00666
-0.01152
0.00436
-0.05640
-0.01184
-0.02144
-0.03224
0.05335
0.02505
0.05324
0.02660
-0.00315
0.04909
0.01524
0.01910
0.04930
0.04393
-0.00881
-0.00616
0.08351
-0.06898
0.02803
-0.04018
0.06991
-0.08810
-0.03041
0.05469
-0.01597
0.00850
-0.07849
0.11742
-0.01484
-0.00469
0.05645
-0.01263
-0.03442
0.04200
-0.02823
0.00999
0.00999
0.07953
-0.04791
-0.02482
0.00308
0.05113
-0.08762
0.03501
-0.05562
0.01061
0.01885
0.00829
-0.07288
-0.03263
-0.01460
0.05234
-0.01685
-0.00030
0.08547
0.05151
0.01287
-0.00916
0.07311
0.04006
-0.02314
-0.04264
0.02771
0.00476
-0.00530
0.00896
0.02852
0.01198
-0.00954
0.00658
-0.05330
-0.05439
0.00813
-0.05403
0.02131
-0.03110
-0.02322
-0.04302
-0.00527
0.01049
-0.01046
0.06367
-0.05219
0.01311
0.05601
-0.01585
-0.05325
-0.08802
0.01034
-0.07183
0.05503
0.00386
-0.06827
0.00340
0.03703
-0.00312
-0.02145
0.02491
-0.04550
0.02012
0.03231
-0.00904
-0.05454
-0.02931
-0.00420
-0.03198
-0.01153
-0.00683
-0.02190
-0.00893
-0.03493
0.08726
0.03282
0.02762
-0.01751
0.02500
0.03904
-0.00044
-0.02331
-0.01538
-0.02801
0.07464
-0.01978
-0.03428
-0.04376
-0.04211
0.02245
-0.02602
-0.01349
0.00616
-0.04854
-0.01720
-0.02860
0.05153
-0.00841
0.03038
-0.02898
0.02293
-0.01367
0.01076
0.02315
0.04400
0.06915
0.03009
0.03872
0.00013
-0.03768
0.03203
0.02783
0.02165
0.00237
0.04563
0.02485
-0.00244
0.02521
0.04363
-0.01070
0.08428
0.05963
0.03694
-0.07687
-0.05413
0.00307
-0.02180
0.02140
0.00917
0.01263
0.02636
0.01045
-0.07046
-0.01176
-0.03306
-0.05938
0.06049
-0.03183
0.01955
-0.00779
0.01326
-0.02614
0.03668
0.05498
0.09202
-0.03352
-0.05481
0.02249
-0.02725
0.05968
-0.00292
-0.01560
-0.01311
-0.00929
0.03383
0.01762
0.11039
0.06200
-0.05812
-0.05003
0.03167
0.05936
0.07439
-0.02492
-0.05145
-0.04421
-0.01929
-0.04125
-0.01236
0.02646
0.03245
-0.02125
-0.00202
0.08702
-0.00115
0.09686
0.04367
-0.07112
-0.06618
0.01804
-0.08078
0.14037
0.09605
0.01442
-0.03452
-0.04997
0.03784
0.05713
0.09985
0.04844
-0.00367
0.04173
0.03600
0.05158
-0.07375
-0.00034
-0.00244
0.00202
-0.01350
-0.00108
0.01741
0.01305
0.07667
-0.04832
0.05715
0.03025
0.00457
-0.03980
-0.02409
-0.02236
-0.00554
0.00509
-0.03735
0.02794
-0.01086
0.00932
0.02445
-0.03485
-0.07004
-0.01501
0.00030
-0.08552
0.02063
-0.00758
-0.10587
-0.02424
0.00651
0.04890
0.04865
0.00818
0.03621
-0.06874
0.04926
-0.01231
-0.03090
0.01568
-0.04962
0.04463
-0.04458
0.03796
0.01841
-0.03605
-0.08988
-0.00415
-0.09484
0.00863
0.03727
-0.03067
-0.01550
0.00081
0.01714
-0.01250
-0.08518
-0.08224
0.05464
0.00869
0.05693
0.05214
0.02269
-0.02836
0.05961
0.06767
-0.00554
-0.02510
0.04026
-0.07466
0.04403
0.00220
0.03340
-0.00307
-0.04698
0.05348
0.01296
-0.01381
-0.00791
0.01304
0.00066
0.04770
-0.04330
-0.07696
0.02501
-0.03984
0.11983
0.07637
0.05302
0.05515
0.05328
0.05848
-0.05941
-0.09611
0.00367
0.01610
0.05473
-0.00309
-0.03644
0.05822
-0.00042
0.00428
0.01765
0.02989
0.01377
-0.03590
0.06330
-0.02513
-0.01226
-0.02194
0.02691
-0.08659
-0.03431
0.07380
0.01814
-0.02344
-0.01645
0.06172
0.00034
-0.02916
0.00421
0.03357
-0.06802
-0.09842
-0.04570
0.01247
-0.01229
0.00677
-0.02558
-0.04054
0.02323
-0.08038
0.08514
-0.00757
0.03081
0.03305
-0.01032
0.00141
-0.05250
-0.00609
0.00434
0.01927
-0.03203
0.03292
-0.09905
0.02790
0.00595
0.00329
0.04739
0.05005
0.02605
0.01298
0.07366
-0.01463
-0.00461
0.00246
-0.01487
0.01157
0.05740
-0.05568
-0.02003
0.04633
0.02990
0.06373
-0.03013
-0.02380
-0.06342
-0.01185
0.00056
-0.02010
0.00261
-0.01128
-0.03625
-0.03101
0.10307
-0.03074
-0.07553
-0.02173
-0.00766
0.02472
-0.03342
-0.01739
0.02482
-0.00878
0.07277
0.04539
0.02357
0.04480
0.00620
0.01705
0.02360
0.00376
-0.01699
-0.01297
-0.02097
0.01906
0.00969
0.04153
-0.05568
-0.04387
-0.04378
-0.02196
-0.03462
0.05751
0.09886
0.01541
0.01761
-0.02599
-0.01906
0.04510
0.01673
0.02684
0.06063
-0.00811
-0.02617
0.03380
0.00799
-0.02129
0.07801
0.04238
0.03983
0.07101
0.00970
-0.00413
-0.01030
-0.02871
-0.00736
0.01018
0.03707
0.06763
0.03557
0.05952
0.03230
0.05858
-0.05072
-0.04137
-0.02731
-0.03700
-0.01060
-0.04928
-0.03654
-0.03649
0.01163
0.11280
0.04025
-0.01013
0.07925
0.00843
0.03574
0.00528
-0.02987
0.02401
-0.01276
-0.08133
0.01596
0.05496
-0.00534
0.02173
0.04852
0.11264
0.00746
-0.03602
0.03563
-0.03156
0.05740
-0.03734
0.01660
0.02778
-0.03323
-0.10996
0.05882
0.04903
0.00551
