0.01283
-0.06312
-0.08314
0.01522
0.00790
-0.00026
0.06897
0.06746
0.01856
-0.03746
-0.03756
0.05066
0.03683
-0.00774
0.00339
0.04823
0.01603
-0.02742
0.03581
-0.01907
-0.01391
-0.05745
-0.03077
-0.04639
0.02977
-0.06498
-0.03801
-0.01954
0.07086
0.03975
0.07240
-0.02821
-0.01571
-0.02528
-0.07272
-0.02642
0.01176
-0.01098
-0.02038
0.04946
-0.00979
0.01869
-0.00227
0.03954
0.08656
0.01883
0.01155
0.01345
-0.01929
-0.01787
0.02714
-0.00773
0.05354
-0.01100
-0.08679
-0.00629
-0.01024
0.04521
-0.03987
0.00087
-0.02755
0.01238
-0.05522
-0.00634
-0.09304
0.05246
-0.03189
0.02058
-0.04856
-0.07968
-0.04397
-0.02335
-0.01173
-0.00779
0.03655
-0.02262
0.05350
0.01057
-0.05895
0.00131
-0.04376
0.00407
-0.01831
-0.05299
0.00728
-0.04092
-0.03907
0.03645
-0.01420
0.03085
0.06803
-0.04423
0.03987
-0.04774
0.01991
0.00203
0.02965
-0.00293
-0.06000
0.07130
0.01117
-0.00635
0.07604
-0.04591
0.03131
-0.00696
-0.04798
0.00265
0.03345
0.00394
0.07798
0.06971
-0.03337
-0.04720
0.09133
0.02418
0.00239
-0.05270
0.02397
0.03885
0.00922
0.08537
0.05435
-0.04649
0.00275
-0.04997
-0.00068
-0.04875
0.04870
-0.00728
0.01351
0.02000
0.05079
0.03596
-0.01826
0.00254
0.04734
-0.01750
0.09953
-0.04594
-0.02551
-0.00669
-0.05363
0.05876
0.09199
-0.01272
0.02548
0.01937
0.03659
-0.03090
0.00866
-0.00640
-0.00253
-0.02533
0.06953
-0.00315
-0.01523
0.04437
0.07480
0.03892
0.03793
-0.03747
0.00493
-0.02116
0.07420
0.09721
-0.01877
0.02394
-0.00687
0.02945
0.00141
0.00019
0.06801
-0.00310
0.06391
-0.01212
0.01170
-0.06741
0.00263
-0.02520
-0.02544
-0.00288
-0.06155
-0.07561
-0.00746
0.00246
0.00955
-0.06442
0.00878
-0.00814
-0.02636
-0.06740
0.04367
-0.01752
0.03747
-0.01455
0.06022
0.03584
0.00221
-0.04340
0.02357
-0.07134
0.07140
-0.06838
0.01250
0.00515
0.06200
-0.02067
0.04237
0.02906
-0.06412
0.02553
0.02097
-0.01721
0.07516
0.02578
-0.02471
-0.02988
0.04832
-0.06626
-0.02794
-0.04758
-0.01367
-0.05396
-0.03472
-0.06464
0.04986
-0.01126
-0.03335
0.01141
-0.04321
0.00560
0.02004
0.00418
-0.01958
0.06367
0.04245
-0.02684
-0.02098
-0.03451
-0.00254
0.00417
0.06180
-0.00738
0.03950
-0.01466
0.01305
-0.04399
-0.11683
0.02686
0.02908
0.06288
0.01756
-0.01033
-0.02255
-0.03464
0.00206
-0.06208
0.07144
-0.00366
-0.06137
0.01016
-0.04439
0.00278
0.03159
0.02290
-0.02279
-0.04011
-0.10065
-0.05733
-0.08131
0.05286
-0.04599
0.01428
-0.04181
-0.09741
0.02228
0.01737
-0.01290
-0.02256
-0.02366
0.04519
0.07825
-0.00362
0.01724
-0.03642
0.03289
0.00015
-0.02758
-0.04376
-0.00106
0.03149
-0.05242
0.04811
0.00879
0.06986
0.01766
0.00349
0.00708
0.07014
0.04211
0.03322
-0.00543
-0.00903
-0.01574
0.05086
-0.03484
-0.00215
0.04260
0.02577
-0.03104
0.01586
0.00947
0.02746
-0.02948
-0.03395
0.03575
-0.04939
-0.00033
-0.04961
0.01366
-0.01776
-0.07365
-0.00067
-0.01565
0.01017
0.01017
-0.00806
-0.07995
-0.00571
-0.01532
0.06769
-0.00044
0.01845
-0.06325
-0.02757
-0.00457
0.01530
0.08525
-0.00113
0.02835
-0.03860
0.03118
0.07256
-0.00126
-0.07485
0.05769
-0.07817
-0.00530
-0.03127
0.02513
0.02837
0.02889
-0.02116
0.03115
0.02321
0.07384
0.02623
-0.01434
-0.02826
-0.00907
-0.04158
-0.02034
0.05323
0.02360
0.06898
-0.02308
-0.02279
0.03481
0.01244
0.01760
-0.03012
-0.01699
0.01079
-0.01734
-0.01039
0.00441
-0.02953
0.05510
-0.05202
-0.06363
-0.03016
-0.01299
0.01749
-0.05194
0.04926
-0.01293
-0.02480
-0.07159
-0.08602
0.09863
0.00740
0.01677
0.00249
0.02898
0.02601
0.06662
0.04707
0.05580
-0.01257
0.05547
0.01968
0.02922
0.01341
-0.08118
-0.02493
-0.01284
-0.01810
-0.00653
-0.03762
0.09158
-0.01175
-0.09153
-0.12872
-0.00456
0.01398
-0.01215
-0.00452
0.07875
-0.01912
-0.02739
0.06203
0.03213
-0.00791
-0.05707
0.01765
-0.01887
0.07191
-0.01546
0.01175
-0.01653
0.06999
-0.02360
0.02316
-0.00379
-0.01512
0.04384
0.03315
-0.00127
-0.00979
0.02786
-0.05033
0.04224
0.01239
0.00011
-0.02233
0.00952
-0.06823
0.05818
0.00037
-0.02023
-0.04617
-0.13368
0.01143
0.03080
0.01160
0.01207
-0.03605
-0.01089
0.01288
0.01570
-0.02475
0.00950
-0.04162
-0.04465
-0.00994
-0.00296
0.05387
-0.02113
0.04925
0.02309
0.01166
0.01454
-0.01688
0.00258
-0.00665
-0.05815
-0.01516
0.09632
0.02346
-0.07051
-0.04071
0.01460
0.01915
0.02023
0.01596
-0.08112
-0.01287
0.04321
0.00426
0.01128
0.01752
-0.02840
-0.04099
0.06260
0.05010
-0.00471
-0.04320
0.05730
0.05904
-0.02308
-0.02869
-0.03027
-0.02619
-0.02789
0.08593
0.07209
-0.00989
0.00025
-0.01751
-0.03069
-0.04884
