0.03312
0.03609
-0.03499
0.05427
0.02168
0.01101
-0.00010
-0.00259
0.03912
-0.00582
-0.01763
-0.02024
-0.00321
-0.00993
0.01144
-0.01091
0.09294
0.12467
0.02008
0.03849
-0.02868
-0.01560
0.02256
0.00513
0.01334
0.01772
-0.01712
0.02511
0.07791
0.03669
0.03632
0.04191
-0.04453
-0.04398
0.06467
-0.08308
-0.01314
-0.11368
-0.02920
0.02487
-0.02326
-0.04574
-0.08073
-0.03921
-0.01476
-0.05758
-0.01791
0.02005
0.03897
0.00312
-0.03921
-0.07077
0.00324
0.02039
0.02987
-0.02939
-0.06759
0.01620
0.07142
0.04463
0.02082
0.03644
0.01480
0.07360
-0.02468
-0.02971
0.00133
-0.01536
0.00732
-0.03238
-0.05678
-0.00148
-0.02818
0.03681
0.03250
-0.04279
0.02130
-0.02351
0.08183
-0.02338
0.04385
-0.04779
-0.04037
0.03050
0.01628
-0.02728
0.01040
0.06661
0.03677
-0.03793
0.02258
-0.01767
0.08249
0.04926
0.01535
0.04424
-0.02912
0.00712
-0.02363
0.07777
0.02028
-0.00837
-0.01331
-0.01723
0.02034
-0.01451
-0.03252
-0.04208
0.06358
0.02952
0.05309
0.00025
-0.04447
-0.01234
-0.04189
0.00411
0.00600
-0.03560
-0.08884
0.08610
0.05825
0.02732
-0.01560
0.01340
-0.02541
-0.02971
0.03771
-0.07519
-0.03572
0.08702
-0.00994
-0.05599
0.03180
-0.04922
-0.00940
0.04314
-0.00035
-0.05724
0.09099
0.01039
0.01458
0.01851
-0.00882
0.02876
0.04867
-0.01749
-0.02811
0.01050
0.02805
-0.03995
0.01852
0.06105
0.09897
0.04810
0.03494
-0.10248
-0.04286
-0.03456
-0.03526
-0.06304
-0.01422
0.03507
0.00613
0.05744
0.04657
0.01188
-0.00411
0.07152
-0.03770
0.02317
-0.01784
-0.01410
0.01778
0.04133
-0.04722
-0.01015
-0.06850
0.08095
-0.00389
0.02519
-0.04406
0.00285
0.00217
-0.00033
0.04676
-0.01215
0.01667
-0.07571
-0.02896
0.01490
-0.02253
0.04977
0.04719
-0.04971
0.00862
-0.00766
-0.05981
-0.04145
0.13715
-0.05629
0.07017
-0.00171
0.04265
-0.00183
0.04467
-0.09578
0.00850
0.02564
-0.00080
0.05979
-0.07732
-0.04339
-0.02675
0.03186
-0.01533
0.07602
0.03930
0.04236
-0.06297
0.00624
0.03836
0.05545
0.02796
0.03228
-0.00821
0.00749
0.01245
0.00255
-0.01088
-0.00499
0.03783
-0.06893
0.00859
-0.05166
-0.02602
0.06224
-0.05789
0.07277
0.01680
-0.02433
-0.04927
-0.02003
0.04489
0.03070
0.05752
0.03839
0.01301
-0.06074
0.04141
0.03361
-0.00240
-0.00811
0.06189
0.03901
-0.07073
-0.04958
-0.01119
0.03333
0.03730
-0.03203
-0.04727
0.01816
0.06780
-0.06397
0.07083
-0.09793
-0.00696
0.06219
-0.05362
-0.07964
0.05007
-0.06211
0.03893
0.03784
-0.02137
0.01946
-0.04505
-0.00335
-0.01339
0.05778
-0.00135
0.03067
-0.09038
0.07506
0.00918
-0.02449
-0.03046
0.02866
-0.03362
0.01904
-0.05578
-0.01994
-0.02498
-0.01283
0.00526
0.04659
0.00615
-0.06487
-0.01494
-0.00911
0.05266
-0.00549
0.01459
0.05898
-0.02486
0.01316
0.03354
-0.00559
-0.04954
-0.03407
-0.05905
0.01151
0.03165
0.00144
0.02913
0.02388
0.00735
-0.04700
0.03166
-0.10497
-0.00784
-0.05574
0.02397
0.07364
-0.05398
-0.02223
-0.00970
0.03988
-0.05801
0.02112
0.00030
0.04780
-0.02510
-0.03652
0.00015
0.01857
0.03834
0.02258
-0.01471
-0.01512
0.05018
-0.02747
-0.04864
-0.02681
0.06109
0.00461
0.00456
0.04073
0.00385
0.03034
0.06051
-0.03095
-0.03263
0.03269
-0.01235
0.06035
0.06549
0.01136
0.06150
0.00313
-0.06390
0.03077
-0.02230
0.00582
0.00828
0.06390
-0.01298
-0.01503
-0.04280
0.07462
-0.03476
0.00604
-0.00557
0.05613
0.01130
0.05315
-0.02473
0.08058
0.02629
-0.00189
-0.01887
0.06015
-0.00116
0.07321
0.07410
-0.01995
-0.07213
0.03258
-0.04998
0.04449
-0.00833
0.00671
-0.03918
-0.00065
-0.01491
-0.00546
-0.03085
0.00172
-0.01397
-0.05687
-0.00734
-0.05193
-0.00870
0.08048
-0.00460
-0.05099
-0.01911
-0.00539
0.04498
-0.00011
0.08971
0.01280
0.00808
-0.05344
-0.03319
0.00272
0.04717
0.02476
0.00558
0.01112
0.04570
-0.03331
-0.00604
0.05549
0.03071
0.05603
0.00951
0.01426
-0.07453
-0.00807
-0.02133
0.00135
-0.00208
-0.03201
0.00663
0.05763
-0.03663
-0.07329
-0.01618
0.04054
-0.00349
-0.00010
-0.06214
0.02406
0.00179
-0.01266
-0.03654
0.02106
0.00510
0.01392
0.07470
-0.05339
-0.00447
0.02836
0.04679
-0.02931
-0.11358
-0.00329
0.04290
0.07415
-0.01558
0.07019
-0.02771
0.04931
-0.01552
0.03201
0.06099
-0.10900
0.05798
0.02139
-0.03135
-0.02787
-0.00292
-0.01611
0.05761
0.04743
-0.07546
-0.05986
0.04240
0.04447
0.04166
0.02363
0.00266
0.07673
-0.00891
-0.05459
-0.07538
0.04086
0.03958
-0.05427
-0.01666
-0.02357
-0.08417
0.02584
0.03995
-0.04194
-0.01525
0.04243
-0.05184
-0.02096
0.03796
-0.01395
-0.00034
-0.03931
-0.02252
-0.03540
-0.05265
0.02588
0.02510
-0.06098
0.00577
0.00745
