-0.03313
-0.02162
-0.11671
0.01765
-0.01216
-0.00401
-0.00319
0.01891
0.00680
-0.06991
0.00088
0.02485
0.06220
-0.02212
0.04474
-0.00593
0.02374
0.04051
-0.01233
-0.05090
-0.08006
-0.00979
0.04817
-0.03427
0.01730
-0.02353
-0.02103
-0.07787
0.01446
0.01952
0.03203
0.04145
-0.01897
0.02107
-0.05874
0.03630
0.04274
-0.00580
-0.06679
0.07498
-0.01081
-0.03648
-0.02371
0.00778
0.03614
-0.03467
0.05567
0.04445
-0.06276
-0.05889
-0.03509
0.05345
0.03635
-0.00413
-0.08334
0.02223
-0.01301
0.01287
0.00178
-0.02670
-0.00790
0.03966
-0.05548
-0.04325
-0.00571
0.06024
-0.01225
0.00714
-0.04864
-0.02355
0.01601
-0.02899
0.00761
-0.02298
0.01877
-0.07814
-0.03498
-0.02457
-0.04554
-0.00897
-0.01912
0.04062
-0.00094
0.00711
-0.02340
-0.00775
-0.04764
0.07456
-0.04349
-0.02088
0.05425
0.02066
0.02047
-0.06848
0.06173
-0.00844
-0.01077
-0.02190
-0.06091
0.03439
-0.02736
-0.00436
0.03220
-0.03225
-0.02695
0.03385
-0.01039
-0.04434
-0.05363
-0.01696
0.03499
0.02355
-0.06302
0.00994
0.02057
0.01501
0.02433
0.00121
-0.05686
0.01737
-0.04791
0.00303
0.04025
0.05662
-0.04405
-0.03976
-0.04968
0.01426
0.02922
-0.07519
0.02856
-0.02692
0.06342
-0.02354
-0.00883
0.02050
-0.00130
-0.07125
0.03182
-0.01281
-0.07287
0.00318
-0.05520
0.03380
0.08558
-0.01835
-0.04126
-0.03359
0.06360
-0.00003
0.00455
-0.00406
-0.00208
0.01702
0.08555
-0.02525
0.08058
-0.01756
0.07157
-0.01391
0.04818
0.04219
0.02983
-0.00980
0.03217
0.01661
-0.07619
0.02269
0.00097
-0.02187
-0.05663
0.04472
0.01374
0.01561
-0.05226
-0.02481
0.02932
-0.03573
-0.01859
0.00967
-0.00045
-0.01067
-0.03064
0.04030
0.02558
0.06455
-0.00306
0.03736
0.01609
0.01306
-0.04936
-0.09615
0.02529
0.04738
-0.03136
-0.00613
0.05796
0.01079
0.00146
0.05113
0.00125
-0.07992
-0.00720
-0.00952
-0.01171
-0.02016
0.01556
-0.03088
0.00612
0.05937
-0.02945
0.04718
-0.04640
0.05595
-0.01306
0.05996
-0.01280
-0.01765
0.02378
-0.07818
-0.02303
-0.06010
-0.03134
-0.05330
0.01804
-0.00945
0.01334
0.00148
-0.03262
0.03117
-0.05700
0.02421
0.07262
-0.00899
-0.02609
0.01738
0.00345
-0.01348
0.05882
-0.09604
0.00065
-0.03377
0.01743
-0.07207
0.00738
0.01325
-0.00278
0.03992
-0.02930
0.01791
0.03308
0.01874
-0.01302
-0.02798
0.04179
-0.00591
0.11471
-0.05872
0.04712
0.00814
0.01386
-0.02712
-0.06262
-0.00552
0.00228
-0.00041
-0.01269
-0.04811
-0.05408
-0.01318
-0.08984
-0.01850
-0.02199
-0.02651
-0.01026
-0.01619
0.01507
0.01810
0.02406
0.03512
0.05586
-0.00998
0.01485
0.02334
-0.00260
0.00181
-0.00726
-0.02429
0.00734
-0.01342
0.01829
-0.00168
0.05199
-0.02345
-0.04337
0.02414
0.01668
0.03214
0.05973
0.08327
0.00186
0.00273
0.00595
-0.04524
0.00968
-0.04230
0.02126
-0.05348
-0.02333
-0.00378
-0.03820
0.02048
0.03822
-0.05008
-0.02462
0.04726
0.00058
0.00166
0.02675
0.03463
0.02959
-0.05364
-0.00278
0.06263
0.01432
-0.01657
0.01964
0.04354
0.04099
0.08963
0.02036
0.03552
0.00465
0.02044
-0.07577
-0.02408
-0.02000
-0.01541
0.11723
0.01246
-0.01298
-0.08106
-0.01056
0.02323
0.03306
-0.02145
0.02535
-0.00830
0.02539
0.02943
0.01479
0.02616
0.00590
-0.06897
0.08814
0.01602
-0.01913
-0.01171
0.02070
-0.01925
0.01205
-0.06195
-0.09346
-0.05631
0.02545
0.01999
0.04337
0.01832
-0.01344
-0.05737
0.00767
-0.05146
0.03579
-0.01731
0.03626
0.01668
0.01153
0.02125
-0.02191
-0.08736
-0.06673
-0.05671
0.00055
-0.03184
-0.09418
-0.01313
-0.06467
-0.05334
0.07220
-0.03261
0.00342
0.00657
0.01863
0.00164
-0.00892
0.01545
0.02833
0.04717
-0.02542
0.01658
-0.02935
0.04688
-0.03268
0.01820
-0.02111
0.00453
0.01479
-0.00462
-0.05363
-0.02804
0.00442
-0.01341
0.00920
-0.02375
-0.00385
0.08544
0.02859
-0.00016
0.00501
-0.04254
-0.02482
0.02389
-0.04304
0.07317
-0.06124
0.00510
0.00892
0.03856
0.01860
0.02940
-0.05408
0.01521
-0.01492
-0.01054
-0.04715
-0.04046
0.01938
-0.01359
-0.03765
0.01408
0.03838
0.02906
0.00563
0.05840
0.02647
0.02155
-0.02349
-0.08286
0.03103
0.02420
-0.03477
0.06728
-0.05411
-0.04238
0.00870
0.01240
-0.01024
0.08520
0.06340
0.02567
-0.00698
-0.01705
-0.03635
-0.03674
0.00858
0.00153
-0.05859
0.02972
0.04790
0.09313
0.01719
0.05696
-0.02221
0.02242
0.01161
-0.06996
-0.04963
-0.04292
0.05982
0.06107
-0.02498
-0.07907
0.00396
-0.01270
0.02383
0.01353
-0.01548
-0.01524
0.05122
-0.04364
0.01203
-0.02401
-0.05376
-0.02724
0.02439
-0.04719
0.01651
0.04420
0.06850
0.03593
-0.06261
-0.05021
-0.03388
0.07301
-0.06329
0.07527
0.06251
-0.01844
0.00782
-0.00316
0.02924
0.00192
