0.00820
-0.01923
-0.08120
0.02915
-0.02197
-0.03717
-0.04486
0.01764
-0.02770
0.05190
0.07306
0.08952
0.02703
0.01524
-0.00579
-0.02247
0.02320
0.08459
-0.03541
0.03616
-0.02156
0.03710
0.04380
-0.06081
-0.00629
-0.05401
-0.05004
-0.01785
0.01817
0.01125
0.01987
-0.02291
-0.00179
0.02687
-0.02377
-0.02680
-0.04210
-0.08155
-0.01683
0.07075
-0.06951
0.03107
0.00562
0.03421
-0.02001
0.06479
0.00578
0.02582
-0.03252
-0.00114
-0.01652
-0.03756
0.06677
0.01419
-0.02367
-0.03730
-0.04327
0.02647
-0.09178
0.00395
-0.00052
0.12753
-0.06399
0.00675
0.03424
-0.00362
-0.00793
-0.01935
0.03187
0.00555
0.05616
0.04554
-0.01535
0.00185
0.01580
-0.05577
-0.00579
0.01650
0.01661
0.01876
-0.01548
-0.00942
-0.01738
0.00120
0.01368
-0.01439
-0.00966
0.05811
-0.06327
-0.00488
0.06833
-0.00991
0.00459
-0.06127
0.01995
0.03289
0.05307
0.02570
-0.03043
0.10032
-0.02130
0.06417
0.05524
0.02543
0.00488
0.00488
-0.01706
0.01705
-0.00631
0.01827
0.08692
-0.02676
0.01537
-0.00181
-0.02688
-0.00157
0.02223
0.04042
-0.03842
0.04730
0.00575
0.02153
-0.01991
0.02083
-0.02941
0.00478
-0.05054
-0.01455
0.00227
-0.04456
-0.01442
-0.02959
0.02831
-0.00953
-0.02192
0.01601
-0.01177
-0.01106
0.04168
0.04289
-0.04650
0.01862
-0.02112
-0.01281
0.02524
0.00096
-0.09022
-0.00363
0.02577
-0.02293
0.00279
-0.02195
-0.05314
0.09308
0.08875
-0.05966
0.02660
0.01183
-0.08487
-0.03841
0.02697
0.06163
-0.01985
0.03054
0.09825
0.02848
-0.00423
0.01979
-0.07346
0.01642
-0.11789
0.00736
-0.02299
0.01189
-0.01315
-0.03809
0.05055
0.04234
-0.04677
0.00837
-0.01926
-0.05160
0.01403
0.03694
0.04306
0.02956
0.02953
-0.06433
-0.02201
0.02169
-0.04203
-0.05216
0.08540
0.02273
-0.01629
0.03814
-0.03141
0.02249
0.06871
0.05685
0.04810
0.00281
-0.05081
-0.06411
0.01617
-0.03267
-0.02869
-0.03069
-0.00950
0.06795
-0.04857
0.02825
-0.02553
-0.00657
-0.02281
0.06295
0.00917
0.01710
0.00293
-0.06018
0.00086
-0.01227
0.08273
-0.02197
0.04615
-0.01996
0.01854
-0.00456
0.01222
0.03183
0.03365
0.02296
0.05095
-0.05609
0.00363
0.00165
-0.06980
0.01051
0.06503
0.02472
-0.01596
-0.03351
0.02803
0.00046
0.04126
0.04590
-0.01415
0.07229
0.04361
0.01810
0.00156
0.03799
0.04249
0.00141
0.02773
0.00523
0.06641
0.01154
0.04178
0.02654
-0.05917
-0.02771
-0.05181
-0.04003
0.00067
-0.04620
-0.04839
0.00768
-0.02165
0.00384
-0.03473
-0.05247
0.03479
0.01128
0.01205
0.04011
0.02929
0.00604
-0.04984
0.00447
0.07707
0.02269
-0.05487
0.01132
0.00626
-0.02506
0.00629
-0.01929
-0.06279
0.02876
-0.02532
-0.06540
0.00989
0.00156
-0.02574
-0.01347
-0.02356
0.00953
-0.04702
0.03924
0.04650
0.02655
0.00611
-0.00167
0.03822
-0.03377
0.01718
-0.03748
-0.06200
-0.03667
-0.04946
0.03188
0.02761
0.03240
0.09750
0.00615
-0.03837
-0.05309
0.03253
0.02935
0.00008
-0.03697
0.00365
0.05009
0.00037
0.01327
-0.01264
0.04544
0.02529
0.05136
0.02282
0.04214
-0.07987
0.07037
0.04075
0.02535
-0.02032
0.00027
-0.03665
0.06189
0.05890
-0.00367
0.03684
0.00710
0.07158
0.02433
-0.01056
-0.01101
0.07424
0.02939
0.02095
-0.01405
0.01669
0.03654
0.05924
-0.00987
-0.02234
-0.00183
0.03268
-0.00939
0.00694
-0.05754
-0.10422
-0.03717
-0.01116
0.02334
0.00722
0.02094
-0.06288
-0.04157
-0.04729
-0.04569
0.04230
0.02065
0.02853
0.05563
-0.02644
0.06131
-0.01420
-0.01775
0.01829
-0.01399
-0.03810
-0.01260
-0.04745
-0.02120
-0.04093
-0.03425
0.02009
0.04471
-0.00944
0.03007
-0.02675
0.01017
0.02002
0.03782
-0.01009
0.00323
0.06034
0.02149
0.00953
0.04325
0.04988
-0.01927
0.01271
-0.02391
0.01107
0.01012
-0.02294
-0.06818
0.01798
-0.00240
0.05662
-0.00054
-0.04381
-0.03002
0.08456
0.04311
0.03352
-0.05921
0.04111
0.05271
-0.08492
0.04487
0.06493
0.03893
0.04365
-0.02036
0.01768
0.01867
-0.01089
0.04126
-0.01470
-0.03815
-0.02595
-0.00338
0.01005
-0.02985
-0.08842
0.00270
0.00468
0.00068
-0.03923
0.05375
-0.01881
-0.01056
-0.03931
-0.02642
-0.00358
-0.05619
0.04293
0.03301
0.02005
0.03113
0.01547
-0.03170
0.00672
0.06712
0.06849
0.01008
0.00928
-0.02250
-0.02319
-0.03811
0.05187
0.05346
0.00503
-0.05674
0.00120
0.04537
0.04100
0.05341
0.04469
-0.06677
-0.07514
-0.05986
-0.02623
-0.11083
0.08231
0.05944
0.00559
0.03026
0.00835
0.04816
-0.02557
-0.03619
-0.02566
0.02241
0.02903
-0.06201
-0.00504
-0.01272
-0.05187
0.02277
0.07430
-0.06997
0.01154
0.06692
-0.00503
-0.01168
-0.06177
0.01891
-0.00587
0.00198
-0.01657
0.02770
-0.00843
0.06622
-0.01826
-0.07385
0.02710
-0.02638
