-0.01725
0.04618
0.01010
0.03333
-0.01395
-0.06477
-0.04067
-0.01281
0.02336
-0.08134
-0.00026
-0.05280
-0.04909
-0.00978
0.02938
-0.00330
-0.00707
0.01124
0.01385
0.04197
-0.00150
0.02355
-0.03933
0.01160
0.03002
-0.00102
0.05812
-0.01584
0.09299
0.00322
-0.01560
0.02324
0.01750
-0.01543
0.00729
-0.02659
0.02182
-0.05176
0.11284
0.03318
-0.02192
-0.05338
-0.05135
-0.04059
0.01823
-0.01316
-0.02862
-0.00399
0.08490
0.08565
0.03788
0.02074
-0.10128
-0.00458
0.06709
0.01046
-0.00992
-0.03353
0.04436
-0.01160
0.01082
-0.01782
0.01640
-0.00563
0.01484
0.05629
-0.02041
0.02532
-0.00745
-0.10596
0.00515
0.01715
-0.01292
0.06611
0.00642
0.01715
0.07019
-0.05671
-0.05515
0.01136
0.02541
-0.00037
0.03565
-0.00833
0.04182
-0.04025
0.04296
-0.01259
0.05007
0.04555
-0.00900
-0.04083
0.06188
0.03360
-0.12119
0.01593
-0.08037
0.00357
-0.02646
-0.00897
-0.02194
-0.02885
0.04524
-0.08156
-0.02332
-0.01751
0.01461
-0.03747
-0.00631
-0.04943
0.03859
-0.03814
-0.00602
0.10776
0.03348
0.04921
0.00713
-0.01355
-0.00404
0.01015
0.01004
0.03689
0.04444
0.08243
0.00418
-0.05116
-0.00637
-0.06425
-0.00159
0.05244
0.04136
-0.03756
-0.05747
-0.02483
-0.02049
-0.02721
-0.02536
-0.03318
0.00665
-0.02636
0.03835
0.04854
-0.04411
-0.02262
0.08121
0.04503
0.01556
0.00985
-0.00624
-0.04933
0.00236
0.06141
0.03838
-0.02083
-0.01902
-0.03184
0.06836
-0.03174
-0.00281
0.00960
0.01666
-0.03960
-0.01444
-0.05102
0.02913
-0.01171
0.03453
0.06662
-0.03749
-0.01375
-0.02996
0.03366
0.02926
-0.04677
-0.02291
-0.08330
-0.04372
-0.06703
0.01250
0.08839
0.11488
-0.04309
-0.00417
-0.01466
-0.02081
-0.01382
-0.07684
-0.05971
-0.07607
0.05750
-0.07651
0.05228
0.00263
0.04316
-0.01355
-0.03548
-0.00823
-0.03804
0.04345
-0.00300
-0.05634
-0.04235
0.00539
0.07160
0.01909
-0.10039
0.00161
0.00648
-0.04757
0.09288
0.06049
-0.02378
-0.02464
0.01198
-0.08062
0.02982
-0.03762
-0.01341
-0.00818
-0.05164
0.02374
0.02288
0.03177
-0.01300
-0.02187
0.06118
-0.00083
0.02456
0.06037
0.01520
-0.00204
-0.11018
0.00957
0.03841
-0.02563
0.05477
-0.06524
0.02502
-0.00094
0.04878
-0.00504
-0.00759
0.03392
-0.00472
0.01570
0.02973
-0.11906
-0.02232
0.03607
-0.10349
-0.00585
0.02975
-0.06340
0.00069
0.02491
-0.05705
0.02653
-0.00422
0.03778
-0.02868
-0.03215
-0.00611
-0.00828
-0.02574
0.01640
0.04138
0.04187
-0.03542
-0.05588
0.00935
-0.03964
0.01296
0.00543
-0.01331
0.05664
0.07361
-0.03073
0.00619
0.01532
0.05389
-0.02466
-0.03589
-0.05182
0.03336
0.05301
-0.01217
-0.00750
0.02277
0.01084
0.03445
-0.04821
-0.00339
-0.02419
-0.07912
-0.06123
0.08681
-0.07585
-0.02633
0.01582
0.04647
-0.04148
-0.01908
0.01844
0.02069
-0.06064
-0.09697
0.08085
0.04996
-0.08557
-0.06633
-0.00664
-0.02006
0.06542
-0.05471
-0.05149
0.02622
0.00800
-0.07132
0.00725
0.07857
0.01565
0.01536
0.03847
0.04536
0.05077
-0.07428
0.06942
-0.00348
-0.03003
0.03526
-0.01919
-0.07232
0.02219
0.06441
-0.01681
-0.01922
-0.04664
-0.03577
0.08080
-0.00973
0.04026
0.00076
-0.05251
0.01588
0.06066
0.02339
0.00046
0.01167
-0.00684
0.05279
0.02436
-0.07690
-0.01051
0.03230
0.00008
0.06274
-0.03680
-0.02454
-0.05187
0.02567
0.00027
-0.02867
0.03167
0.04932
0.05662
-0.04987
0.02418
-0.02997
-0.08743
0.03815
0.01289
-0.02549
-0.01034
-0.08486
-0.00289
0.01149
-0.04871
-0.02640
-0.02813
-0.00327
-0.05557
0.04579
0.00092
0.03913
0.00007
-0.03032
-0.08415
0.03508
-0.03049
0.02404
-0.02277
-0.03842
-0.05815
-0.10680
0.00813
-0.00446
0.06776
-0.03246
-0.08062
-0.01046
0.00685
-0.04236
-0.06306
0.01143
-0.06374
-0.02483
-0.03597
-0.02502
0.00037
0.00870
-0.04693
-0.05401
0.00437
-0.00072
-0.01050
0.01696
-0.00753
0.08747
-0.01023
0.04085
-0.04726
0.01963
0.00498
-0.04119
-0.02217
-0.03441
-0.05496
0.02399
0.00171
-0.01811
0.04170
-0.02470
-0.01019
0.02603
-0.12500
-0.04508
0.04137
-0.06538
0.00683
0.07905
0.05768
0.04515
-0.10015
-0.03691
-0.03215
0.06408
0.03878
-0.04651
0.02177
0.02385
0.07041
0.01335
-0.01652
0.04365
-0.00110
-0.02872
0.01424
-0.04117
-0.00073
0.13054
-0.04057
-0.10256
-0.03931
-0.01449
-0.04181
0.00718
0.00554
-0.02194
0.08181
0.01177
-0.04534
0.11401
0.04335
-0.03172
0.06047
-0.03242
-0.07675
-0.05232
-0.02604
0.01375
0.02025
0.04457
0.02306
0.08844
0.01193
-0.01470
0.04048
0.02890
0.01317
0.03807
0.00199
0.00920
0.00131
-0.01952
-0.00500
0.01290
0.01161
0.00576
-0.02143
-0.05755
0.05075
0.02630
-0.04906
0.01670
0.04850
-0.00132
-0.00006
-0.00040
-0.02337
-0.00421
0.10288
-0.02013
