-0.01126
0.05759
0.01313
-0.02480
-0.04412
-0.10809
-0.01389
-0.03210
0.04135
-0.03565
-0.03686
-0.03136
-0.07119
0.01070
0.05505
0.02253
0.00785
-0.02627
-0.03459
0.09162
-0.00298
0.00355
-0.03007
0.04551
0.05295
-0.04012
0.02223
-0.01979
0.02102
0.00077
-0.03540
0.02737
-0.02418
0.06649
0.03561
-0.01234
0.01847
-0.03641
0.06578
0.04184
0.02613
-0.08343
-0.03949
-0.02870
-0.04171
0.00621
-0.00598
-0.03650
0.09475
0.11460
0.09239
0.00431
-0.10852
-0.02127
0.05919
-0.02826
-0.08711
-0.02912
0.05799
0.00398
-0.04797
-0.00223
0.02098
0.01437
0.04086
0.02706
-0.02714
0.03401
0.03991
-0.07773
-0.00193
0.01540
-0.03240
0.05266
-0.00229
0.01711
0.04658
-0.07884
0.00374
0.02602
0.02774
-0.03718
0.02584
-0.05007
0.01294
-0.01692
0.02403
-0.04628
0.03456
0.05330
-0.00258
0.01662
0.05314
-0.01651
-0.11032
-0.01845
-0.03859
0.01138
0.01255
-0.04985
-0.00924
0.03806
0.02887
-0.05250
-0.01347
0.00754
0.03844
-0.02058
-0.01986
-0.02512
-0.02164
-0.10790
0.05928
0.11091
-0.01406
0.00634
0.01619
-0.02392
-0.06136
-0.02772
0.01027
0.09456
0.01476
0.05334
0.04068
-0.02873
-0.00445
-0.03764
-0.03261
0.04321
-0.00885
-0.02646
-0.04910
-0.04225
0.01987
-0.07263
-0.05422
-0.04188
-0.00179
0.00665
0.08672
0.04109
0.00002
0.00507
0.04342
0.06123
-0.02336
0.03388
0.00852
-0.02034
-0.01393
0.02727
0.05332
0.02080
-0.06854
-0.05352
0.06460
-0.02834
-0.05743
0.01754
0.02268
-0.02945
-0.00661
-0.00751
0.02712
-0.00074
0.00978
0.01789
-0.01910
-0.06459
-0.03149
0.04168
0.00466
0.01487
-0.02716
-0.07144
-0.03129
-0.03811
-0.00753
0.06232
0.06400
-0.03129
0.02912
0.00883
-0.05023
-0.01307
-0.04394
-0.03314
-0.06678
0.06915
0.00391
0.06439
0.00130
0.05085
-0.03923
-0.00180
0.01604
-0.02036
0.03383
-0.03156
-0.05183
-0.03203
0.02809
0.08373
0.10224
-0.09541
0.03944
0.06196
-0.05498
0.08874
0.03018
0.00363
-0.01674
-0.00480
-0.05045
-0.00790
0.00651
-0.04611
-0.03751
0.01984
0.01159
0.04694
0.02219
-0.02174
0.01195
0.10043
0.02026
0.03363
0.03375
0.06158
0.01170
-0.10968
-0.01981
0.02627
0.00305
0.04296
-0.06881
0.02882
-0.02353
0.03012
0.03083
0.00161
0.02403
0.01639
0.00927
0.05785
-0.04935
0.04367
0.06774
-0.10347
-0.03135
0.05078
-0.03481
-0.03750
-0.00841
-0.06802
0.02930
-0.03918
-0.05571
-0.00771
0.02009
-0.00393
-0.01155
-0.05010
0.03183
0.03368
-0.03897
0.00999
-0.02098
-0.00892
-0.03276
-0.00599
-0.00436
0.03108
0.00729
0.05109
-0.05508
-0.03807
0.03911
0.05985
-0.06279
-0.05960
-0.03575
0.04081
0.04195
-0.06290
-0.03509
0.02886
-0.01341
0.06568
-0.09470
0.06340
0.04475
-0.10803
-0.00719
0.02960
-0.09239
-0.03741
0.00497
0.03461
-0.03075
-0.04421
-0.02153
0.01570
0.00558
-0.07444
0.08269
0.00161
-0.01140
-0.03449
0.00686
0.02856
0.01253
-0.09663
-0.00783
-0.03300
-0.03107
0.00308
0.00478
0.01562
0.01200
-0.00173
0.04680
0.04242
0.01028
-0.02899
-0.01204
-0.00627
-0.05139
0.05739
-0.03762
-0.04521
-0.00828
0.02044
-0.00839
0.00454
-0.04490
-0.01412
0.06515
0.01665
-0.00048
0.00233
-0.08663
-0.03282
0.07516
0.04359
0.00722
0.04655
-0.01894
0.04000
0.01071
-0.08030
0.01621
0.00547
0.00075
0.05745
-0.05392
-0.01622
-0.05646
0.01503
0.01123
-0.01015
0.01421
0.01195
0.05983
-0.08339
-0.00794
-0.00688
-0.06572
0.02007
-0.01573
0.00341
0.00742
-0.03531
-0.02366
0.01613
-0.06094
-0.01417
-0.05358
0.05510
-0.04244
0.06953
0.00295
0.00790
0.03903
-0.01250
-0.04574
0.10010
-0.02267
0.03791
-0.06169
0.00198
-0.04441
-0.01669
-0.01060
-0.08315
0.01636
-0.04119
-0.07671
-0.01263
0.06147
-0.05125
-0.00956
-0.00736
-0.08657
-0.08761
0.03150
-0.04669
-0.04298
0.01216
-0.10969
-0.08951
0.00991
0.04814
-0.04392
0.01438
-0.00513
0.02707
-0.02838
-0.01505
-0.01480
0.03273
-0.01221
0.02617
0.04191
-0.05149
-0.03209
0.01497
-0.01029
-0.04939
0.01519
-0.07799
0.03792
-0.03796
-0.01980
-0.00989
0.03423
-0.04930
-0.02506
0.04034
-0.02070
-0.00149
0.01843
0.03948
-0.01846
0.07190
0.12256
-0.07091
0.05681
0.05434
0.02313
0.00597
0.03071
0.02697
-0.02593
0.01857
0.01558
-0.03655
-0.00991
0.05435
-0.00779
-0.08359
-0.00194
-0.05296
-0.07974
-0.01629
0.00868
-0.03912
0.09660
0.01340
0.00858
0.13409
0.01560
0.01703
0.05910
0.02808
-0.06163
-0.01945
-0.00189
0.01162
0.00091
0.04875
0.01689
0.08059
0.05989
-0.03194
0.04449
0.00570
0.02747
0.02595
-0.02218
-0.01907
0.01890
0.00527
-0.00130
0.02860
0.02343
0.03201
0.01347
-0.03421
0.05950
0.00491
-0.04483
0.03104
0.05456
0.00331
-0.06712
0.02193
-0.00236
0.04128
0.09210
-0.01527
