-0.00473
0.07744
-0.01797
0.04449
0.04663
0.01586
-0.01696
0.02744
0.05580
-0.01741
0.02465
-0.01377
-0.01621
0.02987
0.03153
0.00460
0.03336
-0.02274
-0.02736
-0.01705
-0.01565
-0.02905
-0.04513
-0.03724
-0.02002
-0.05809
0.02061
0.02333
0.01664
-0.01699
0.01616
0.02508
0.02816
0.04375
0.04055
-0.03538
-0.03404
-0.06292
-0.04142
0.03573
-0.00253
0.00087
0.00177
-0.00932
0.00923
-0.00483
0.04399
0.03137
0.01432
-0.01283
0.01833
0.04807
0.06653
-0.06044
-0.01061
0.01624
-0.00844
-0.02999
0.00827
0.01652
0.00064
0.01501
0.01817
-0.03463
-0.02087
0.01849
-0.02070
0.01241
0.01236
-0.05259
-0.01034
0.00669
-0.08951
-0.01240
0.07059
0.00057
-0.00561
-0.02675
-0.02661
0.06029
-0.02790
-0.01683
-0.06593
0.02776
0.02162
-0.05230
0.04735
0.02510
-0.00098
0.02544
-0.01200
-0.00730
0.04688
-0.08752
0.04226
0.06035
-0.01509
0.03411
0.00713
-0.01045
0.06423
0.03798
0.01519
-0.00457
-0.00722
0.06083
-0.00422
0.00609
0.01583
0.01309
0.05117
-0.02550
-0.04167
-0.02833
-0.04837
0.01317
0.03065
0.00666
-0.00376
0.02929
-0.04361
0.04110
-0.00672
0.02028
-0.01598
-0.02965
0.05286
-0.07371
-0.01688
0.00297
-0.04533
0.02843
0.09333
-0.10149
0.02075
0.00733
0.00916
-0.03206
0.02372
0.04576
0.05365
0.01197
-0.05239
-0.03674
0.08708
0.01820
-0.06952
0.03555
-0.01353
-0.01852
0.03495
0.01524
-0.02494
0.02454
-0.01583
-0.00271
0.03298
0.01502
0.04014
-0.04502
0.06735
0.02485
0.02061
0.03348
0.00742
-0.01719
0.02690
0.05516
-0.02345
0.03325
0.02922
0.09643
0.04143
-0.08277
-0.00236
-0.01444
-0.03247
-0.05330
-0.03481
-0.03209
-0.03458
0.01227
-0.08592
0.00090
0.01458
0.07312
-0.04505
0.01869
-0.04457
0.05049
-0.03550
-0.00529
0.06734
-0.02536
-0.00598
-0.04470
0.02929
-0.05842
-0.01895
-0.04288
-0.00138
-0.03891
0.05152
-0.03982
0.01031
-0.04317
-0.05436
-0.06261
-0.05707
0.12216
-0.04554
-0.02454
-0.01187
-0.05800
0.01151
0.07551
-0.02269
0.00123
0.02717
-0.05084
0.03377
-0.02360
-0.04354
0.02714
0.03780
0.01817
0.06292
-0.04219
-0.04321
0.07195
0.02154
-0.07302
0.01190
-0.06513
0.02289
0.02538
0.00833
0.00525
0.04443
0.01686
0.04072
-0.01668
0.03140
-0.12094
0.02984
0.02281
0.00025
0.00290
0.04031
-0.02663
-0.04207
0.00654
0.01138
0.01064
0.03692
0.04284
0.04484
0.04147
0.06473
0.03931
-0.02780
0.00976
0.08913
-0.06877
0.04765
-0.04579
-0.04971
0.05172
0.00851
-0.04364
-0.01681
0.02476
-0.01312
0.01874
0.01592
-0.02880
-0.04932
0.01587
-0.07135
0.00596
0.00459
0.01308
0.05926
0.01163
-0.05750
-0.02644
0.00945
0.01476
-0.08517
-0.01209
-0.00821
0.00662
0.02193
-0.06472
-0.02276
0.00819
-0.00421
-0.02252
0.06617
-0.01629
0.01729
-0.02106
-0.02380
-0.06115
0.01681
-0.01140
0.07923
-0.01274
-0.01222
0.00641
-0.09028
-0.02049
-0.01229
-0.02653
0.03061
-0.03437
-0.01772
0.01248
0.01776
-0.04631
-0.00420
-0.02933
-0.02112
-0.04703
0.02480
-0.03613
0.01344
0.06791
0.04181
0.10265
-0.00512
0.08592
-0.04568
0.03809
-0.07750
0.04658
-0.02841
-0.03333
0.02570
0.01454
0.02320
-0.04352
0.03097
0.03830
0.01384
-0.00904
0.00669
0.03119
-0.04289
-0.00358
-0.05269
-0.02409
0.01813
0.01015
0.05306
-0.04247
0.04322
0.04411
-0.00886
-0.02695
-0.04551
0.00361
-0.09777
-0.07456
-0.08318
0.04642
-0.06769
0.01537
0.00007
0.01367
-0.00187
0.01211
-0.01010
0.02446
-0.00419
0.01004
-0.01066
0.01161
-0.04734
0.00836
-0.09618
-0.04178
-0.07516
-0.05711
-0.03682
0.01427
0.02129
0.02107
0.02456
-0.01931
-0.03239
0.05963
-0.04407
0.01652
-0.00301
-0.02541
-0.00306
0.02788
0.07480
0.01142
0.02073
0.01489
0.00146
-0.04006
-0.04762
0.02458
0.00187
-0.03269
-0.01043
-0.05505
-0.00777
0.01142
0.01360
-0.00221
-0.05156
-0.02394
-0.02232
0.01992
0.01217
0.01461
0.06255
0.01994
-0.00076
0.05992
0.05126
0.00791
-0.03501
0.01976
0.00533
-0.03048
-0.06816
-0.07348
-0.01114
-0.05791
-0.00451
-0.06716
-0.02038
-0.01367
-0.03955
-0.04078
-0.00899
-0.01114
0.03108
0.02019
-0.01425
0.03958
0.01991
-0.04261
-0.02779
-0.02206
0.00048
-0.01398
0.04905
-0.00324
-0.05585
-0.06417
0.01397
0.06703
0.05478
0.04017
-0.00920
0.03652
-0.02105
-0.04008
0.01419
0.00680
0.00715
-0.04011
0.02610
-0.02210
-0.02827
-0.02438
-0.01155
-0.01175
-0.00739
0.05331
-0.00642
-0.02668
0.11420
-0.00689
0.01013
0.05466
-0.03632
-0.03598
-0.01110
-0.03132
-0.02386
-0.01005
0.00439
-0.04204
-0.02637
0.02160
0.00219
0.00522
0.02502
0.01052
0.01273
-0.06011
0.01925
0.01469
-0.03592
0.01089
0.00624
-0.01172
-0.04234
0.00946
0.03786
-0.04370
0.03882
-0.01907
-0.02179
0.01923
