0.04640
0.04342
0.02694
0.03936
0.06633
0.02926
-0.04114
0.03490
-0.01823
-0.01184
-0.05515
-0.00084
-0.05290
0.05580
0.01925
-0.09293
-0.00060
0.02190
-0.06252
-0.01726
0.00125
0.03550
0.00019
-0.00284
0.00199
0.04253
0.05049
0.04086
0.04582
-0.07070
0.02957
0.03135
0.01509
-0.00313
0.05094
-0.06748
-0.11423
-0.06134
-0.06721
-0.01455
-0.01226
0.00799
-0.03693
-0.06562
0.00621
-0.03393
0.00947
-0.01679
0.00669
-0.02269
-0.01463
-0.02550
0.08338
-0.04751
0.00142
0.03479
-0.04080
-0.04257
0.02607
-0.02760
-0.04071
-0.00106
0.03158
0.05995
0.02279
-0.04816
-0.05391
0.00290
0.00588
-0.03745
-0.03811
0.05808
-0.07684
0.00919
0.07085
-0.00722
0.01913
-0.06177
0.03478
0.00780
0.05520
-0.01256
-0.01671
0.02538
0.03148
0.00671
0.01951
-0.04158
0.02292
-0.00765
0.02667
0.01595
0.10227
-0.06032
0.03537
0.07897
-0.03438
0.02476
0.05495
-0.04947
0.09102
0.06612
0.03974
0.05446
0.02345
0.02301
-0.03571
-0.00338
0.00972
-0.01711
0.06189
0.02387
0.00758
0.00386
-0.06791
-0.03617
-0.04301
0.01343
-0.02549
0.03349
-0.00005
0.03062
-0.06663
-0.02854
-0.02051
-0.00424
0.12358
-0.08938
0.00877
-0.02343
-0.00195
0.03016
0.02639
-0.03364
0.01086
0.00045
0.02745
-0.04307
-0.01480
0.05430
0.00703
0.08643
-0.05393
-0.04490
0.04084
-0.00794
-0.07667
-0.00253
-0.02162
-0.01143
-0.01974
0.04915
-0.01823
0.03215
0.02204
0.02258
-0.00779
-0.03781
-0.01502
-0.06058
0.00039
0.02656
0.04099
-0.00493
-0.04641
-0.01002
0.04330
0.06107
-0.09337
0.01255
-0.02123
0.01591
0.00002
-0.03871
0.00119
0.04907
-0.11884
0.02714
-0.05656
0.05485
0.03599
-0.02741
-0.05244
0.02901
0.07107
0.00492
-0.07125
-0.02326
0.04429
0.07048
-0.01005
0.03161
0.01407
-0.06370
0.00710
0.04481
-0.05369
-0.05140
0.02530
-0.08782
0.00642
-0.00888
-0.01339
-0.01662
0.01234
-0.07289
-0.03185
-0.01553
0.02665
0.05773
0.00496
-0.01635
0.01479
-0.00811
0.00394
0.05874
-0.04388
0.02834
-0.06241
-0.05217
0.00545
0.07374
-0.03445
0.12274
0.03534
0.02743
0.00446
-0.02399
0.03328
-0.01845
0.02803
-0.04261
-0.00585
-0.07957
0.00390
-0.04670
-0.04794
0.03988
0.09299
0.02575
-0.02250
-0.04528
-0.06674
-0.06851
-0.00174
-0.00255
0.04947
-0.05829
0.02198
0.04176
-0.02008
-0.00669
0.03380
0.01142
0.05311
0.01085
-0.00216
0.09091
-0.02336
-0.00945
0.00882
0.07622
0.09942
-0.04690
0.07943
-0.08278
-0.02812
0.06108
0.05243
-0.03580
0.02418
0.02565
0.07924
-0.04773
0.05539
0.00402
0.01036
0.00487
-0.01291
0.04685
0.02967
-0.00565
-0.03573
0.00951
-0.04073
0.05236
0.00326
0.01885
-0.00505
0.01421
-0.04463
-0.04448
0.04840
-0.05532
0.01245
-0.01767
-0.02012
-0.07474
0.00474
-0.03686
0.02045
-0.02284
0.01660
-0.02115
0.01193
-0.00758
0.03033
-0.02410
-0.03511
0.02915
-0.12240
0.01301
-0.00857
0.05937
0.05115
0.00924
-0.02983
0.04969
-0.00105
0.02566
0.03607
-0.01985
0.01975
-0.07204
0.03665
-0.10520
-0.02118
0.01583
-0.01360
-0.01312
-0.02945
0.07749
0.02305
0.03057
-0.05034
0.01352
-0.03864
0.01165
-0.06316
-0.01805
-0.00678
0.01165
0.04304
0.00185
0.03122
0.06656
0.04059
0.05552
0.00538
-0.02696
-0.05713
-0.07860
0.01266
-0.04071
0.00949
-0.02451
-0.01498
-0.05249
0.02829
-0.00493
-0.02487
-0.03125
0.00811
0.02926
-0.00745
-0.00391
-0.01979
-0.01571
0.04439
0.00411
0.02422
0.00232
0.03339
0.02497
-0.03502
0.03180
-0.04380
0.08380
-0.03721
0.03861
-0.10124
-0.03576
-0.04555
-0.01725
-0.01152
-0.00470
0.04300
0.02998
0.05588
0.01258
-0.10227
0.05529
0.01891
0.04272
0.01559
0.05198
-0.02613
0.06506
0.03411
-0.03906
-0.05059
-0.00201
-0.04317
-0.00740
0.02982
0.04330
-0.09178
0.01791
-0.00434
-0.00999
-0.00002
0.04853
0.02692
-0.01889
0.01930
-0.04320
0.04723
-0.00310
-0.03739
-0.02906
0.02023
0.00115
0.01134
0.01882
0.04808
-0.05096
-0.02444
-0.04067
0.01348
-0.07675
-0.07173
-0.05420
-0.00788
-0.03542
0.02529
-0.06028
-0.03568
-0.01534
0.02207
-0.02973
0.00933
-0.00503
-0.03508
-0.03486
-0.01835
0.02698
-0.00920
0.03832
-0.01895
-0.03526
0.00561
-0.02823
0.10149
0.00093
0.01011
0.01801
-0.01041
-0.00642
0.06249
-0.01641
0.01404
0.08740
-0.02424
-0.02860
0.08022
0.00358
0.03582
-0.08571
0.03940
-0.00093
-0.07487
-0.03408
-0.03479
0.02228
0.00245
0.03011
0.04069
-0.07071
0.06284
-0.01124
0.05227
0.09124
-0.05536
0.00411
0.00194
-0.10819
0.00457
-0.01175
0.00797
-0.01161
-0.01680
-0.00942
0.06622
-0.00735
0.00360
-0.05883
-0.02248
-0.05743
0.00749
0.01549
0.00670
-0.00388
-0.00668
-0.09667
-0.01363
0.00355
-0.01747
-0.00374
0.02584
-0.08986
0.01333
0.01710
