-0.00328
-0.03392
-0.04741
-0.04100
-0.00318
0.00074
0.01005
-0.02541
0.01243
-0.04988
-0.00491
-0.01098
0.00635
0.02631
0.06760
0.01580
0.03578
0.00334
-0.04195
0.01413
-0.02893
-0.05256
0.01091
-0.04564
-0.00821
-0.05482
-0.03296
-0.03510
0.02081
-0.03011
0.01617
0.03538
-0.05153
0.06031
-0.08290
-0.00127
0.03590
-0.00991
-0.03432
0.04025
-0.02408
-0.00782
-0.05053
0.04068
0.09538
-0.02548
0.10390
-0.01544
-0.01038
-0.00992
0.03525
0.05579
0.00624
-0.02180
-0.05802
0.02368
-0.07181
-0.01310
0.00521
0.01383
-0.01818
-0.00855
-0.06061
-0.02532
-0.01639
0.05234
-0.04704
0.07366
-0.05660
-0.04857
-0.04948
-0.01863
0.00494
-0.01741
0.04725
-0.04755
0.02733
-0.00912
-0.05866
-0.03323
-0.05096
0.02950
-0.00307
-0.01882
-0.01232
-0.02207
-0.04327
0.03691
-0.02549
0.08087
0.04055
-0.00336
0.04666
-0.02555
-0.03484
-0.01870
-0.00921
0.03116
0.01104
-0.06193
0.03329
0.03340
0.04130
-0.08190
0.01974
0.02511
-0.04602
-0.05992
-0.08802
-0.03873
0.01542
0.00805
-0.01434
0.06383
0.05070
0.07399
0.03096
-0.06224
0.00732
0.00447
0.00488
0.04971
0.06242
0.05393
0.02692
-0.05212
-0.01811
-0.00891
0.05771
-0.04324
0.00360
0.04859
0.00763
-0.01570
0.02777
-0.07048
-0.00187
-0.10211
0.00141
-0.04455
-0.02476
0.02483
-0.06889
0.02148
0.07499
-0.03116
0.00292
-0.01721
0.03306
0.01921
-0.03847
-0.02280
0.00419
-0.00504
0.05213
-0.00961
0.05412
-0.00861
0.09283
-0.04420
0.05883
-0.02047
-0.01438
-0.05878
0.07029
0.01238
-0.01341
0.01925
0.02108
-0.02987
-0.01238
0.06549
0.00694
-0.02861
-0.02531
-0.04228
-0.00763
-0.01200
-0.01822
0.02928
0.06499
0.01122
-0.05779
-0.02389
0.01025
0.03258
-0.05514
-0.01066
-0.01527
0.02963
-0.03696
-0.07491
0.01406
0.06682
-0.01644
-0.01912
0.03374
0.02268
-0.01053
-0.00840
0.01502
-0.09678
0.02963
-0.00583
-0.02658
-0.04696
0.01976
-0.01911
0.04066
0.08608
-0.01992
0.02294
-0.00483
-0.00939
0.00616
0.01749
-0.02978
-0.01172
0.02414
-0.04949
0.01135
-0.01263
0.00445
-0.05453
0.02463
0.00406
0.02210
0.04046
-0.00926
0.05815
-0.05387
-0.05662
0.01378
0.02689
0.05022
0.02551
-0.01502
-0.08953
0.06518
-0.01011
0.04047
-0.01361
0.03204
-0.03385
-0.01936
-0.00822
-0.03888
0.01738
-0.04369
0.00160
0.02929
0.06932
-0.01183
-0.08911
0.01118
-0.04846
0.05388
-0.04814
0.02466
-0.03224
-0.04020
-0.03021
-0.04757
0.04206
0.03656
0.03491
-0.00301
-0.09213
-0.03724
-0.01289
-0.09029
0.02627
-0.02777
-0.02309
-0.00625
-0.04491
-0.02646
0.02164
-0.02186
-0.00517
-0.02493
-0.00660
0.06939
0.03625
0.04051
0.00707
0.00439
-0.01893
-0.00882
-0.04724
-0.00201
0.08660
0.00686
-0.04516
-0.00983
0.07090
0.00254
0.02155
0.05021
0.02709
0.01699
0.04592
-0.03689
-0.01995
0.03511
-0.02419
0.02619
-0.02014
0.01233
0.02160
-0.03994
0.00475
-0.00010
-0.05515
0.01815
-0.06389
-0.01826
0.00950
0.01599
0.04216
-0.00055
-0.02539
-0.01874
0.01399
0.01766
-0.05066
0.00776
0.03709
-0.01635
0.06096
-0.07640
0.01465
0.01011
0.02067
-0.07852
-0.03934
-0.00481
-0.04519
0.11210
0.02320
-0.02722
-0.03616
-0.01308
0.05012
0.04562
0.03581
0.04332
-0.03321
0.00834
0.02180
0.06401
-0.03691
0.03490
-0.04220
0.09408
0.02198
-0.02032
-0.04216
-0.07035
0.00354
0.00929
-0.11121
-0.07182
-0.00437
0.00523
-0.01472
0.04225
-0.01614
0.01791
-0.05862
-0.01798
-0.00400
0.02770
-0.00078
-0.00097
0.00710
-0.01078
-0.02556
-0.02480
-0.03826
-0.08519
-0.07432
-0.03114
-0.01965
-0.08570
0.03581
-0.04534
0.02178
0.01701
-0.06131
-0.03714
0.04114
0.01736
0.03124
-0.01683
0.03801
0.03169
0.01239
0.00697
-0.02075
0.00916
0.02385
0.02995
-0.04536
-0.06044
-0.04709
0.01145
0.00270
-0.03371
-0.02255
0.03273
0.00196
-0.01937
-0.00018
-0.03271
0.05273
-0.03257
-0.01120
0.04549
-0.05068
-0.05205
0.04723
-0.03934
0.02479
-0.01746
-0.00625
-0.04433
0.01186
-0.02950
0.00537
-0.03869
-0.02647
-0.00204
-0.02251
-0.03019
-0.02747
0.07538
0.02633
-0.02067
-0.00279
0.03614
0.01641
0.04478
-0.00976
0.01667
0.00720
0.04541
-0.08702
0.09497
0.02464
-0.02413
0.05336
-0.04037
-0.00278
-0.01420
0.01241
0.00126
0.05366
0.03916
0.01594
0.00909
-0.06445
0.01275
-0.07276
-0.02514
-0.03341
-0.04954
0.05314
0.02657
0.08242
-0.01598
0.05382
-0.04002
0.04092
0.01014
-0.06273
-0.01054
-0.06177
0.05800
-0.00414
-0.01337
-0.00798
-0.03075
-0.00670
0.04411
0.01642
0.00431
-0.05286
0.08920
-0.01219
-0.02357
-0.01669
-0.00176
0.03036
0.00243
0.00255
0.00220
-0.00451
0.08369
0.07080
-0.06665
-0.03147
-0.05506
0.01563
-0.00923
0.05929
0.05762
-0.02589
0.01248
-0.01140
0.03048
0.01388
