0.09531
-0.09515
-0.04033
-0.03805
-0.01806
-0.02788
-0.01042
0.02399
-0.02950
0.00601
0.09004
-0.01566
0.03705
0.00915
0.02966
-0.07134
-0.03238
-0.01666
-0.02900
0.07260
-0.03205
0.01329
0.02616
-0.05055
-0.03559
-0.02288
-0.05610
-0.02711
0.02707
-0.03462
0.01678
0.02714
0.00114
0.03297
-0.02764
-0.02668
-0.05803
0.04404
0.03410
0.03577
-0.02782
0.01702
-0.02682
0.04806
0.03721
0.03315
0.04353
0.00162
-0.02348
-0.02231
-0.02099
-0.04698
0.02954
0.09857
0.00218
0.06669
-0.02261
0.02003
-0.04502
-0.07734
-0.00408
0.02266
-0.10383
-0.01253
0.08189
-0.01615
0.02765
-0.07146
-0.00977
0.00664
0.00695
0.06343
-0.08720
-0.03136
-0.04341
-0.04551
0.00952
-0.05047
-0.02771
-0.00014
0.00019
0.13305
-0.02280
0.01076
0.04356
0.06719
0.00437
-0.02204
-0.03324
0.02953
0.06677
-0.07713
0.02937
-0.07533
-0.00786
0.02626
0.02722
0.07973
0.00999
-0.04404
-0.04514
0.03567
0.07041
0.00805
0.01920
-0.00488
-0.02536
0.03530
-0.09476
0.00366
0.01389
0.02328
-0.00402
-0.06576
-0.01721
0.04130
0.06078
0.02345
-0.00397
0.01536
-0.07260
0.00397
0.00035
0.04078
-0.00815
0.04598
0.03375
-0.11537
-0.01027
-0.08365
0.00019
0.02768
-0.04258
0.05051
0.01117
-0.09009
-0.02015
0.01193
0.04835
0.01044
-0.05245
0.03039
-0.02639
0.00532
0.00566
0.04684
-0.01279
0.02198
-0.04470
0.00026
0.05769
-0.01806
-0.07957
0.03418
-0.01184
0.01041
-0.00743
0.00047
0.04319
-0.02535
-0.00867
-0.03269
-0.00892
-0.06327
-0.02294
0.00703
-0.00521
-0.03507
0.02089
0.02212
-0.05803
0.00549
-0.01987
-0.06729
0.03283
0.08260
-0.02976
0.05308
0.00865
0.00568
0.08712
-0.04701
-0.03743
0.04372
0.10553
0.05836
0.02884
0.02402
0.02524
-0.00381
0.03342
-0.07015
-0.02348
0.01515
0.00433
0.04329
-0.03266
-0.00706
-0.03928
0.01388
0.05909
0.02103
-0.00165
-0.05131
-0.00983
0.05546
-0.02886
0.00282
0.09152
0.06303
-0.01774
-0.01365
-0.04382
-0.06436
-0.08267
0.01687
-0.00513
-0.01677
-0.01412
-0.00750
-0.02243
-0.00697
-0.00502
0.04166
-0.03690
0.00200
0.02435
0.06816
-0.00555
-0.04710
-0.03584
-0.02568
0.02980
-0.03504
-0.00968
-0.01328
-0.03505
-0.00499
0.08027
0.03940
0.03370
0.02618
-0.05595
-0.03728
-0.04882
-0.07648
-0.07603
-0.01986
-0.06698
0.07247
0.05289
0.08373
-0.02592
-0.03122
0.06851
0.05102
0.03421
-0.00348
0.00323
-0.01243
-0.01815
-0.06531
0.02378
0.01179
-0.01431
0.02330
0.05290
0.03185
0.00616
-0.05253
-0.05701
0.07017
0.00487
-0.00741
-0.01681
0.02464
0.02411
-0.03294
0.01552
-0.02735
-0.00527
0.04252
0.00327
-0.01629
0.09599
0.02069
0.04775
0.04802
-0.01995
-0.02354
0.02570
0.02689
0.05371
0.06989
0.00290
-0.00785
-0.03660
0.00607
0.00618
-0.06502
-0.02111
0.05618
-0.01774
-0.03724
0.04564
-0.03337
0.00911
0.00967
-0.02827
0.08875
-0.03194
0.00456
0.06084
0.05448
-0.00580
0.00423
-0.06105
0.03997
0.01037
0.08833
-0.03270
0.02177
0.05306
-0.00557
0.01252
-0.06961
-0.05075
-0.00324
-0.01432
-0.02485
-0.03479
0.02198
0.03632
0.04344
0.05792
-0.00694
-0.04358
-0.02101
0.00768
0.01220
0.06550
0.03871
-0.03368
0.00488
-0.00425
0.02543
0.00869
-0.03326
0.04690
0.03789
0.05167
-0.02779
0.02259
-0.01771
0.05058
-0.00852
-0.00584
-0.08937
-0.00156
0.02238
-0.02777
-0.07299
0.02514
0.04998
0.00141
-0.03378
0.04737
-0.01903
0.04094
-0.05689
-0.02126
-0.05945
-0.04493
-0.07114
-0.01113
0.03889
-0.02570
0.00589
0.01949
-0.04360
0.02348
-0.11388
-0.05360
0.01825
-0.03410
-0.02442
0.04563
0.01995
0.02979
-0.01693
-0.00390
0.00199
0.00208
0.02359
0.01881
0.05034
0.02824
0.00663
0.03784
-0.03702
-0.01029
0.07536
0.07267
-0.04763
0.03859
0.04034
-0.09697
-0.05298
-0.05549
-0.11793
0.03872
0.00542
-0.03566
-0.09555
0.03410
0.01063
0.08812
0.05344
0.00941
-0.04202
-0.00157
0.03017
-0.05093
0.09886
-0.01225
-0.04460
0.03141
-0.03461
-0.01690
-0.05592
0.03541
0.05961
-0.01395
-0.00439
-0.01537
0.01756
0.03741
-0.02576
-0.03627
0.01373
0.01485
-0.03096
-0.02519
0.04212
0.02088
-0.00493
0.07619
-0.02726
-0.02927
0.01301
0.00346
0.06750
0.01303
0.01214
0.05542
0.00809
0.03904
-0.01641
-0.00132
-0.08328
-0.02732
-0.00940
0.00929
0.01061
-0.03563
-0.03053
-0.01194
0.06352
0.00809
0.06126
0.03525
0.05876
0.00793
-0.00656
-0.01316
-0.08764
-0.00839
-0.04282
0.00185
-0.01214
-0.03172
0.03165
-0.00865
-0.01151
-0.00860
-0.05499
0.03901
0.05477
0.06052
-0.04308
0.01362
-0.04307
0.03798
0.02006
-0.05703
-0.03328
0.05502
-0.06335
-0.00293
-0.01268
-0.01470
-0.02450
-0.07427
-0.02841
-0.01931
0.04213
-0.01365
0.00888
-0.01850
-0.02630
0.00353
0.00536
