0.00405
-0.02748
-0.08071
-0.04490
0.01722
0.01824
0.02761
0.02604
-0.00648
0.00521
-0.02075
0.03167
0.01386
-0.02117
0.02161
0.01903
0.04411
0.01051
-0.07726
-0.01582
-0.05965
-0.06351
0.03615
-0.07229
-0.05355
-0.02510
-0.01484
-0.05398
0.00521
0.00416
0.01914
0.03205
-0.04441
0.02545
-0.07037
-0.01059
0.05252
-0.05462
-0.08789
0.04955
-0.03485
0.01547
-0.03869
0.04816
0.10698
0.00009
0.09103
0.03292
-0.04373
-0.04665
-0.02033
0.04436
0.03030
-0.02676
-0.10454
0.03731
-0.06570
0.02806
0.00442
0.02877
-0.02229
0.01966
-0.07134
-0.03518
-0.05699
0.04025
-0.04869
0.05698
-0.02958
-0.02501
-0.03260
-0.02823
0.01816
-0.01637
0.03142
-0.05331
-0.02516
-0.02422
-0.04948
-0.03310
-0.05656
0.02223
0.01982
-0.01689
-0.05577
-0.04221
-0.06073
0.07055
-0.00923
0.02657
0.02363
-0.02064
0.05578
-0.07434
0.01032
-0.00589
-0.01604
0.03684
-0.02705
-0.01953
0.05816
0.02579
0.01371
-0.02146
0.01271
0.02377
-0.03253
-0.09120
-0.06532
-0.07864
0.03365
0.04403
-0.06835
0.00762
0.07887
0.05709
0.03968
-0.06592
0.03491
-0.00164
0.01500
0.02154
0.05278
-0.00857
0.01916
-0.08105
-0.03933
0.01440
0.04099
-0.06280
-0.03208
0.00516
0.03307
-0.03036
-0.01019
-0.06327
-0.02310
-0.09483
0.03950
0.00018
-0.02373
0.02749
-0.09993
0.06461
0.08228
-0.03892
0.00724
-0.02776
0.05305
0.07825
-0.01332
-0.02011
-0.00173
0.03066
0.07318
-0.01150
0.00429
-0.01889
0.07488
-0.07928
0.09165
-0.00024
-0.05550
-0.01720
0.08957
0.04467
-0.00821
0.02383
0.01108
-0.00626
0.00187
0.03954
-0.02614
0.00143
-0.01768
-0.00948
0.00917
-0.01806
-0.01525
-0.02041
-0.00119
0.00919
-0.03768
-0.02646
0.05179
0.02894
-0.03978
-0.01561
0.01968
-0.00791
-0.00109
-0.05996
0.03853
0.00089
0.03481
-0.05407
0.06859
0.00749
0.00387
-0.00825
-0.00561
-0.09268
0.01822
-0.04894
-0.00354
0.00504
0.03940
-0.04136
0.02804
0.06712
-0.03883
0.02841
0.00119
-0.01082
0.04597
0.02983
-0.04185
0.01573
0.02505
-0.00981
-0.02412
-0.02486
-0.01169
-0.07800
0.03562
-0.01502
0.00605
0.02841
-0.02578
0.08836
-0.04099
-0.00827
0.00017
-0.01291
0.03727
0.02056
0.02777
-0.08003
0.03709
-0.05828
0.07182
0.00185
0.06879
-0.03032
0.01342
-0.02037
-0.00973
-0.00008
-0.04162
0.00783
0.04465
0.06888
0.02949
-0.05115
-0.00739
-0.06531
0.05498
0.00468
0.04764
0.01452
0.01223
-0.02504
-0.03901
0.02551
0.01077
-0.01012
0.01060
-0.06923
-0.05426
-0.06830
-0.05572
0.02024
-0.01618
-0.02825
-0.03473
-0.08404
-0.00346
0.05289
0.00030
-0.02009
0.00267
0.03770
0.06294
0.00734
-0.02911
-0.01870
0.04808
-0.01024
-0.03526
-0.08047
-0.03343
0.07401
-0.03095
0.00532
0.00437
0.04181
0.03306
0.02371
0.04220
0.05092
0.06982
0.01798
-0.03820
-0.02450
0.02785
-0.00659
0.02561
-0.06861
-0.00761
0.06969
-0.01526
-0.03622
-0.05543
-0.05985
0.02096
-0.04226
-0.03215
0.01426
0.02568
-0.03127
0.02592
-0.03120
-0.04958
0.04355
-0.02963
-0.03284
0.02846
0.03983
-0.02119
0.05138
-0.00381
0.03796
0.00648
0.00961
-0.06915
-0.02041
0.01673
-0.01747
0.10779
-0.00072
-0.02120
-0.04459
0.02691
0.05086
0.00371
0.01252
0.02981
-0.03115
0.05210
0.02296
0.05272
-0.00056
0.03283
-0.05236
0.04350
0.01966
0.03648
0.01138
-0.04932
-0.00794
-0.01940
-0.08054
-0.09997
-0.01759
0.00923
0.03054
0.06287
0.02174
0.03404
-0.00886
-0.01220
0.00470
0.02186
0.01322
-0.01091
0.03094
0.02127
-0.01883
-0.00372
-0.06199
-0.09286
-0.08646
-0.03921
-0.03699
-0.05528
0.06355
-0.01071
-0.04883
-0.03014
-0.05889
0.00663
0.07730
-0.02054
0.02588
0.00704
0.05604
0.06481
0.01933
0.02709
-0.01609
0.01378
0.03058
0.02832
0.04796
-0.06890
-0.04883
-0.00458
-0.02151
-0.03166
0.00921
0.06715
-0.01403
-0.03671
0.00515
-0.05575
0.06477
-0.00648
-0.00384
0.03927
-0.02894
-0.02044
0.06778
-0.00589
0.01831
-0.03182
0.03479
-0.00286
0.02161
-0.03501
0.01523
-0.05472
0.01983
-0.01253
-0.02500
-0.03903
-0.02237
0.03011
0.07124
0.01223
0.01521
-0.03047
0.00649
0.03364
0.02438
0.01645
0.01349
0.00891
-0.09350
0.05233
-0.04789
-0.00529
0.05551
-0.01598
-0.02598
-0.00238
0.02953
-0.02445
0.07370
0.03686
-0.00101
0.03159
-0.00581
0.04116
-0.07697
-0.02368
-0.01048
-0.03361
0.06683
0.01779
0.03879
0.00970
0.04192
0.00762
0.03595
0.00744
0.00845
0.00218
-0.05130
0.07164
0.01451
0.00766
-0.00328
-0.00558
-0.01414
0.08140
0.04106
-0.09769
-0.06565
0.10770
-0.04627
-0.03832
-0.01842
-0.05657
-0.01605
0.05681
-0.03116
-0.01010
-0.01227
0.08693
0.07165
-0.10571
-0.03579
-0.04458
0.00959
-0.04955
0.08898
0.03248
0.00216
0.01608
-0.03446
0.00298
0.00863
