0.03271
-0.09270
-0.10113
-0.02430
-0.02230
-0.04274
0.06207
0.02788
-0.03093
0.05197
0.07762
0.02888
0.08285
0.00283
0.05577
-0.02268
-0.02078
-0.03030
-0.04773
0.07141
-0.10384
0.01619
0.02555
-0.07194
-0.03847
-0.04252
-0.10013
-0.04425
0.04999
-0.01609
0.00507
0.04792
-0.02413
-0.00447
-0.05044
-0.01127
-0.03597
0.00983
-0.01588
0.04887
0.00498
0.04053
-0.00589
0.02286
0.03628
0.04503
0.05667
0.02678
-0.04735
-0.05649
-0.05029
-0.08364
0.00500
0.00973
-0.07545
0.01339
-0.05708
0.02175
-0.03732
-0.00322
-0.01469
0.07327
-0.06526
-0.01554
0.02988
-0.00743
0.02746
-0.10370
-0.05494
0.03034
0.04414
0.03782
-0.01164
-0.03300
-0.05204
-0.05961
0.02930
-0.00785
0.00867
-0.00738
0.02899
0.10936
-0.08574
0.03449
0.07091
-0.01906
-0.00200
0.04165
-0.06461
-0.02987
0.09778
-0.05226
0.02451
-0.10601
0.05582
-0.02343
0.01575
0.04477
-0.03624
0.02238
-0.01007
0.02725
0.05486
0.04386
-0.01860
-0.00559
-0.00304
0.05042
-0.03645
0.03878
0.00402
-0.00026
0.00052
-0.05665
-0.02702
-0.01680
0.01719
0.02424
-0.00011
0.02767
-0.03662
-0.03580
0.01858
-0.04102
-0.03770
-0.01479
0.00983
-0.05675
-0.01238
-0.04087
0.00443
-0.08146
-0.00354
0.06579
-0.04420
-0.02242
0.02566
0.03405
0.08469
0.03986
-0.03090
0.02221
0.00966
0.05084
0.01912
0.02485
-0.06542
0.00925
-0.01055
-0.00710
0.05503
-0.00304
-0.05526
0.04714
0.05329
-0.04456
-0.02109
-0.03031
-0.02885
-0.01958
0.00510
-0.00113
0.00943
-0.04076
0.02464
-0.02644
-0.00217
-0.02640
0.02005
-0.01767
-0.08610
-0.00750
-0.00658
-0.02840
0.01671
0.06359
0.06835
0.02807
0.04631
-0.02920
-0.02061
-0.04002
-0.01535
0.01841
0.04715
0.04605
0.06503
-0.03542
-0.01707
-0.02944
0.01604
-0.09665
0.05220
0.03017
0.07815
0.05062
-0.01569
-0.00506
0.01155
0.02140
0.02858
0.00192
-0.00353
-0.09089
-0.02102
0.04183
0.03021
-0.00912
0.08938
0.04902
-0.06732
0.01024
-0.09671
-0.05492
-0.00129
0.03990
-0.01068
-0.01073
-0.01263
0.01659
0.02303
0.01848
-0.01835
-0.00646
-0.00919
-0.05068
0.05068
0.04224
-0.06441
0.03323
-0.06378
-0.00266
0.02266
-0.06542
-0.09853
0.01520
-0.00393
0.00513
0.02520
-0.02181
0.05271
-0.01562
-0.02973
-0.04925
-0.00783
-0.06461
-0.07687
0.00144
-0.04063
0.09370
0.05764
0.10870
-0.05611
-0.01122
-0.02424
0.07491
0.01141
-0.01719
0.02066
0.01758
-0.05878
-0.05063
-0.02816
-0.03387
0.03673
0.02195
0.00447
0.04324
0.00920
-0.08742
-0.02505
-0.03135
0.00226
0.03905
-0.05913
-0.02902
0.00168
-0.00664
-0.00947
0.04045
0.05799
0.10168
0.00609
-0.03181
0.05869
-0.01138
0.03110
0.05407
-0.01898
-0.04745
0.01768
0.00637
0.01318
0.07884
0.00351
-0.02577
0.02118
0.00483
-0.03470
-0.01538
0.01467
0.04124
-0.01924
-0.09311
0.00222
0.01651
-0.00790
-0.03422
-0.01527
0.07476
-0.02375
0.00678
0.00710
0.02942
-0.01847
-0.01966
-0.03442
0.00550
-0.00493
-0.01350
-0.05266
-0.00935
0.02736
0.01704
0.02054
-0.04581
-0.07029
0.06366
-0.01928
-0.01721
0.01517
0.06588
0.01510
0.00725
0.03904
-0.02742
-0.02816
-0.01076
0.00284
0.04573
0.05288
0.03144
-0.02825
0.00279
0.04294
0.00110
-0.01968
-0.06721
0.04557
0.06629
0.09263
-0.01411
-0.00173
0.01775
0.00337
-0.02457
-0.02054
-0.02834
0.09828
0.00321
-0.02899
-0.04737
-0.05037
0.01967
-0.02671
0.04982
0.05472
0.00344
-0.01321
-0.05287
-0.02389
-0.07862
-0.03142
0.02010
0.03398
0.04270
0.01187
0.04539
0.03632
-0.07357
0.01904
-0.10562
-0.08187
-0.00376
-0.04092
0.00967
0.00462
0.00847
0.00805
-0.03681
0.09584
-0.02872
-0.03100
-0.03177
0.06289
0.03290
0.00526
-0.04658
0.02599
0.00497
-0.03342
0.08956
0.04538
0.04098
0.01786
0.03996
-0.03199
-0.06151
-0.01953
-0.11763
0.05878
-0.00249
0.02387
-0.11640
0.03791
0.04564
0.06870
0.06924
-0.02458
-0.03225
-0.00260
0.01173
-0.04761
0.08224
0.00421
0.01223
0.06763
-0.01572
-0.02797
0.03317
0.00473
0.06799
-0.01069
-0.02045
-0.02182
0.04731
-0.02450
-0.01334
-0.05609
0.03135
-0.02578
-0.04315
-0.00205
0.06369
0.01909
-0.06128
0.04165
-0.02520
-0.04764
0.00198
0.01486
-0.01612
-0.00691
0.00653
0.07990
0.02398
0.03766
-0.01100
-0.01824
-0.07559
-0.01218
-0.00914
0.02449
-0.01731
-0.01919
0.00621
0.03450
0.03211
-0.04329
0.04844
0.03838
0.03759
0.03926
-0.02342
0.00421
-0.03067
-0.01549
-0.01284
0.07598
0.06320
-0.01053
0.00064
-0.04371
0.01056
0.01022
-0.04708
-0.05905
0.02858
0.05077
-0.00510
0.00080
-0.05088
-0.02968
-0.05045
-0.04883
-0.10300
0.03928
-0.03580
0.00990
-0.04336
-0.05129
-0.02444
-0.06264
-0.00913
-0.09352
0.03122
-0.02912
0.01806
0.00044
-0.04128
-0.02514
0.03722
