-0.05441
-0.02487
-0.06043
0.02468
0.00314
-0.03789
-0.01690
-0.01507
-0.03397
-0.05626
0.01061
-0.00518
0.02013
0.00670
0.09227
0.01021
-0.00695
0.04665
-0.04240
0.00261
-0.06063
0.00815
0.00115
0.02347
0.03508
0.01531
-0.03743
-0.06528
0.04234
0.01139
0.02677
0.02180
-0.03232
0.07572
-0.06807
0.03693
0.00720
-0.02887
-0.03693
0.09930
0.03251
-0.06729
0.01517
0.02819
-0.01317
-0.01617
0.02403
0.01385
-0.02875
-0.03098
0.01122
0.06491
0.04189
0.00618
-0.03969
-0.04136
-0.03847
-0.03981
0.00445
-0.03221
-0.01449
0.03338
-0.04214
-0.04695
0.02134
0.04080
-0.07340
0.00313
-0.05696
0.00811
0.02808
-0.02329
0.02586
-0.04163
0.00615
-0.01268
-0.00129
-0.03637
-0.03923
0.00869
0.01139
0.01861
-0.03915
0.06076
0.03855
-0.01006
-0.01133
0.07903
-0.02603
-0.00420
0.06286
0.03921
0.00742
0.00265
0.06020
-0.06405
-0.02248
-0.01796
-0.01132
0.03727
-0.03098
0.04647
0.06049
-0.01782
-0.01588
-0.00292
0.00798
-0.00757
-0.02179
0.00287
-0.00135
-0.00774
-0.05431
0.04490
-0.04726
-0.00941
-0.04505
-0.01708
-0.12918
-0.02076
0.01246
0.02487
-0.01822
0.08626
-0.02387
-0.03424
-0.05412
0.03653
0.09250
-0.01099
0.03414
-0.03052
0.06133
0.03713
0.00798
0.01139
0.04297
-0.08190
-0.03786
0.01605
-0.03052
-0.01409
-0.02204
0.02011
0.07427
-0.01950
-0.05674
-0.04968
0.07074
-0.05556
0.00057
0.00699
0.02889
0.02461
0.05903
-0.06759
0.09768
-0.02131
0.01580
0.00926
0.00557
0.01257
0.02652
0.02668
0.04756
0.01035
-0.09958
0.04605
-0.01311
-0.07887
-0.02553
0.02729
-0.03061
0.05161
-0.07295
-0.02731
0.04088
-0.02285
-0.03842
0.06402
-0.00804
-0.00419
-0.01012
0.01994
-0.00339
0.03183
-0.00176
-0.00422
-0.03122
0.00438
-0.03248
-0.06241
0.00851
0.01936
-0.04872
0.00722
-0.00481
-0.00488
0.01537
0.06988
0.00945
-0.04300
-0.01983
-0.00439
-0.02555
-0.04000
0.02456
0.01830
-0.01230
0.06520
-0.02951
0.01913
-0.02348
0.08902
-0.02718
0.03445
-0.00789
0.01203
0.01375
-0.10776
-0.01238
-0.05026
0.00759
-0.02839
0.03691
-0.01332
0.01519
0.01133
-0.00012
0.03414
-0.07507
-0.01038
0.04082
0.02213
-0.01454
-0.04802
-0.03365
0.03813
0.05360
-0.06517
-0.02605
-0.07388
-0.00361
-0.00722
0.02407
0.04908
0.01883
0.09441
0.00057
0.01777
0.05666
0.03712
-0.02244
-0.08187
0.05652
0.03265
0.10740
-0.03689
0.02501
-0.03361
-0.01319
-0.03463
-0.07442
-0.00325
0.05085
-0.01506
-0.02606
-0.05780
-0.04392
0.03447
-0.09272
-0.09707
-0.02820
-0.01283
0.02532
0.02341
-0.01044
0.00948
0.00494
0.09665
0.04001
-0.05046
-0.00886
0.05605
0.00084
0.00268
-0.08730
-0.03574
0.08686
0.03930
0.02480
0.01817
0.09295
-0.06652
0.00766
0.02449
-0.01035
-0.03551
0.00075
0.10367
-0.02913
-0.01326
0.03348
-0.05276
0.03660
-0.05426
0.04125
-0.02474
-0.03108
-0.08857
-0.04891
0.05177
0.03540
-0.03802
-0.00107
0.02476
0.01392
-0.02334
0.05026
0.06969
-0.00968
-0.00250
0.02128
0.03896
-0.00217
-0.01172
-0.02012
0.07940
0.00143
0.07876
-0.01297
-0.00856
-0.01777
0.02759
-0.01690
-0.04445
-0.01649
-0.00882
0.03342
0.00408
-0.07002
-0.03743
0.01075
-0.00384
0.06288
0.00922
0.02953
-0.01047
0.02620
0.03687
0.00831
0.00137
-0.00743
-0.05213
0.12999
0.01718
-0.11888
-0.03592
0.03512
-0.01583
0.03290
-0.04664
-0.05073
-0.04960
0.03583
-0.03447
0.00896
0.04767
-0.04340
-0.10934
0.07062
-0.10574
0.07856
-0.02834
0.01808
0.00596
-0.03858
0.05840
-0.00871
-0.05593
-0.01989
-0.03876
-0.03990
0.00680
-0.09785
-0.01934
-0.08700
-0.02026
0.12432
0.00570
-0.01021
-0.02003
0.03770
0.01605
-0.03104
-0.02761
-0.04617
0.02022
-0.08337
-0.00042
-0.00610
0.04073
-0.01093
-0.04987
-0.04718
0.03247
0.07807
-0.00522
-0.06886
-0.01558
-0.01838
0.01314
0.07137
-0.03515
0.01911
0.05775
-0.01987
-0.03614
-0.00507
-0.03522
-0.03021
-0.04302
-0.10891
0.02434
-0.03582
-0.00832
0.00292
0.00809
0.08408
0.02392
0.00232
0.00760
0.00049
0.01471
0.00088
-0.04241
0.02220
-0.04260
-0.06293
0.02905
0.05295
0.06150
-0.05364
0.04959
-0.02210
0.03369
-0.01143
-0.08930
0.06656
0.03107
-0.06321
0.05123
-0.03163
-0.01817
0.04047
0.03418
-0.02923
0.04567
0.02338
0.02264
0.01476
-0.03523
-0.00542
-0.04338
0.02714
-0.00952
-0.03491
-0.02929
0.01498
0.10389
-0.01700
0.08979
-0.07039
-0.02300
0.01327
-0.06743
-0.04601
-0.02098
0.00603
0.05758
-0.05711
-0.08312
-0.01621
-0.00678
0.02892
-0.02523
0.01415
-0.01462
0.01037
-0.04796
-0.00765
-0.04463
-0.00495
0.02586
-0.04615
-0.07236
-0.00890
0.06710
0.06753
0.05279
-0.05604
-0.02832
-0.04966
0.05313
-0.05840
0.05305
0.07415
-0.01523
-0.00242
0.00178
0.09929
-0.01072
