0.00211
-0.00527
-0.07862
-0.01419
-0.05198
-0.04392
-0.04327
0.04265
-0.05516
0.00716
0.08917
0.06900
0.05705
0.03031
0.04740
-0.00328
-0.02653
0.03029
-0.03600
-0.01380
-0.04986
0.00508
0.06874
-0.04349
0.04757
-0.04527
-0.09131
-0.07428
0.03658
0.01302
0.00243
-0.02311
-0.02084
0.04837
-0.03193
0.05404
-0.00534
-0.03410
-0.02573
0.06614
-0.03024
-0.02036
0.00656
0.04253
-0.01782
0.05523
-0.02369
0.01337
-0.02012
-0.02999
-0.02907
-0.06857
0.01255
-0.00756
-0.03972
-0.01029
-0.05612
0.02381
-0.06250
-0.00394
-0.02478
0.08279
-0.08407
0.02887
0.04798
-0.01605
-0.03818
-0.03742
-0.00012
0.01656
0.04082
0.03697
0.02908
-0.03676
0.02334
-0.09679
-0.03420
0.00547
0.03712
0.03800
0.01201
-0.01142
-0.03927
0.01120
0.03496
0.01268
-0.03065
0.11116
-0.03678
-0.00335
0.07845
0.00942
-0.02896
-0.08648
0.01853
-0.04734
0.04990
0.03531
-0.02497
0.08419
-0.02089
0.05806
0.06791
0.05297
-0.00163
-0.02505
0.00821
0.00004
-0.01000
-0.00447
0.02384
-0.00036
0.05004
-0.00312
-0.03120
-0.03342
0.00186
0.01337
-0.09264
0.00391
-0.00281
0.02338
-0.04735
0.03297
-0.01211
-0.01049
-0.04392
0.02895
0.04981
-0.03312
0.00352
-0.04818
0.04705
0.05618
0.02277
0.03617
0.03491
0.02469
0.00964
0.05274
-0.03603
-0.00105
-0.00044
-0.01270
0.02294
0.00128
-0.09707
0.02285
0.07003
-0.01875
0.02971
-0.01720
-0.02718
0.04812
0.08361
-0.05026
0.02679
-0.01748
-0.07661
-0.01279
-0.00559
0.01673
0.01159
0.02641
0.05766
-0.00798
-0.03786
0.02234
-0.06914
-0.00616
-0.08895
-0.03472
-0.02441
0.05188
-0.03323
-0.03983
0.06839
0.01372
-0.05032
0.04086
0.00181
-0.05841
0.02551
0.05140
0.02480
0.01056
0.06807
-0.02361
-0.02935
0.00658
-0.02490
-0.03076
0.07243
-0.00407
-0.01507
0.05944
-0.02625
0.00682
0.06147
0.04208
0.02854
-0.00459
-0.01071
-0.04114
0.02298
0.00403
0.00486
0.00451
0.03162
0.03508
-0.08050
0.02732
-0.02542
0.01650
-0.01107
0.03209
0.02241
-0.01760
0.03024
-0.04564
-0.04137
0.02245
0.05057
-0.04127
0.06020
-0.00233
-0.01310
0.02342
-0.02849
0.03501
-0.04714
0.05151
0.00437
-0.01509
-0.00407
-0.03459
-0.02061
0.01959
0.06327
-0.02727
-0.05851
-0.01464
0.03520
-0.00676
0.03489
0.04760
-0.02747
0.06909
0.04650
0.04486
0.04810
0.05121
-0.01575
-0.03661
0.00912
0.01090
0.06907
0.01064
0.02961
0.01324
-0.03048
-0.04726
-0.07642
-0.02009
0.03249
-0.05781
-0.02355
-0.00434
-0.03850
-0.00691
-0.05708
-0.06052
0.01690
0.03698
-0.04149
-0.00136
0.03865
-0.02000
0.01576
0.04731
0.04935
0.03307
-0.05163
-0.00935
0.04476
-0.01228
-0.02434
-0.01530
0.02099
0.02507
0.02027
-0.03286
0.05924
0.04001
-0.00046
-0.01084
-0.01591
0.00908
-0.04694
0.07729
-0.00719
0.02864
-0.00720
-0.02681
0.03523
-0.03859
0.03614
-0.05632
-0.02618
-0.02408
-0.07739
0.03951
0.03870
-0.00282
0.09709
0.01000
0.00349
-0.06506
0.00591
0.02205
-0.02129
-0.03454
-0.04525
0.02226
-0.00914
0.03746
-0.04471
0.08595
0.01582
0.04787
0.06318
0.03593
-0.08927
0.01938
0.03942
-0.00262
-0.04993
0.05432
-0.03521
0.04074
0.02309
-0.00853
0.01917
0.02783
0.05588
0.04270
0.00034
-0.03267
0.06591
0.04009
0.03709
-0.03715
0.01914
0.01873
0.06547
-0.01057
-0.07487
-0.00061
0.03558
-0.07474
0.01199
-0.07676
-0.09387
-0.04620
0.01617
-0.03222
0.04974
0.02276
-0.09721
-0.05315
-0.00886
-0.09874
0.04157
-0.00570
0.03469
0.02848
0.01965
0.05452
-0.02468
-0.01329
0.00078
-0.03993
-0.03029
0.02804
-0.01678
-0.07424
-0.07765
-0.01020
0.03472
0.03467
0.04063
-0.00847
0.02220
0.01626
0.01236
-0.01675
0.00843
0.00005
-0.04422
0.04812
-0.01227
0.06070
0.06349
-0.01079
0.00867
0.02428
0.04384
-0.01986
-0.03254
-0.00462
0.01041
0.01638
0.01028
-0.01647
0.00660
-0.00114
0.07965
0.04152
-0.00438
-0.06236
0.01293
0.00602
-0.09478
0.01368
0.01339
0.06837
0.06791
-0.04603
0.05765
0.00619
0.02852
0.08241
-0.00163
-0.02244
0.00947
0.02959
0.00358
-0.05907
-0.11387
0.03669
0.04875
0.03249
-0.00164
0.07109
0.00379
-0.00301
-0.04805
-0.03908
0.02854
-0.02127
0.02569
0.01255
0.02050
0.03082
0.05385
0.01922
0.00808
0.06136
0.06082
-0.03966
0.00245
-0.01357
0.02153
-0.04878
0.01757
-0.00491
0.00170
-0.01876
-0.01430
0.08606
0.01439
0.04541
0.04873
-0.09025
-0.02269
-0.07780
-0.05520
-0.06543
0.05059
0.07371
-0.04698
-0.01244
0.00384
0.03830
-0.01488
-0.04129
0.00067
0.03261
0.02957
-0.06971
-0.02626
-0.04913
-0.06044
-0.00652
0.01677
-0.06460
-0.00179
0.10697
0.04177
-0.03727
-0.05073
0.00712
-0.02350
-0.01431
-0.05970
0.04459
-0.01157
0.04272
-0.02719
-0.06434
0.05191
-0.00414
