0.02336
-0.04824
-0.01969
-0.02610
0.01693
-0.04255
-0.05875
0.04381
-0.01807
-0.00068
-0.03833
0.00364
-0.05205
0.01699
0.07050
-0.01039
-0.00039
0.05315
0.00304
0.01830
0.00859
-0.00031
0.03013
-0.01605
-0.04651
0.04211
0.04027
-0.00584
0.05136
0.01206
-0.00020
-0.01302
-0.00448
0.00432
-0.02397
-0.04297
-0.05398
0.03081
-0.02028
0.03473
-0.05773
-0.02645
-0.06985
0.08238
0.05635
-0.03267
0.02551
0.01937
-0.05702
0.02689
-0.01996
0.07123
0.02563
-0.00363
-0.05891
0.05777
-0.00971
0.03369
0.01304
0.02592
-0.02249
-0.04067
-0.01610
-0.02438
-0.00259
0.02013
-0.07029
0.02541
-0.04536
-0.03295
-0.01602
-0.01409
0.04270
-0.06179
-0.01205
0.02235
0.00873
-0.07234
-0.02136
-0.01107
-0.01375
0.01780
0.04664
0.03663
-0.05498
-0.04711
-0.02094
0.09328
0.00522
0.04316
-0.01485
-0.02512
0.05196
0.00017
-0.04456
-0.06987
-0.07752
0.02828
-0.04350
-0.06768
0.05787
0.01054
0.03892
0.02262
0.05613
0.01268
-0.00874
-0.02807
-0.01078
-0.07203
-0.05162
0.03069
-0.09754
0.03668
0.05881
0.03456
-0.00134
0.00581
-0.01990
-0.04137
0.03549
-0.01762
0.01750
0.03917
-0.01146
-0.01902
-0.07298
0.01538
0.05975
-0.00058
-0.03896
0.00068
0.03941
-0.04019
0.01065
-0.03933
-0.01422
-0.01586
-0.01902
-0.01164
-0.00026
0.03766
-0.05906
0.00252
0.06140
0.01298
0.03843
-0.04206
0.01577
0.05178
-0.01964
0.03012
0.02840
-0.01675
-0.01728
-0.05890
-0.00379
-0.02431
0.03423
-0.06463
0.00481
-0.04980
-0.05082
0.02201
0.07545
0.00485
-0.02349
0.02773
-0.01315
-0.00585
0.06103
-0.03095
-0.04981
-0.00893
-0.06874
-0.04649
-0.03578
-0.02921
-0.02130
0.04783
0.02403
0.03290
-0.01579
-0.03754
0.06188
-0.03717
-0.04629
-0.02392
-0.04908
-0.05887
0.05177
-0.00262
0.02672
0.01362
0.03276
-0.01718
-0.02630
-0.01365
-0.01789
0.03643
0.03918
0.00893
-0.02258
-0.02272
-0.05692
0.00279
0.05355
-0.01860
0.00524
0.03069
0.01432
-0.00328
-0.05363
0.04981
-0.02416
-0.03225
-0.02861
0.06593
0.03559
0.01476
-0.05701
0.04057
0.01323
-0.03725
0.03865
-0.00181
-0.02179
0.03731
-0.01591
0.06243
-0.05004
-0.08085
0.03114
-0.00378
0.01465
0.01085
0.00791
-0.01670
0.00917
-0.04887
-0.02757
-0.05757
0.07492
0.00917
0.01359
0.06975
-0.05987
0.01654
0.02093
0.00925
0.05443
0.04899
-0.01752
-0.00725
-0.01978
-0.01601
0.04997
0.09320
0.02168
-0.03730
0.02902
-0.07001
-0.03330
0.07928
0.00614
-0.02323
0.08599
-0.09510
-0.04955
0.08566
-0.04769
-0.03979
-0.00970
-0.02183
-0.01630
-0.01985
-0.02202
0.00820
-0.01464
0.00541
-0.01938
-0.03848
-0.01599
-0.03345
-0.00431
0.06965
0.00346
-0.02989
0.03827
-0.06505
0.01868
0.04387
0.04470
-0.04093
-0.03992
-0.00263
0.02738
-0.04142
0.05044
0.06159
0.00548
-0.00307
-0.00141
-0.00752
0.00015
-0.06172
0.04905
0.01421
-0.07591
0.00994
-0.01982
-0.00798
-0.04201
-0.00484
-0.00533
0.02272
-0.00777
-0.05081
0.05870
-0.00973
-0.01562
-0.00910
-0.02920
0.01906
-0.01887
-0.01923
0.05108
0.03797
-0.00609
0.04488
0.00975
-0.02433
-0.02691
0.00472
0.00186
-0.02258
-0.01028
-0.00285
-0.02466
-0.06235
-0.05376
0.03938
0.03326
0.06950
-0.00927
0.04707
-0.00835
0.05042
0.03605
0.07710
0.04149
-0.04224
-0.03420
-0.02852
-0.01046
0.04114
-0.02729
-0.00076
-0.04733
-0.00337
-0.00898
0.00329
-0.01738
0.04711
0.00343
-0.04275
0.07702
0.04103
0.05274
-0.04589
-0.02338
0.02954
0.04321
-0.03646
-0.00522
0.00819
-0.03351
-0.00947
-0.00564
-0.06891
-0.02960
-0.01121
-0.01826
0.02020
-0.01021
-0.01046
0.00254
-0.06469
-0.05043
-0.06681
0.01416
-0.01347
-0.01524
-0.07204
0.04124
-0.00688
0.00662
0.00696
-0.03925
-0.00867
0.01649
0.02174
0.03009
0.00133
-0.06797
0.00322
0.01234
-0.05737
-0.03069
0.04953
0.00654
0.07390
-0.03469
0.02907
-0.00502
0.03074
-0.02561
-0.01562
-0.00183
-0.01760
0.01320
0.01536
-0.00372
0.00078
-0.04237
-0.04071
-0.01677
-0.00700
-0.00042
-0.04081
-0.00321
-0.02288
-0.00889
-0.01015
-0.09218
-0.01325
0.04670
0.00252
0.03211
0.05374
0.00764
0.02236
-0.05847
-0.04686
-0.01953
0.03631
-0.01360
-0.07542
-0.01710
0.00712
0.03049
0.15148
-0.01845
0.07055
0.03323
-0.01399
-0.06532
0.03829
0.02033
0.05577
0.01365
-0.05383
0.01507
-0.02347
0.03222
0.00142
-0.05654
0.03327
0.02101
0.03695
-0.05679
0.06108
0.06995
-0.05104
-0.00557
0.00816
-0.00504
-0.01671
-0.03318
-0.02949
-0.01427
-0.02922
0.02309
0.00889
0.08983
0.04790
-0.06272
-0.05554
0.05877
-0.06018
-0.05761
-0.04083
-0.02933
-0.01239
-0.02151
-0.02831
0.01298
-0.01118
-0.01845
0.00144
-0.06534
0.02794
-0.07600
0.01757
0.00944
0.01798
0.02177
0.00649
-0.08248
0.01263
0.05722
-0.09708
