-0.03792
-0.00680
-0.01244
0.01274
0.05590
-0.00874
-0.07711
0.02379
0.04030
0.02014
0.04023
0.00253
-0.00736
-0.02296
0.00783
0.01642
-0.08878
-0.00200
0.01418
-0.00070
-0.00400
-0.01817
-0.01704
-0.00711
-0.05862
0.05071
0.09496
0.01317
-0.01417
0.00197
0.03076
0.00599
0.04510
0.07062
-0.00944
0.00067
0.06108
0.08371
-0.05098
-0.01186
-0.02136
-0.01869
0.00265
0.04003
0.02252
-0.06345
0.01857
0.03353
-0.06670
-0.00366
-0.02471
0.06070
0.01668
-0.02084
-0.01859
0.06868
-0.03018
0.04094
-0.00957
0.02214
0.03279
-0.02780
-0.00004
-0.02912
0.01870
-0.01109
-0.02487
0.02912
-0.02431
0.01824
0.02293
-0.04518
-0.00199
-0.00988
0.01930
0.02446
-0.04240
0.00829
-0.02644
-0.04468
0.04288
0.08947
0.08237
0.01592
-0.05630
0.01366
0.01773
0.06752
0.03033
0.01467
-0.04161
0.02060
-0.02816
0.02955
-0.02975
0.01094
0.02700
0.02549
-0.01789
-0.09117
0.00432
-0.02203
-0.01674
0.00680
-0.02799
0.00615
0.01024
-0.03978
0.02456
-0.02503
-0.01164
0.05889
-0.09338
0.03082
0.11368
0.11978
0.04155
0.06270
0.06012
0.02955
0.00422
-0.04469
0.04730
-0.00715
-0.04461
-0.00812
-0.06218
0.00758
-0.01443
-0.04355
0.01509
0.02928
0.07179
-0.04445
0.00287
-0.05533
-0.03021
-0.03904
-0.07903
-0.02027
-0.01114
0.01660
-0.04134
0.03767
0.02340
-0.01956
0.02345
0.07202
0.01187
-0.00582
-0.02754
0.03902
0.02564
-0.00848
-0.07916
0.00081
-0.04885
-0.00896
0.05513
-0.08864
0.01341
0.04796
0.00103
-0.02511
0.01843
-0.03074
-0.07948
-0.02107
0.04422
0.08254
0.07835
-0.01980
-0.05376
0.01436
-0.00673
-0.01189
-0.00999
-0.02058
-0.03452
-0.02470
0.02380
0.06972
0.00153
0.01948
0.05814
-0.01276
-0.01095
0.07095
0.02878
-0.01905
0.03594
0.01907
0.00987
-0.00179
0.01773
-0.03189
0.06110
0.04467
-0.01806
0.07317
0.03698
-0.08554
0.01942
0.01463
-0.03089
0.06206
0.05436
-0.00746
-0.00337
-0.02255
-0.00257
-0.03254
-0.01852
0.04060
0.04766
-0.03185
-0.02704
0.10619
0.02818
-0.00621
-0.09057
-0.02222
-0.03121
-0.04704
0.01478
-0.00224
0.00941
0.02464
-0.02505
0.00442
-0.01624
-0.02013
0.04910
-0.00216
0.00671
0.05494
0.02184
0.00336
-0.05027
-0.02215
-0.02436
0.07008
0.03137
0.00341
-0.02092
0.06663
-0.00477
0.02849
-0.01154
0.04463
-0.03611
-0.02685
0.04820
0.05019
-0.03658
-0.00091
-0.01610
0.04355
0.06742
-0.00398
0.02829
-0.10175
-0.03826
-0.00075
-0.06925
-0.02746
0.10126
0.01018
0.00764
0.01790
0.03795
0.02827
-0.03824
0.01275
0.03228
-0.02794
-0.00320
0.04103
-0.01275
0.02513
-0.07476
-0.04647
0.01890
-0.04309
0.00757
0.02863
0.06656
-0.00603
0.01496
-0.08986
0.05668
0.01799
-0.02905
0.05255
-0.05821
-0.02789
0.07093
0.03728
0.10673
0.05305
-0.00195
0.01344
-0.03424
0.06718
0.02440
-0.03191
-0.02291
0.06072
-0.04217
0.03944
0.04031
0.05281
0.01659
0.01934
0.00738
0.06527
0.06403
0.00524
0.07303
-0.01848
0.00816
-0.06497
-0.03688
0.01681
-0.04248
0.00837
0.08920
0.03128
0.08915
0.03099
0.07249
-0.05202
0.00254
-0.01877
-0.01186
0.04746
-0.02261
-0.01067
-0.00597
-0.02573
0.02467
0.00489
-0.01071
0.01146
0.01550
-0.06258
-0.09572
0.08904
0.03407
0.04570
-0.01165
-0.03429
-0.05029
0.07773
-0.02357
0.00650
0.00799
-0.02206
-0.01429
0.04140
-0.03288
-0.01745
-0.00124
-0.03912
-0.05635
-0.04354
-0.00509
0.02981
0.10293
-0.01595
0.03225
0.06809
-0.06810
-0.04773
0.00269
-0.03007
0.07180
-0.06072
0.04499
-0.03667
-0.01301
-0.00227
0.06299
-0.05141
-0.00760
-0.06998
0.01719
-0.05431
0.00962
-0.07851
-0.05377
0.02029
0.04897
-0.12410
0.03850
-0.02141
0.04464
0.08705
0.04555
-0.01780
0.04486
0.01217
0.07827
-0.02874
0.00514
0.00800
0.01898
-0.01083
0.01451
0.05771
0.05946
0.01032
0.01440
0.02998
-0.01409
0.01900
-0.03598
-0.02009
-0.09501
0.02885
0.07776
0.04108
0.06508
0.05037
-0.11053
0.01575
-0.05203
0.01648
-0.04399
-0.05599
0.02711
-0.02313
-0.07094
0.02384
-0.04273
0.02467
-0.01707
-0.01538
-0.02300
0.03050
-0.05037
-0.00361
-0.02543
-0.01349
-0.00456
0.00659
-0.06843
-0.01078
0.00966
0.04197
0.04266
0.07697
-0.01047
0.06726
0.00660
0.04288
-0.07750
-0.00514
0.01467
0.01217
0.06845
-0.03161
0.01588
-0.01526
0.03418
-0.04697
-0.01135
0.00518
-0.06018
0.01660
-0.02007
-0.03719
-0.02047
-0.04855
-0.02750
0.09386
0.03176
0.02481
0.03808
-0.04466
0.04903
-0.01739
-0.06795
-0.00604
0.00850
-0.01473
-0.02220
-0.02014
-0.02745
-0.03553
-0.01791
0.05741
0.00487
0.02796
0.04601
-0.00822
-0.02873
-0.02393
0.00058
-0.04765
-0.04625
0.05665
-0.05730
-0.03293
0.00611
-0.08667
-0.05398
-0.07796
0.01578
0.05890
0.11789
0.01647
