-0.01799
0.04804
0.02635
0.00569
0.00854
-0.06053
-0.07026
-0.02424
0.05988
-0.08218
0.02705
-0.05097
-0.03873
0.01313
0.00478
-0.00681
-0.00895
0.03335
-0.01021
0.05425
0.05458
0.02933
-0.02103
-0.02996
-0.01548
-0.00763
0.05192
0.01375
0.05843
0.00785
0.00873
0.01803
0.02812
0.01144
0.03386
-0.02291
-0.00569
-0.06592
0.08750
0.03919
-0.04256
-0.07948
-0.03753
0.00230
0.03327
0.01642
-0.02951
-0.00476
0.07123
0.07005
0.04476
0.00650
-0.07271
0.00145
0.08570
0.01323
0.00694
-0.03325
0.04909
-0.01099
0.02338
-0.02173
0.00669
-0.01092
0.00191
0.04772
-0.04887
0.04419
-0.01779
-0.08444
-0.02024
0.01833
-0.01156
0.02219
0.05465
-0.01640
0.04100
-0.04945
-0.08420
0.00266
-0.02812
-0.02322
0.06492
-0.03590
-0.00935
-0.06439
0.04056
-0.02007
0.04021
0.07185
-0.01143
-0.03058
0.08281
0.02022
-0.11500
0.03456
-0.03927
0.05769
-0.01305
-0.02501
0.01186
0.00838
0.06145
-0.04032
-0.02797
-0.02143
0.02511
-0.03073
-0.03749
0.00121
0.01920
-0.02298
0.00477
0.08605
0.03165
0.01630
0.00208
0.01419
0.01351
-0.00216
0.02037
0.04799
-0.00476
0.09493
0.00180
-0.02714
-0.01283
-0.05141
0.01008
0.01890
0.01787
-0.00105
-0.06383
-0.02845
0.01269
-0.01824
-0.03107
-0.02542
-0.03284
-0.00925
0.04925
0.03926
-0.09359
-0.04009
0.10550
0.03239
0.02344
-0.00569
-0.01215
-0.01348
0.00846
0.05692
0.01052
-0.00641
-0.02920
-0.05889
0.02016
-0.04217
0.00092
-0.01088
0.00260
-0.05453
-0.04088
-0.00477
0.02501
-0.02943
0.07838
0.04139
-0.04508
-0.01795
0.00817
0.06655
0.02836
-0.04230
-0.00931
-0.07824
-0.06818
-0.03830
-0.01715
0.06920
0.12155
-0.00491
-0.05438
-0.02110
0.00422
0.02638
-0.07518
-0.04353
-0.06204
0.05227
-0.02864
0.03281
0.00443
0.03881
-0.03518
-0.06271
-0.03856
-0.01657
0.00281
-0.03822
-0.02931
-0.01783
-0.00787
0.06591
0.01919
-0.08512
-0.00278
-0.03760
-0.03430
0.09811
0.09222
-0.02850
0.00342
0.01149
-0.06680
0.02696
-0.04989
-0.02144
0.03185
-0.05551
0.02229
0.01300
0.01570
-0.00587
0.00384
0.07579
0.00043
0.02123
0.05466
0.04668
0.00682
-0.12630
0.00281
0.05353
0.02807
0.04855
-0.10015
0.01516
0.02197
0.07000
-0.00943
0.02720
0.08104
-0.04163
0.00137
0.03398
-0.09597
0.00523
0.07298
-0.07719
-0.03939
-0.00282
-0.07240
-0.05565
0.06805
-0.04679
0.05421
0.01350
0.05337
-0.02593
-0.05271
-0.00940
0.00692
-0.00202
0.02928
-0.01573
0.02496
-0.01844
-0.04735
-0.01159
-0.00687
0.03207
0.02292
0.00344
0.09812
0.06365
0.02550
0.02283
-0.00641
0.01132
-0.01398
-0.04175
-0.01260
0.00217
0.03826
-0.02948
-0.02405
0.00238
-0.03366
0.05210
-0.03827
0.02445
-0.04059
-0.10645
-0.06230
0.05736
-0.05487
-0.05064
0.03117
0.00893
-0.03553
0.00833
-0.00611
0.01928
-0.03735
-0.06255
0.11187
0.04033
-0.06989
-0.02681
-0.02566
-0.01447
0.05764
-0.05874
-0.02680
0.01779
-0.02031
-0.06607
0.05213
0.06460
-0.00197
-0.02111
0.01426
0.01331
0.04898
-0.07885
0.08022
0.00449
-0.00914
0.03908
-0.02214
-0.06998
0.02328
0.05156
-0.02889
0.00438
-0.03980
-0.05339
0.05017
-0.05144
0.02464
0.00515
-0.02200
0.03715
0.05602
0.08058
-0.01196
0.03981
-0.02899
0.03868
0.01327
-0.10518
0.01915
0.04963
0.02592
0.02657
-0.02078
0.00059
-0.07088
0.00958
-0.01844
-0.02364
0.01415
0.01860
0.04779
-0.09207
-0.01835
-0.01630
-0.09062
-0.00548
0.00242
-0.02149
-0.05428
-0.08100
-0.04006
0.01765
-0.02426
-0.00325
-0.08382
0.02441
-0.06541
0.02125
0.01149
0.00642
-0.02151
-0.03220
-0.07907
0.00794
-0.05520
0.02879
-0.03240
-0.01136
-0.04673
-0.05844
0.02368
-0.00528
0.08681
0.01175
-0.03546
-0.01490
0.05307
-0.03748
-0.02609
-0.01441
-0.03316
-0.00779
-0.06736
-0.04398
-0.01900
0.03425
-0.05938
-0.00481
0.01561
0.04721
-0.00169
-0.02799
0.02443
0.08475
0.00406
0.02010
-0.02483
0.02110
0.00372
-0.05700
-0.00464
-0.00991
-0.04893
-0.00267
-0.02566
-0.04747
-0.00111
-0.03373
-0.03322
-0.00555
-0.06678
-0.02199
0.07180
-0.03445
0.01338
0.04744
0.06275
0.05170
-0.07980
-0.03627
-0.03342
0.05976
0.02381
-0.08366
0.01917
0.03328
0.07081
0.04542
-0.02615
0.09945
-0.04244
-0.03597
-0.02670
-0.04188
0.03199
0.12330
-0.05564
-0.09341
-0.04549
-0.03540
-0.01816
0.02642
-0.03104
-0.03347
0.09249
0.01911
-0.03491
0.10839
0.06108
-0.04007
0.03733
-0.01018
-0.06280
-0.05113
0.00712
-0.02142
0.00474
0.05857
0.01395
0.07935
-0.01325
-0.02279
0.04602
0.03113
-0.00187
-0.03113
-0.01543
0.01733
0.01635
-0.00101
0.01482
0.07213
-0.00507
0.01006
0.00502
-0.03554
0.01536
0.02135
-0.02022
-0.04066
0.06518
0.03798
0.02378
-0.04524
-0.04223
0.00070
0.09850
-0.02938
