-0.01763
0.03793
0.00806
-0.02168
-0.02163
-0.10869
-0.00180
-0.05933
0.04005
-0.01929
-0.02119
-0.05333
-0.08664
0.00157
0.06055
0.03290
0.00232
-0.01433
-0.00609
0.09925
0.01397
0.00994
-0.02850
-0.00302
0.01503
-0.05274
0.02260
-0.02600
0.00153
-0.01440
-0.04191
0.03403
-0.02982
0.06953
0.01801
-0.03818
0.02062
-0.02437
0.05996
0.03185
0.01019
-0.07063
-0.07077
0.00436
0.00472
0.01365
0.01676
-0.03906
0.07935
0.11375
0.08939
-0.00531
-0.11735
-0.04548
0.04625
-0.03201
-0.06492
-0.03245
0.04559
0.02067
-0.03642
-0.03983
0.03724
0.00171
0.01777
0.01937
-0.02744
0.03321
-0.02355
-0.09373
-0.01864
0.01184
-0.01198
0.03573
0.01666
-0.00063
0.06300
-0.05034
0.02002
0.00271
0.00217
-0.02143
0.00699
-0.06273
-0.02001
-0.01561
0.02153
-0.03156
0.01615
0.06427
-0.02432
-0.00577
0.03251
-0.00992
-0.12147
-0.02463
-0.02300
0.05033
0.00118
-0.06653
0.00790
0.02602
0.02263
-0.05719
-0.00923
-0.02008
0.02650
-0.01709
-0.04331
-0.02591
-0.01667
-0.11948
0.07200
0.11075
0.02686
0.02754
0.02224
-0.00939
-0.02002
-0.01200
0.02119
0.06484
0.03871
0.08400
0.04446
-0.03835
0.00125
-0.03106
-0.01081
0.03702
0.00749
-0.04222
-0.04968
-0.04527
0.03511
-0.06961
-0.04391
-0.01986
-0.01625
0.00714
0.08925
0.05385
-0.02670
-0.00101
0.05329
0.05534
0.00223
0.03364
-0.00387
0.00258
-0.04307
0.05803
0.03147
-0.03867
-0.06185
-0.06632
0.05360
-0.03692
-0.04602
0.02563
-0.00020
-0.04514
-0.00790
-0.02001
-0.01290
-0.01684
0.02057
0.02764
-0.00240
-0.06698
-0.01187
0.04611
0.05005
-0.00056
-0.03479
-0.05574
-0.05116
-0.03517
0.02310
0.06602
0.09653
-0.00725
0.03276
0.01752
-0.03589
-0.00575
-0.04158
-0.02975
-0.05663
0.07083
-0.00729
0.03548
0.02152
0.10629
-0.01108
-0.01771
-0.00989
-0.01389
0.01246
-0.05162
-0.03621
-0.07038
0.01998
0.08137
0.05291
-0.09706
0.06471
0.05935
-0.02852
0.07014
0.03627
0.00120
-0.02680
-0.02078
-0.04737
-0.00084
0.00286
-0.05449
-0.00899
0.03504
0.03179
0.07280
0.02641
-0.01578
0.03458
0.09997
0.02707
0.03319
0.03073
0.09683
-0.02373
-0.11745
-0.01398
0.04664
-0.01752
0.06211
-0.07506
-0.00527
0.00325
0.04181
0.01777
-0.00329
0.01627
-0.00964
-0.00290
0.03454
-0.08705
0.01865
0.10454
-0.10130
-0.03027
0.06423
-0.05702
-0.07454
-0.02196
-0.05181
0.00566
-0.02589
-0.05579
-0.01935
-0.01552
0.00802
-0.04399
0.01601
0.03010
0.05925
-0.00144
-0.03627
-0.00257
-0.01502
-0.03499
0.01386
-0.01448
0.01228
-0.00265
0.04629
-0.04459
-0.02191
0.03102
0.05781
-0.04720
-0.03097
0.00334
0.02810
0.07218
-0.02017
-0.02270
0.00767
-0.01664
0.06739
-0.07359
0.06583
0.04362
-0.09489
-0.02806
0.04547
-0.08376
-0.02296
0.03699
-0.00203
-0.04958
-0.00269
-0.05196
0.02942
-0.02996
-0.04819
0.08879
0.01023
-0.02621
-0.00975
0.00168
0.02446
0.02213
-0.10814
-0.02132
-0.05108
-0.02722
-0.01712
0.02744
0.01458
-0.00032
0.00942
0.02865
0.02090
0.05772
-0.06428
0.01275
-0.00702
-0.04633
0.06957
-0.07226
-0.02210
0.00106
0.01670
-0.03784
0.00571
-0.02973
-0.03822
0.06040
-0.00224
-0.01013
0.01446
-0.06506
0.02205
0.04222
0.08204
-0.01408
0.02853
-0.04951
0.05034
0.02325
-0.07868
0.00930
0.01639
0.00175
0.04129
-0.04976
-0.00521
-0.06591
-0.01284
0.02283
-0.03125
0.01834
0.01431
0.03917
-0.09200
-0.01867
-0.01914
-0.07175
-0.00754
-0.03608
0.02341
-0.02588
-0.03739
-0.02430
0.00249
-0.05037
-0.00990
-0.07342
0.04130
-0.05482
0.04706
0.00897
-0.00082
0.01945
-0.01078
-0.04561
0.08508
-0.04394
0.02848
-0.05171
-0.01884
-0.03809
-0.03036
0.00378
-0.07111
0.00563
-0.04402
-0.06294
-0.01782
0.04486
-0.06341
-0.02119
-0.00291
-0.04794
-0.06393
-0.00096
-0.04483
-0.02760
0.01012
-0.10851
-0.06037
-0.01061
0.05423
-0.02707
0.03044
-0.01736
0.04121
-0.02465
-0.01541
-0.03070
0.01544
0.02708
0.01026
0.01550
-0.03724
-0.02509
-0.00982
-0.04286
-0.03749
-0.01565
-0.09076
0.04085
-0.05643
-0.03762
-0.00586
0.03648
-0.04168
-0.02465
0.05861
-0.02147
0.02261
0.01100
0.01744
-0.00961
0.02667
0.12317
-0.08615
0.04996
0.02580
0.04133
0.01926
-0.00135
0.07343
-0.04845
-0.00821
0.01952
-0.02736
-0.00160
0.06663
-0.00227
-0.08569
0.00319
-0.03672
-0.07909
0.01537
-0.00659
-0.01155
0.11423
0.01889
0.00358
0.10853
0.01771
0.02407
0.04731
0.01315
-0.04621
-0.00838
0.01243
0.01560
-0.01638
0.04520
0.00672
0.08377
0.07360
-0.02649
0.06096
-0.01242
0.04757
0.01172
-0.02964
-0.01552
0.00305
-0.01209
-0.03286
0.05780
0.04488
0.03406
0.03660
-0.02853
0.05199
0.00977
-0.03059
0.02935
0.03885
0.01219
-0.04692
-0.01766
-0.03316
0.00860
0.06019
-0.00476
