0.01363
-0.06184
-0.08413
0.01554
0.00642
0.00045
0.06877
0.06760
0.01912
-0.03693
-0.03661
0.04966
0.03617
-0.00743
0.00474
0.04927
0.01660
-0.02820
0.03464
-0.01787
-0.01264
-0.05889
-0.03154
-0.04572
0.03022
-0.06499
-0.03951
-0.01806
0.07097
0.03927
0.07172
-0.02767
-0.01656
-0.02530
-0.07288
-0.02592
0.01336
-0.01188
-0.01874
0.04824
-0.00944
0.01935
-0.00404
0.03860
0.08728
0.01836
0.01311
0.01355
-0.01787
-0.01707
0.02754
-0.00927
0.05284
-0.01174
-0.08582
-0.00542
-0.01205
0.04490
-0.03888
0.00177
-0.02710
0.01325
-0.05713
-0.00604
-0.09375
0.05244
-0.02950
0.02142
-0.04730
-0.08020
-0.04514
-0.02296
-0.01342
-0.00613
0.03699
-0.02335
0.05282
0.01177
-0.05848
0.00175
-0.04305
0.00389
-0.01892
-0.05222
0.00729
-0.04138
-0.03881
0.03699
-0.01492
0.03143
0.06732
-0.04402
0.03944
-0.04689
0.01971
0.00432
0.03051
-0.00348
-0.05917
0.07098
0.01014
-0.00634
0.07530
-0.04739
0.03170
-0.00708
-0.04889
0.00153
0.03253
0.00401
0.07959
0.06860
-0.03160
-0.04728
0.09191
0.02492
0.00443
-0.05487
0.02303
0.03942
0.00937
0.08653
0.05575
-0.04593
0.00340
-0.05065
-0.00044
-0.05028
0.04748
-0.00773
0.01375
0.02146
0.05003
0.03388
-0.01762
0.00170
0.04855
-0.01736
0.10079
-0.04547
-0.02485
-0.00850
-0.05294
0.05787
0.09287
-0.01287
0.02444
0.02025
0.03540
-0.03247
0.00789
-0.00699
-0.00214
-0.02668
0.06917
-0.00339
-0.01465
0.04498
0.07378
0.03817
0.03918
-0.03736
0.00594
-0.02262
0.07457
0.09669
-0.01867
0.02384
-0.00624
0.03014
0.00065
0.00158
0.06897
-0.00419
0.06511
-0.01260
0.01188
-0.06656
0.00311
-0.02532
-0.02560
-0.00333
-0.06190
-0.07591
-0.00811
0.00240
0.00919
-0.06464
0.00861
-0.00721
-0.02764
-0.06797
0.04504
-0.01671
0.03737
-0.01394
0.06044
0.03577
0.00173
-0.04370
0.02343
-0.07129
0.07302
-0.06816
0.01311
0.00406
0.06137
-0.02014
0.04172
0.03064
-0.06463
0.02592
0.02080
-0.01890
0.07520
0.02744
-0.02490
-0.03025
0.04699
-0.06777
-0.02699
-0.04731
-0.01410
-0.05384
-0.03562
-0.06379
0.05065
-0.01032
-0.03359
0.01156
-0.04337
0.00362
0.01901
0.00311
-0.01921
0.06517
0.04168
-0.02695
-0.02092
-0.03383
-0.00245
0.00637
0.06280
-0.00780
0.04041
-0.01420
0.01294
-0.04400
-0.11647
0.02620
0.02744
0.06367
0.01767
-0.01058
-0.02227
-0.03546
0.00143
-0.06214
0.07228
-0.00305
-0.06174
0.00886
-0.04364
0.00109
0.03228
0.02267
-0.02291
-0.03834
-0.10023
-0.05855
-0.08234
0.05248
-0.04641
0.01569
-0.04180
-0.09757
0.02080
0.01757
-0.01406
-0.02313
-0.02568
0.04578
0.07851
-0.00274
0.01865
-0.03605
0.03402
0.00134
-0.02987
-0.04364
-0.00051
0.03201
-0.05316
0.04950
0.00662
0.07142
0.01762
0.00384
0.00602
0.06848
0.04158
0.03228
-0.00605
-0.00829
-0.01554
0.05124
-0.03493
-0.00264
0.04373
0.02511
-0.03123
0.01505
0.00993
0.02725
-0.02988
-0.03474
0.03433
-0.04934
-0.00115
-0.04938
0.01172
-0.01793
-0.07452
0.00015
-0.01523
0.00962
0.00941
-0.00767
-0.08108
-0.00402
-0.01543
0.06777
-0.00210
0.01800
-0.06338
-0.02857
-0.00398
0.01486
0.08658
-0.00031
0.03103
-0.04008
0.03067
0.07285
-0.00040
-0.07631
0.05858
-0.07787
-0.00649
-0.03074
0.02653
0.02864
0.02877
-0.02052
0.03233
0.02427
0.07399
0.02572
-0.01473
-0.02847
-0.00940
-0.04169
-0.02080
0.05127
0.02159
0.07038
-0.02344
-0.02391
0.03432
0.01236
0.01745
-0.03000
-0.01647
0.01033
-0.01670
-0.00959
0.00460
-0.02929
0.05560
-0.05149
-0.06400
-0.03043
-0.01214
0.01890
-0.05059
0.04770
-0.01278
-0.02351
-0.07317
-0.08546
0.09836
0.00742
0.01615
0.00239
0.02699
0.02618
0.06599
0.04597
0.05719
-0.01215
0.05478
0.01961
0.03016
0.01289
-0.08232
-0.02510
-0.01175
-0.01836
-0.00518
-0.03795
0.09289
-0.01326
-0.09115
-0.12933
-0.00627
0.01445
-0.01119
-0.00422
0.08008
-0.02084
-0.02627
0.06212
0.03166
-0.00827
-0.05652
0.01845
-0.01896
0.07173
-0.01642
0.01104
-0.01520
0.06913
-0.02277
0.02161
-0.00353
-0.01417
0.04392
0.03383
-0.00216
-0.00985
0.02753
-0.04929
0.04141
0.01342
-0.00009
-0.02152
0.01017
-0.06722
0.05959
0.00021
-0.01872
-0.04852
-0.13319
0.01200
0.03069
0.00986
0.01420
-0.03557
-0.00958
0.01258
0.01502
-0.02523
0.00892
-0.04155
-0.04490
-0.00991
-0.00325
0.05367
-0.02101
0.04995
0.02287
0.01129
0.01428
-0.01681
0.00355
-0.00715
-0.05867
-0.01550
0.09758
0.02431
-0.06944
-0.03941
0.01334
0.02001
0.01913
0.01479
-0.08045
-0.01293
0.04527
0.00423
0.01074
0.01780
-0.02894
-0.03919
0.06234
0.05079
-0.00385
-0.04404
0.05662
0.05786
-0.02239
-0.02833
-0.02999
-0.02697
-0.02809
0.08384
0.07128
-0.00887
0.00190
-0.01694
-0.03021
-0.04786
