0.03248
0.03417
-0.03595
0.05454
0.02168
0.01198
-0.00030
-0.00294
0.03816
-0.00586
-0.01752
-0.01997
-0.00345
-0.01076
0.01251
-0.01090
0.09413
0.12555
0.01955
0.03951
-0.02878
-0.01404
0.02255
0.00620
0.01217
0.01875
-0.01755
0.02607
0.07752
0.03839
0.03661
0.04253
-0.04498
-0.04387
0.06392
-0.08440
-0.01381
-0.11446
-0.02787
0.02503
-0.02277
-0.04657
-0.08108
-0.03993
-0.01406
-0.05763
-0.01623
0.01892
0.04005
0.00403
-0.04037
-0.06972
0.00473
0.02060
0.03018
-0.02966
-0.06816
0.01598
0.07257
0.04431
0.02047
0.03711
0.01456
0.07404
-0.02420
-0.02941
0.00030
-0.01564
0.00625
-0.03185
-0.05797
-0.00029
-0.02863
0.03723
0.03152
-0.04176
0.02061
-0.02600
0.08136
-0.02576
0.04386
-0.04785
-0.04052
0.03063
0.01676
-0.02886
0.00957
0.06568
0.03695
-0.03983
0.02407
-0.01754
0.08361
0.05014
0.01656
0.04490
-0.02936
0.00694
-0.02273
0.07716
0.02027
-0.00759
-0.01241
-0.01736
0.02072
-0.01567
-0.03404
-0.04243
0.06301
0.02994
0.05296
0.00149
-0.04601
-0.01272
-0.04246
0.00372
0.00485
-0.03510
-0.08914
0.08614
0.05822
0.02738
-0.01498
0.01242
-0.02454
-0.02776
0.03840
-0.07512
-0.03539
0.08498
-0.00969
-0.05641
0.03114
-0.04859
-0.01031
0.04223
-0.00205
-0.05695
0.09169
0.01092
0.01321
0.01966
-0.00914
0.02913
0.04917
-0.01786
-0.02860
0.00932
0.02841
-0.03839
0.01893
0.06179
0.10048
0.04829
0.03552
-0.10215
-0.04307
-0.03546
-0.03385
-0.06355
-0.01550
0.03390
0.00573
0.05860
0.04604
0.01185
-0.00339
0.07116
-0.03699
0.02187
-0.01751
-0.01302
0.01785
0.04194
-0.04778
-0.00812
-0.06990
0.08253
-0.00253
0.02563
-0.04522
0.00154
0.00224
-0.00005
0.04607
-0.01240
0.01711
-0.07432
-0.02932
0.01353
-0.02056
0.04790
0.04709
-0.04976
0.00807
-0.00837
-0.05973
-0.04144
0.13594
-0.05613
0.07041
-0.00071
0.04254
-0.00276
0.04498
-0.09519
0.00880
0.02444
-0.00102
0.05882
-0.07643
-0.04245
-0.02648
0.03267
-0.01539
0.07599
0.03957
0.04201
-0.06287
0.00457
0.03812
0.05560
0.02730
0.03247
-0.00631
0.00678
0.01304
0.00313
-0.00955
-0.00394
0.03865
-0.06948
0.00916
-0.05093
-0.02596
0.06153
-0.05783
0.07362
0.01655
-0.02495
-0.04932
-0.01991
0.04502
0.03081
0.05750
0.03758
0.01342
-0.06047
0.04097
0.03422
-0.00306
-0.00875
0.06137
0.03914
-0.06925
-0.05043
-0.01040
0.03208
0.03775
-0.03322
-0.04766
0.01706
0.06923
-0.06399
0.07107
-0.09886
-0.00732
0.06192
-0.05368
-0.08115
0.05051
-0.06150
0.03992
0.03875
-0.02157
0.01932
-0.04575
-0.00300
-0.01383
0.05700
-0.00089
0.02980
-0.08938
0.07537
0.00880
-0.02370
-0.03072
0.02773
-0.03407
0.01917
-0.05683
-0.01826
-0.02464
-0.01281
0.00495
0.04556
0.00625
-0.06726
-0.01504
-0.00922
0.05438
-0.00555
0.01545
0.05954
-0.02382
0.01407
0.03256
-0.00517
-0.05026
-0.03313
-0.05759
0.01134
0.03150
0.00133
0.02839
0.02425
0.00616
-0.04570
0.03227
-0.10499
-0.00747
-0.05552
0.02388
0.07367
-0.05310
-0.02280
-0.00877
0.03893
-0.05847
0.02128
-0.00025
0.04693
-0.02439
-0.03676
-0.00050
0.01807
0.03820
0.02216
-0.01455
-0.01533
0.05098
-0.02798
-0.04778
-0.02684
0.06158
0.00508
0.00627
0.03990
0.00396
0.03044
0.06020
-0.03187
-0.03390
0.03168
-0.01083
0.06148
0.06640
0.00940
0.06181
0.00289
-0.06460
0.03009
-0.02175
0.00674
0.00988
0.06370
-0.01382
-0.01526
-0.04347
0.07478
-0.03428
0.00695
-0.00577
0.05457
0.01147
0.05349
-0.02533
0.08072
0.02697
-0.00284
-0.01983
0.05894
-0.00038
0.07294
0.07444
-0.01881
-0.07075
0.03220
-0.04959
0.04480
-0.00835
0.00799
-0.03823
-0.00120
-0.01407
-0.00395
-0.03160
0.00154
-0.01468
-0.05680
-0.00656
-0.05235
-0.00816
0.08133
-0.00527
-0.05202
-0.01946
-0.00393
0.04307
-0.00144
0.09013
0.01235
0.00863
-0.05359
-0.03293
0.00284
0.04801
0.02468
0.00647
0.01040
0.04521
-0.03513
-0.00614
0.05611
0.03054
0.05427
0.01105
0.01598
-0.07564
-0.00839
-0.02091
0.00191
-0.00170
-0.03121
0.00839
0.05698
-0.03524
-0.07336
-0.01563
0.03978
-0.00398
-0.00067
-0.06231
0.02406
0.00168
-0.01244
-0.03522
0.02127
0.00569
0.01485
0.07397
-0.05279
-0.00341
0.02907
0.04752
-0.02873
-0.11440
-0.00466
0.04141
0.07439
-0.01677
0.06967
-0.02909
0.04924
-0.01529
0.03151
0.06136
-0.10914
0.05868
0.02143
-0.03186
-0.02712
-0.00314
-0.01465
0.05796
0.04763
-0.07675
-0.06040
0.04216
0.04380
0.04144
0.02309
0.00338
0.07621
-0.00859
-0.05527
-0.07634
0.04004
0.03964
-0.05469
-0.01618
-0.02319
-0.08422
0.02643
0.03977
-0.04214
-0.01398
0.04171
-0.05108
-0.01903
0.03824
-0.01356
-0.00053
-0.03915
-0.02254
-0.03502
-0.05294
0.02585
0.02560
-0.05914
0.00562
0.00724
