0.02999
0.00564
-0.06552
-0.00060
0.00529
0.05184
0.01594
0.03404
-0.02975
-0.02633
-0.00156
0.01885
0.00709
-0.00047
0.00058
0.03668
0.02984
-0.03817
-0.00573
-0.04190
-0.00921
-0.07683
-0.03685
-0.00156
0.02750
-0.01931
0.02852
0.01532
0.04018
0.04390
0.04187
-0.03798
0.02821
0.05542
-0.07168
-0.04146
-0.01140
-0.02843
0.00580
0.00122
-0.05163
-0.00447
0.01005
0.01543
0.06556
0.04763
0.01385
0.00135
0.03587
0.01074
0.00656
0.03902
0.04540
-0.04602
-0.03735
0.01072
0.00174
-0.00897
-0.01502
0.05408
-0.03389
0.02142
-0.03046
-0.00726
-0.03510
0.01287
-0.02691
0.02114
-0.01622
-0.04487
-0.04547
0.00109
-0.01333
0.04536
0.01032
0.03259
-0.00029
-0.02961
-0.05515
0.03582
-0.05260
-0.03183
0.02806
0.01071
0.03251
-0.06285
-0.03108
0.00960
0.00774
-0.00024
-0.00381
-0.05288
0.01783
-0.03408
0.04699
0.02474
-0.00802
0.01775
0.02613
0.02486
0.02524
0.03540
0.03749
0.01273
0.00621
-0.00119
-0.05400
-0.00979
0.02892
-0.06044
0.04308
0.02181
-0.03571
-0.06575
0.04226
0.04321
0.00020
-0.06390
0.07304
0.01698
0.03488
0.08151
0.03691
-0.05731
0.00581
-0.04457
0.00530
-0.04446
0.04258
-0.03598
-0.01930
0.08235
0.00578
0.02182
-0.05139
-0.05630
0.01334
-0.03612
0.02190
0.00276
0.02683
-0.00367
-0.07400
-0.05384
0.08952
-0.03955
-0.00628
-0.01501
-0.00358
-0.01672
0.01378
0.01436
0.02291
0.05167
-0.00139
0.01947
-0.01868
0.00704
0.06767
-0.04792
0.05365
0.02803
-0.00190
-0.01993
0.07010
0.04932
0.04234
0.05555
-0.06338
0.05243
0.03663
0.09517
0.03340
-0.05553
0.07097
-0.01261
-0.00354
-0.06667
0.00009
-0.01788
0.01523
0.00523
-0.06269
-0.02355
0.01197
-0.01355
-0.01637
-0.01509
-0.00395
0.01996
-0.03992
-0.03493
0.04231
-0.07986
-0.00553
-0.04983
0.05840
0.02072
-0.03828
-0.00530
0.00950
-0.02261
0.06271
-0.02831
0.03132
0.01830
-0.02463
-0.07289
-0.04135
0.06452
0.00094
-0.00130
0.01535
-0.02321
0.08167
0.03364
-0.02825
-0.00959
0.06906
-0.07851
-0.04027
-0.07956
-0.03139
-0.06143
-0.01689
-0.03998
0.06621
0.02915
-0.02150
0.02245
0.01088
-0.02180
-0.01719
-0.00401
0.03896
-0.03198
0.03818
-0.03460
0.01442
-0.02506
0.06320
0.01662
0.05680
-0.07180
0.05569
0.03584
-0.01226
0.01271
-0.07067
-0.00022
-0.01549
0.03895
0.05814
0.01250
0.00949
-0.01607
0.03623
0.01103
0.09204
0.03050
-0.04950
-0.02758
0.01210
-0.04356
0.00753
-0.03679
0.00309
0.00083
-0.02605
-0.05748
-0.01864
0.06279
0.00260
0.02473
-0.00178
-0.04051
0.00753
0.07572
-0.05895
-0.03985
-0.03413
-0.00035
0.05215
-0.00373
-0.02748
-0.06056
0.04594
-0.01739
-0.07928
-0.04626
-0.01296
-0.00629
-0.07053
-0.00057
0.01432
0.01263
-0.02619
0.02277
0.03987
0.01864
0.07565
-0.07882
-0.00818
-0.03520
0.00832
0.03509
-0.00825
0.01203
0.02853
0.02926
-0.07077
-0.04616
-0.01669
0.00525
-0.02166
-0.01667
-0.04704
-0.01707
0.02941
0.00399
0.01257
-0.02133
-0.07184
-0.06222
-0.02556
0.01950
-0.00412
-0.00270
-0.02510
-0.00643
0.03787
0.01727
-0.02381
0.04696
-0.03900
-0.00435
-0.01170
-0.02015
0.02131
0.03790
0.02123
-0.02330
0.06768
0.02343
0.00090
-0.04254
0.03801
-0.03132
0.02211
-0.00775
-0.01541
-0.00908
0.02625
-0.01031
0.05586
-0.00985
0.03675
0.01356
-0.07923
-0.01866
-0.05695
-0.09454
-0.01626
-0.04139
-0.04348
0.02264
-0.02714
-0.03573
0.01143
0.03018
0.03565
0.02179
-0.02905
-0.04353
0.01529
0.00075
0.02299
-0.01778
0.01079
0.00375
-0.10178
-0.07346
-0.08574
-0.01984
-0.04732
0.00449
0.02684
-0.00132
-0.02169
-0.03122
-0.00743
0.09107
0.01036
0.02289
0.01559
0.04396
0.06702
0.04907
0.09620
-0.01545
0.06615
0.03192
0.05001
-0.02317
-0.06830
-0.02280
-0.00261
-0.02296
-0.06770
-0.00529
0.04612
-0.02044
-0.02164
-0.01697
-0.01628
-0.06357
0.02956
0.02322
0.06210
0.00107
0.01417
0.05015
0.00034
-0.01194
-0.01609
0.04098
-0.03028
0.07650
0.02931
-0.00757
0.02958
0.00861
-0.08515
0.00362
0.01662
-0.01816
0.01460
0.02121
0.03357
-0.02858
-0.03226
-0.00573
0.00781
-0.00130
-0.02061
0.04841
-0.00193
-0.02501
0.03555
-0.04267
0.01377
-0.01174
0.00693
-0.00888
-0.00348
-0.01831
0.02518
0.02265
0.03084
0.05055
-0.02412
-0.00981
-0.02039
-0.03493
0.03792
-0.03631
-0.01234
-0.00727
0.01166
0.01107
0.00577
-0.02516
0.01259
-0.00101
-0.04328
0.01549
0.03256
-0.04381
0.07635
-0.00146
0.01402
0.01209
-0.01139
-0.03078
-0.03474
0.00807
-0.08694
0.02382
0.00885
0.00995
-0.03690
0.04850
0.00006
-0.00105
0.07894
0.04178
-0.04004
-0.04138
0.07414
0.02363
-0.01189
-0.00622
-0.00749
-0.03958
-0.00245
0.04470
0.05128
0.02782
0.01201
0.01321
0.02815
-0.05097
