0.04774
0.06317
0.04341
0.01513
-0.00069
0.00985
-0.00474
-0.04310
0.00451
0.05241
0.07009
-0.02022
0.00742
0.02214
-0.02534
-0.02627
0.06430
0.03194
-0.01815
0.01671
0.01007
-0.00108
0.07874
-0.01576
-0.00567
0.02923
0.01630
-0.02539
0.04236
0.01377
0.03868
0.07807
0.02472
0.04527
-0.00206
-0.06790
-0.01295
-0.08327
-0.00408
-0.00267
-0.03781
-0.05897
0.01669
0.07819
-0.04145
-0.00553
0.00591
0.04207
-0.02997
0.00715
-0.00895
-0.07473
0.02850
0.04089
0.06747
-0.03640
-0.02879
0.00029
-0.00827
0.01740
-0.00050
0.05714
-0.05663
0.03371
0.03544
-0.05600
-0.04301
-0.00918
0.02911
0.02180
0.04262
0.05761
-0.03018
0.06451
-0.03244
0.02517
-0.00454
-0.00496
-0.00810
0.00923
0.07161
-0.03697
-0.04775
0.01616
0.05572
0.03104
-0.03535
0.00614
0.03193
-0.02614
0.00192
-0.03831
0.00847
0.02917
0.06655
0.03174
-0.04446
0.08191
0.02587
0.03181
0.03411
0.06477
-0.02469
0.02541
0.03915
0.03217
0.00002
-0.04898
-0.01004
-0.01096
0.04434
-0.01673
0.00557
-0.09963
-0.09238
0.04538
-0.00220
-0.02217
0.01784
0.07369
0.08541
0.03831
-0.03008
-0.02719
-0.07026
-0.03428
0.08659
-0.07942
0.05140
-0.00865
0.02495
0.05516
-0.04076
0.04085
-0.03405
-0.02647
-0.05401
-0.11421
0.01015
0.03153
-0.02993
0.03083
-0.04194
-0.06082
-0.02760
0.00454
0.03586
-0.01378
-0.01896
-0.05270
0.06009
0.02449
-0.00090
0.09485
-0.00422
0.02057
-0.15608
-0.00317
-0.00216
-0.11850
0.03711
0.07905
-0.00583
0.03925
0.05090
-0.02213
0.00157
0.04194
-0.07495
0.01295
-0.04740
-0.03274
-0.05343
0.00999
0.01255
0.03775
-0.07080
0.07396
0.01894
-0.01295
0.03754
-0.00652
0.00334
0.02687
0.07004
-0.01407
0.08283
0.01786
0.00997
0.05587
0.02047
0.04771
0.01696
-0.06049
0.02495
-0.01462
-0.08638
-0.01835
0.06133
0.00973
0.10427
-0.00803
0.06579
0.00225
0.03246
0.01352
0.01419
-0.01191
0.00362
0.00951
-0.03259
-0.01289
0.01428
0.01984
-0.02061
-0.00012
0.09641
-0.00992
-0.02977
0.03499
-0.02270
-0.03449
0.06416
0.01878
-0.03637
-0.00833
0.00939
0.04957
-0.00504
-0.04730
0.03413
-0.02169
-0.03827
0.01659
-0.02886
-0.04643
-0.04023
0.03051
0.03787
0.04640
0.01525
0.01307
-0.02324
0.03702
0.02949
0.04027
-0.03568
-0.00850
-0.00676
0.04328
-0.00215
-0.00524
0.09253
-0.01653
-0.09519
-0.00161
-0.01026
0.03887
0.05001
-0.01108
-0.04972
-0.04585
0.08157
-0.00693
-0.00597
-0.04728
0.01563
0.04878
0.03964
-0.06612
0.12373
0.00410
0.07483
0.05267
-0.01151
0.09067
0.00171
0.09204
-0.03383
-0.00375
0.00323
0.02535
-0.04149
0.00973
0.02360
-0.07638
0.01058
-0.03100
-0.02333
0.00305
-0.01687
-0.03397
-0.07589
0.02040
-0.00909
-0.02676
-0.05876
-0.05342
-0.01445
-0.04014
0.02229
-0.01293
-0.03807
0.00822
0.07084
-0.00075
-0.02060
0.04784
-0.02778
0.00762
-0.05503
0.00802
0.02707
0.04668
0.04377
0.01055
-0.04321
0.03315
0.06116
-0.00635
-0.03474
-0.02645
0.01302
0.03937
-0.05967
0.03523
-0.02819
0.07852
0.01218
-0.04343
0.02123
0.02142
-0.06045
0.03058
0.03076
0.02658
0.02916
-0.04467
-0.03439
-0.00029
0.02297
0.00721
-0.03170
-0.05286
0.04906
0.01370
-0.01655
0.00155
0.02988
0.00559
0.06103
-0.01671
0.01024
0.00955
0.03217
0.02856
0.00348
-0.00776
0.00073
0.02627
-0.06755
-0.09497
-0.00671
-0.03470
0.02263
0.01934
-0.03946
-0.04385
-0.01631
0.04375
-0.04519
-0.04033
-0.04250
0.01101
0.06880
0.07919
-0.00502
0.05498
0.02650
0.06107
0.01665
-0.05164
-0.05581
0.02675
0.00514
-0.00996
-0.00306
0.10458
-0.00906
0.02271
-0.05414
0.01627
-0.01549
0.07408
0.02556
-0.03962
-0.02755
0.05864
0.04367
-0.11530
-0.00589
-0.00486
0.11860
0.00252
0.02969
-0.04749
-0.03161
-0.00344
0.01378
-0.01775
0.08631
-0.04096
-0.00351
-0.00848
-0.01517
-0.02820
0.06181
0.02794
0.03130
-0.02230
0.04030
0.00503
-0.01311
0.04667
-0.00239
0.05096
-0.02519
0.00887
0.02349
-0.00967
0.00607
0.02626
-0.05742
0.00682
0.05610
0.05094
-0.05399
-0.06192
-0.01510
-0.01201
-0.05378
-0.02219
-0.02890
0.00900
-0.00094
0.00378
-0.02730
0.05160
0.00365
-0.01679
0.02243
-0.00459
0.02678
-0.03667
0.01618
0.02043
-0.08431
0.05122
0.05319
0.04957
0.02360
0.05443
-0.00648
0.05722
0.01698
-0.03602
0.00126
-0.06776
0.04817
0.02507
0.05347
-0.04145
0.00150
-0.03461
-0.06163
-0.01572
0.05501
-0.01213
-0.01354
0.03578
0.07608
0.04458
-0.04453
0.05122
-0.09311
-0.05528
-0.01874
0.15556
0.02082
-0.07806
0.00958
-0.05106
-0.01818
-0.00222
0.02352
-0.04393
-0.03238
0.02695
0.03839
-0.06334
-0.01642
-0.04540
0.03447
-0.00863
-0.02906
0.01025
-0.03649
0.03481
-0.00215
-0.05005
0.04187
-0.00424
