-0.00551
0.06613
0.01533
0.00189
0.01340
-0.06121
-0.07095
0.00670
0.03634
-0.08444
0.02052
-0.06675
-0.04437
0.00359
0.02297
-0.01896
-0.01756
0.03359
-0.01436
0.04756
0.02378
0.03349
-0.04441
-0.03358
-0.01113
-0.01374
0.04816
0.01626
0.07931
0.01175
0.01154
0.01511
0.03549
-0.01137
0.04570
-0.03203
-0.01022
-0.05456
0.09663
0.02774
-0.04194
-0.07982
-0.03930
-0.00862
0.04040
-0.00439
-0.04215
-0.00484
0.07722
0.06706
0.03880
-0.00634
-0.07863
-0.02005
0.07274
0.04210
-0.01465
-0.03218
0.05297
-0.01520
0.02009
-0.01572
0.01022
-0.00680
-0.01555
0.03068
-0.04347
0.04577
-0.01597
-0.08563
-0.01830
0.02456
-0.03761
0.00282
0.04595
-0.03518
0.04290
-0.06942
-0.05166
-0.00316
-0.01717
-0.00159
0.05045
-0.01939
0.00060
-0.07906
0.04797
-0.01079
0.05896
0.06691
-0.01185
-0.04357
0.09532
0.00091
-0.10936
0.02054
-0.05712
0.04376
-0.02539
-0.03083
0.02297
0.01824
0.06954
-0.03097
-0.02977
-0.01371
0.01728
-0.02606
-0.01572
-0.00252
0.01380
-0.00849
0.00002
0.09419
0.03156
0.02524
0.02295
0.02426
0.00375
-0.00820
0.00542
0.04027
-0.00481
0.09321
-0.00132
-0.00647
0.00369
-0.06411
0.00103
0.04967
0.01026
-0.01444
-0.04601
-0.04744
0.02725
-0.02764
-0.02262
-0.00870
-0.01083
0.00265
0.04978
0.03357
-0.09671
-0.04840
0.10035
0.04957
0.01905
-0.01198
-0.00426
-0.01145
0.02351
0.05155
0.02450
-0.02949
-0.01405
-0.06077
0.03290
-0.05872
0.01094
0.00143
-0.00906
-0.08428
-0.02912
-0.01505
0.00993
-0.04770
0.08737
0.06105
-0.05189
-0.00953
0.01237
0.07153
0.02037
-0.03347
-0.02468
-0.06015
-0.05777
-0.03147
-0.00756
0.07190
0.11567
-0.01964
-0.05174
-0.02576
0.02385
0.02837
-0.07778
-0.03301
-0.06590
0.05680
-0.02074
0.03636
0.01189
0.02489
-0.00358
-0.04929
-0.04099
-0.03220
0.00970
-0.05406
-0.04533
-0.02733
0.01237
0.04727
0.02012
-0.08390
-0.00333
-0.01540
-0.03413
0.10000
0.06699
-0.04526
-0.00713
0.00708
-0.07077
0.03041
-0.06159
-0.00916
0.02279
-0.05319
0.02498
0.05321
-0.00346
0.03017
0.00614
0.07168
0.00325
0.01719
0.03616
0.05377
-0.00679
-0.13978
0.00113
0.02797
0.01075
0.05142
-0.09630
0.02539
0.03113
0.04976
-0.02433
0.01408
0.07417
-0.06120
0.01372
0.01731
-0.09266
-0.01556
0.07511
-0.06179
-0.04297
0.00243
-0.09412
-0.04060
0.05443
-0.05241
0.07097
0.03639
0.04837
-0.03640
-0.04218
-0.00400
0.02852
-0.01387
0.06290
-0.03094
0.02949
-0.00778
-0.03968
-0.01431
-0.02314
0.02142
0.02947
-0.00316
0.06248
0.05256
0.02303
-0.00342
0.00711
0.00982
-0.02571
-0.02096
-0.01338
-0.00287
0.04693
-0.00903
-0.01682
0.02050
-0.02359
0.02344
-0.05386
0.02207
-0.03759
-0.09557
-0.05750
0.05992
-0.03652
-0.05998
0.04342
0.01198
-0.03912
0.00355
-0.00458
-0.01329
-0.04431
-0.05768
0.12469
0.02519
-0.08998
-0.00086
-0.02063
-0.01487
0.05040
-0.05237
-0.01835
-0.00038
-0.02471
-0.07628
0.02283
0.04485
0.01115
-0.01657
0.00246
0.01755
0.06187
-0.09053
0.07637
0.01667
-0.01084
0.02591
-0.01890
-0.05602
0.01679
0.04975
-0.03213
-0.00304
-0.05364
-0.04587
0.03576
-0.04281
0.02846
0.01591
-0.02118
0.05101
0.04562
0.08632
-0.00504
0.03086
-0.01304
0.04555
0.00690
-0.10537
0.00395
0.04421
0.01174
0.02008
-0.01011
0.00031
-0.05165
-0.02209
-0.02409
-0.01082
-0.00175
0.02869
0.03712
-0.08894
-0.00087
-0.01618
-0.09287
0.00580
0.00276
-0.04246
-0.04838
-0.08474
-0.04006
0.01071
-0.03763
0.00077
-0.08021
0.00293
-0.06417
0.01385
-0.00458
0.02272
-0.00506
-0.04521
-0.07020
0.01120
-0.05904
0.01084
-0.01913
-0.01838
-0.06412
-0.08261
0.02605
-0.00087
0.08257
0.00372
-0.04881
0.00883
0.03488
-0.02545
-0.03723
0.00389
-0.03815
0.00272
-0.07475
-0.05347
0.00027
0.02342
-0.05514
0.02177
-0.00267
0.02821
0.01047
-0.01757
0.02104
0.11662
-0.00107
0.02618
-0.02566
0.00029
-0.00896
-0.05119
0.00295
-0.02439
-0.03704
-0.00144
-0.03587
-0.03464
-0.00824
-0.04426
-0.03504
-0.01657
-0.07618
-0.01994
0.05717
-0.05326
0.00914
0.05832
0.07613
0.03987
-0.08568
-0.05329
-0.04451
0.06989
0.03595
-0.06757
0.01199
0.02588
0.08046
0.04351
-0.01339
0.09373
-0.03179
-0.03997
-0.03194
-0.05070
0.00586
0.11423
-0.05921
-0.08252
-0.03523
-0.02463
-0.02246
0.02998
-0.00113
-0.03394
0.07560
0.01065
-0.04856
0.10399
0.06707
-0.04900
0.04020
-0.01156
-0.07113
-0.04742
-0.00164
-0.02595
-0.00740
0.05141
0.01633
0.07620
-0.00215
-0.01719
0.02164
0.00946
0.00778
-0.01765
-0.02213
0.01181
-0.00164
-0.02199
-0.00893
0.03887
0.01052
-0.01591
-0.02950
-0.04246
0.02323
0.01901
-0.02841
-0.05410
0.06044
0.03924
0.00978
-0.03223
-0.03762
-0.00757
0.09615
-0.02846
