-0.01286
0.07332
0.01095
-0.03445
0.01221
-0.10884
0.00511
-0.05325
0.05517
-0.02133
-0.00688
-0.08023
-0.07813
-0.01583
0.06530
0.01164
-0.01250
-0.01425
-0.00974
0.11060
-0.00308
0.00755
-0.04474
0.00003
-0.00204
-0.04039
0.01934
-0.03356
0.01315
-0.01386
-0.03327
0.03862
-0.03881
0.03974
0.05818
-0.03470
0.04541
-0.03250
0.06639
0.04308
0.01451
-0.06885
-0.06350
0.00276
-0.01603
-0.00773
-0.00236
-0.00177
0.07044
0.09373
0.08155
-0.02301
-0.12350
-0.04960
0.06418
-0.00263
-0.07060
-0.04648
0.06219
0.00629
-0.02175
-0.01004
0.03146
-0.02149
0.00320
-0.01080
-0.03391
0.02413
-0.01480
-0.08068
-0.00948
0.01343
-0.05678
0.00024
0.03025
-0.03114
0.05779
-0.06676
0.02580
-0.00816
-0.00026
-0.00031
-0.01198
-0.04305
-0.01943
-0.03830
0.04316
-0.02669
0.03691
0.06147
-0.01981
-0.01514
0.05688
-0.01531
-0.12236
-0.03925
-0.04179
0.04474
-0.01127
-0.05912
0.02138
0.02898
0.01354
-0.05183
-0.03061
-0.01285
0.01503
-0.00712
-0.02100
-0.00266
-0.00663
-0.10077
0.04788
0.12507
0.01848
0.03547
0.05569
0.00187
-0.03855
-0.01683
0.00573
0.05460
0.03767
0.08708
0.04257
-0.02446
0.00450
-0.04756
-0.03728
0.09013
-0.01339
-0.05507
-0.02800
-0.07359
0.04109
-0.05895
-0.04542
-0.01276
0.00387
0.02115
0.09414
0.02902
-0.02903
0.01592
0.05912
0.06701
0.01291
0.04009
0.01192
-0.00895
-0.01037
0.04855
0.05229
-0.04522
-0.05187
-0.08217
0.06118
-0.03016
-0.02801
0.02291
-0.00099
-0.07842
-0.03146
-0.00774
-0.01262
-0.02961
0.03983
0.03377
-0.00816
-0.06552
0.01718
0.04493
0.03425
0.00794
-0.03630
-0.04251
-0.03950
-0.02070
0.01378
0.06570
0.08020
-0.01377
0.01580
-0.00980
-0.02472
0.02490
-0.04496
-0.01241
-0.07015
0.06503
0.00296
0.04828
0.03212
0.06331
0.01224
-0.03733
-0.01001
-0.02445
0.03013
-0.06854
-0.06242
-0.08647
0.03933
0.05822
0.06933
-0.07896
0.05970
0.06274
-0.01753
0.08445
0.00774
-0.04389
-0.03091
-0.03921
-0.05764
-0.00419
-0.00684
-0.04345
-0.01265
0.03552
0.04221
0.07437
0.01921
0.01533
0.03122
0.10282
0.01506
0.02257
0.01167
0.09532
-0.03308
-0.11673
-0.03496
0.03096
-0.00209
0.07208
-0.09188
0.01526
-0.00157
0.02992
0.00931
-0.00693
0.02611
-0.01412
0.00229
0.01691
-0.07576
0.00432
0.10198
-0.07050
-0.02774
0.05092
-0.07191
-0.06961
-0.01882
-0.06658
0.00585
0.00489
-0.04049
-0.03632
-0.01914
0.01466
0.00322
-0.00537
0.05722
0.03099
0.00134
-0.00881
-0.01176
-0.03504
-0.02177
0.00012
-0.02803
0.01005
-0.02890
0.03661
-0.04246
-0.03526
0.04702
0.04829
-0.05688
-0.00626
0.01066
0.02833
0.06021
-0.03295
-0.02763
0.02035
-0.00574
0.04971
-0.08308
0.06976
0.01596
-0.07669
-0.01708
0.04827
-0.05575
-0.05092
0.03856
-0.01467
-0.06118
0.01955
-0.06370
0.00215
-0.02896
-0.05056
0.10797
0.01131
-0.04436
0.01302
0.02429
0.00873
0.01669
-0.10503
-0.00597
-0.06283
-0.01474
-0.03638
-0.00076
-0.01856
0.00667
0.02933
0.02363
0.04852
0.04153
-0.06048
0.03038
0.02528
-0.04895
0.05414
-0.07645
-0.02876
0.00691
0.01891
-0.04027
-0.01680
-0.03149
-0.02988
0.05501
0.00414
-0.00163
0.01361
-0.08429
0.03121
0.04250
0.08726
-0.01623
0.03122
-0.03612
0.04615
0.01011
-0.06946
-0.00054
0.02507
-0.02362
0.03189
-0.01582
-0.00518
-0.03312
-0.02924
0.02780
0.01477
-0.01419
0.00834
0.02454
-0.07212
-0.01160
-0.01109
-0.07674
0.00567
-0.04139
-0.01454
-0.03533
-0.02914
-0.04058
-0.00433
-0.05719
-0.01626
-0.06213
0.02519
-0.02948
0.03174
-0.00681
0.02784
0.03890
-0.01133
-0.05321
0.08651
-0.05143
0.01995
-0.02852
-0.01763
-0.06327
-0.03849
0.00045
-0.07416
0.01207
-0.05009
-0.07825
-0.01213
0.03712
-0.05270
-0.02472
0.02464
-0.04758
-0.04540
-0.02424
-0.05517
0.01571
0.01245
-0.09615
-0.02314
-0.02042
0.03875
-0.02854
0.02974
-0.02344
0.07043
-0.03164
0.00678
-0.03549
-0.02035
-0.01789
0.00710
0.03495
-0.02771
-0.01104
-0.01997
-0.05776
-0.00509
-0.01967
-0.08257
0.04149
-0.05373
-0.04889
0.00340
0.01730
-0.05409
-0.04003
0.07245
0.00232
0.01694
-0.00184
0.00759
-0.01025
0.03023
0.11680
-0.07657
0.03239
0.02813
0.04554
0.01993
-0.00348
0.06160
-0.04691
-0.00756
-0.01510
-0.04173
-0.01460
0.05294
0.00575
-0.05082
0.01199
-0.02746
-0.10959
0.00995
0.01933
0.00379
0.08570
0.00335
-0.00238
0.11463
0.02272
0.00115
0.06235
0.02712
-0.05460
0.01155
-0.01763
-0.00807
-0.03145
0.05325
0.02083
0.08994
0.08029
0.00034
0.02741
-0.01440
0.04322
0.00160
-0.01784
-0.03767
-0.00994
-0.00302
-0.04395
0.04414
0.03378
-0.00081
-0.01189
-0.03880
0.05073
-0.00136
-0.02115
-0.00279
0.04031
0.01471
-0.05946
-0.00754
-0.01983
0.00023
0.06750
0.01014
