-0.01943
-0.03920
-0.10345
-0.04222
0.03240
0.02060
0.04548
0.01959
-0.01316
-0.01950
-0.01315
0.04979
0.03248
-0.01041
0.00854
0.03596
0.02790
0.00233
-0.02229
-0.04712
-0.05136
-0.03553
0.03503
-0.06770
-0.00574
-0.04078
-0.01038
-0.07533
0.04268
-0.00806
0.01264
0.01731
-0.00987
0.03235
-0.08730
0.00558
0.07080
-0.02311
-0.05574
0.03384
-0.05783
0.00289
-0.02630
0.04587
0.09126
-0.00901
0.07051
0.01883
-0.04857
-0.02463
-0.04090
0.02556
0.03452
-0.02147
-0.08171
0.03465
-0.04327
0.04423
-0.01469
0.00252
0.00263
0.02020
-0.07350
-0.02382
-0.05144
0.03955
-0.04545
0.05969
-0.04655
-0.03453
-0.05171
-0.05919
0.05558
0.01922
0.03095
-0.04183
0.00038
0.01154
-0.06612
-0.04224
-0.04969
0.03433
0.00878
-0.02795
-0.03185
-0.02695
-0.08380
0.06356
-0.03683
0.00869
0.04147
-0.01776
0.03805
-0.04531
0.00861
-0.00986
-0.01220
0.03150
-0.04410
-0.01107
0.01797
0.01397
0.03637
-0.05790
0.00080
-0.02052
-0.04053
-0.09360
-0.05803
-0.08617
0.03408
0.05028
-0.04952
-0.01036
0.09808
0.05989
0.04205
-0.03837
0.05379
0.00625
0.00347
0.01980
0.08930
0.00472
-0.01870
-0.06389
-0.01823
-0.01246
0.06496
-0.05733
0.00379
0.03460
0.02189
-0.00825
-0.03641
-0.07024
0.00648
-0.07629
0.03376
-0.04313
-0.05783
0.01978
-0.09417
0.04014
0.06516
-0.05402
0.00301
-0.03820
0.06351
0.03043
-0.00146
-0.02076
-0.01951
0.01101
0.08531
0.01107
-0.02134
0.00588
0.09493
-0.04704
0.06432
0.01473
-0.01205
-0.04837
0.07636
0.04315
-0.02331
0.03361
0.01337
0.02776
-0.02630
0.01441
-0.00415
-0.01573
0.00181
-0.02969
0.00673
-0.01919
0.00568
-0.00063
0.03669
-0.00208
-0.04482
-0.01260
0.03090
0.00513
-0.01228
-0.01728
0.01824
0.02347
-0.02956
-0.06990
0.01816
0.03052
0.01380
-0.03850
0.05593
0.05020
-0.00184
0.02440
0.01607
-0.10375
0.03150
-0.04425
-0.02273
0.01422
0.03804
-0.05489
0.03734
0.04242
-0.02403
0.02105
-0.00698
0.01170
0.03434
0.02751
-0.03757
-0.01590
0.01868
-0.04261
-0.05996
-0.03927
0.01386
-0.08719
0.02170
-0.03607
0.02021
0.03228
-0.00983
0.05256
-0.06106
0.00269
0.01743
0.01280
0.01590
0.01237
0.04423
-0.10000
0.04745
-0.04066
0.04215
-0.01056
0.04847
-0.02940
-0.00781
-0.01654
-0.03870
-0.02204
-0.08181
0.01826
0.05227
0.06789
0.00802
-0.03760
-0.02050
-0.06853
0.03490
-0.00954
0.07191
-0.00979
-0.02841
-0.01993
-0.07684
0.04614
-0.01455
0.01708
0.03331
-0.08669
-0.05332
-0.04876
-0.05405
0.02786
-0.02878
-0.01058
-0.01989
-0.05892
0.01353
0.07968
-0.00367
-0.00834
0.01404
0.04065
0.04703
-0.00309
0.01424
-0.02340
0.03679
-0.03262
0.00269
-0.05997
-0.01872
0.03577
-0.04696
0.01830
-0.00993
0.05191
0.02042
0.04558
0.04673
0.06566
0.05264
0.04815
-0.02367
0.01924
0.00654
-0.01007
-0.00870
-0.05025
-0.01000
0.03050
-0.02563
0.00305
0.00529
-0.03116
0.00828
-0.00265
0.00405
0.01481
0.03215
-0.00140
0.02517
-0.04171
-0.06022
0.03769
-0.01697
0.00346
0.02944
0.02081
-0.02846
0.02366
-0.00633
0.01948
0.00154
0.02394
-0.09853
-0.03844
0.01038
-0.04714
0.11739
0.01823
0.01368
-0.02627
0.01511
0.03876
0.01304
-0.01054
0.01185
-0.05708
0.03346
0.01729
0.05335
0.00965
0.03552
-0.04224
0.05494
0.02232
0.03429
-0.00756
-0.04629
-0.01407
-0.02683
-0.13942
-0.05716
0.00105
0.02642
0.04135
0.05809
-0.00800
0.02534
-0.01526
-0.02138
0.00001
-0.00365
-0.01773
0.01955
0.03044
0.02293
-0.03407
0.00177
-0.05811
-0.08813
-0.07811
-0.00390
-0.02366
-0.05623
0.04030
-0.03461
-0.02481
-0.00481
-0.06417
0.00700
0.05576
0.02910
0.00811
0.01471
0.07290
0.09570
0.04510
0.02573
-0.00951
-0.00312
0.01773
0.02731
0.00817
-0.04746
-0.02579
-0.02059
-0.00472
-0.01814
0.00667
0.08006
-0.01102
-0.05525
-0.02563
-0.03759
0.06103
0.01166
-0.00443
0.03730
-0.04029
-0.04754
0.07289
0.01243
0.01488
-0.06794
0.04489
-0.00832
0.05393
-0.02585
0.03686
-0.03038
0.05061
-0.06330
0.00726
-0.03766
-0.02585
0.04724
0.02962
0.01697
0.00837
0.00848
0.00207
0.02026
-0.01162
0.02284
0.00223
-0.02443
-0.05089
0.06412
-0.02958
0.02428
0.04908
-0.06346
-0.03215
0.00286
0.01034
-0.00974
0.06635
0.05324
0.02705
0.02750
-0.02231
0.00932
-0.05079
-0.01269
-0.02583
-0.04651
0.05855
0.01838
0.05934
-0.01483
0.02878
-0.00205
0.01318
-0.01191
-0.03977
-0.00546
-0.03969
0.05842
0.00848
0.00588
-0.02276
-0.01741
-0.00997
0.04648
0.01801
-0.05669
-0.03353
0.06534
-0.02431
-0.00309
-0.01893
-0.04668
-0.02868
0.07010
-0.01934
-0.01154
0.02647
0.09145
0.04743
-0.08904
-0.01689
-0.03992
0.02470
-0.04462
0.07388
0.06319
-0.01218
0.00313
-0.03087
0.00799
0.00095
