0.02310
-0.05852
-0.06020
-0.00406
0.01238
0.00027
0.03276
0.03691
-0.01570
-0.01034
0.06262
0.04549
0.01710
0.02627
0.04330
-0.07107
-0.03546
-0.02893
-0.01355
-0.07544
-0.05679
0.06324
0.04525
-0.05895
-0.02115
-0.04839
-0.03761
-0.03954
0.09830
-0.08743
0.02316
0.01010
0.09029
-0.02723
-0.02533
0.04238
-0.02590
0.05329
0.01590
-0.02235
0.00652
-0.05834
0.00634
-0.03287
0.06126
0.01489
0.00261
-0.02408
-0.04369
-0.03140
0.03180
-0.03238
-0.00644
-0.00577
-0.03248
0.04101
-0.00715
0.02248
-0.03170
-0.01707
-0.04231
0.02489
-0.06098
0.02636
-0.00106
-0.01578
0.02094
-0.02183
-0.03108
-0.00950
0.02865
0.03815
0.00527
-0.01053
0.02865
-0.06793
0.03931
-0.00253
-0.07124
0.04457
0.04154
0.11086
-0.03308
-0.00141
0.06972
0.02662
0.00915
-0.00297
-0.01894
0.01214
0.04283
-0.02449
0.03772
-0.04487
-0.00312
0.02882
-0.03985
0.07659
-0.05749
-0.04331
0.02280
0.00676
0.09238
-0.00316
-0.00269
-0.00867
0.00717
-0.01787
-0.03338
-0.01087
0.02447
0.05741
-0.00357
-0.05381
0.04801
-0.00613
0.05249
-0.01732
0.04142
0.06178
-0.05753
-0.00519
-0.02650
-0.02532
-0.10178
-0.01710
0.05774
-0.09573
0.04698
-0.04442
0.06606
0.02712
-0.01473
0.04791
-0.06285
-0.02285
0.00694
0.01869
0.04143
-0.00899
-0.04929
0.08128
0.01740
0.01331
0.00984
-0.01088
-0.04669
0.00650
-0.01496
-0.04156
0.04319
-0.00002
-0.08428
-0.01999
0.06136
-0.00720
-0.07217
-0.01992
0.03622
-0.02861
0.02232
-0.02231
0.04620
-0.07787
-0.00603
-0.04003
0.00132
0.01099
-0.03200
0.06970
-0.10349
-0.02730
-0.01233
-0.07871
0.01599
0.04887
0.00674
-0.00388
0.03543
-0.00632
0.06899
-0.07796
-0.05554
0.01755
0.04732
-0.01073
0.03207
-0.02100
0.01311
0.08230
-0.01160
-0.03778
0.02161
0.02594
0.05404
0.01026
0.00280
0.01191
-0.02256
-0.02072
0.02045
-0.02531
0.05946
-0.06088
-0.06342
0.01047
0.04141
-0.01779
0.09917
0.05639
-0.01740
0.01520
-0.09469
-0.02968
-0.04324
-0.01756
-0.06037
-0.02589
-0.03659
0.00318
-0.02502
0.02308
-0.01253
0.01940
-0.05206
-0.07538
-0.00103
0.02523
-0.02779
-0.04266
-0.04796
-0.02867
0.01717
-0.01741
-0.08761
-0.02712
0.00653
0.00386
0.03294
0.01567
-0.00561
-0.02245
-0.00362
-0.05228
-0.02335
-0.03663
-0.06135
-0.05033
-0.07907
0.06246
0.04329
0.04871
-0.04350
0.01211
-0.02974
0.00584
0.00505
-0.00612
0.06805
0.00713
-0.01416
0.00056
-0.01523
-0.03026
0.02734
0.03053
0.06494
0.04653
0.01649
-0.04932
-0.01378
0.04192
0.02546
-0.01357
0.04028
-0.03730
0.02085
0.01185
0.00864
0.03569
0.00391
0.07387
-0.03289
-0.12837
0.06509
0.02935
0.02097
0.07613
0.02739
-0.08346
0.05577
-0.04200
0.01172
0.01193
-0.06161
0.02710
0.03295
0.02003
0.03176
-0.02168
0.00770
0.04198
0.00459
-0.05592
0.00019
-0.08560
-0.01269
-0.01751
0.01336
0.03713
-0.01934
0.04043
0.08041
0.08443
0.02885
0.01134
0.02335
0.00802
-0.00730
0.04199
0.02206
-0.04358
0.01280
-0.00952
0.07817
-0.09157
-0.01382
0.02582
0.05336
-0.03100
0.00529
0.05290
0.02086
0.06920
-0.04132
-0.02284
-0.05780
-0.03283
-0.00220
0.03892
0.09148
-0.02088
-0.04070
0.01478
0.07189
-0.03852
-0.03309
-0.03983
0.04573
0.01388
0.08511
-0.06889
-0.03373
0.03504
0.02207
0.04157
-0.02168
-0.01316
0.00047
-0.00245
-0.04796
-0.08408
0.00012
0.06541
-0.01540
-0.00241
0.06042
0.00279
0.00473
-0.06261
-0.00210
-0.11537
-0.06118
-0.02528
0.04112
0.05645
0.01700
0.02308
-0.03416
-0.01431
-0.05339
-0.03548
-0.05886
0.04932
-0.01776
-0.05881
-0.03548
0.03103
-0.00489
-0.08417
0.02176
-0.04273
0.00837
-0.04933
0.04410
0.01713
0.06285
0.03863
0.04182
0.04846
-0.08790
0.04538
0.03876
0.00301
0.02423
0.06394
-0.03717
-0.05909
0.01993
-0.06751
0.06617
0.01067
-0.00772
-0.06855
0.04086
0.01256
0.06483
0.10784
-0.04884
-0.06554
-0.01963
0.04309
-0.00051
0.01276
-0.09278
0.00586
-0.01878
0.02483
0.00065
-0.06751
-0.01847
0.10430
-0.04519
-0.00347
-0.08392
-0.01641
-0.01944
-0.03230
-0.03376
0.01797
0.03003
-0.01453
-0.00219
-0.05488
-0.02094
-0.03385
-0.00204
0.03525
-0.05305
0.01317
0.00691
0.00279
-0.01840
0.01118
-0.03174
0.01648
0.03287
0.02152
0.02066
0.01681
-0.06943
-0.03499
0.02900
0.00862
0.01652
-0.05809
-0.02297
0.01828
-0.03349
0.03662
0.00950
-0.01625
0.05920
-0.03836
-0.05248
-0.05577
0.06481
-0.02001
0.08964
0.01707
0.03702
-0.00337
-0.08584
-0.01218
-0.03213
-0.06335
-0.01065
0.04080
0.01427
-0.01599
-0.01102
-0.04981
0.05177
-0.09016
0.01239
-0.05534
0.02155
-0.03290
-0.01296
-0.05389
-0.01998
-0.00658
-0.03602
-0.02741
-0.02231
0.04816
0.02418
-0.00522
0.01055
-0.07818
-0.00234
-0.00626
