0.01687
-0.03522
-0.09333
0.01135
0.02205
-0.01728
0.03398
0.07356
-0.03951
-0.00336
0.00832
0.07095
-0.00799
-0.04953
-0.00839
0.00504
-0.01635
-0.00288
-0.06222
-0.04479
-0.00672
-0.00853
0.00757
-0.01436
-0.05741
-0.01472
0.02850
-0.03341
-0.01167
0.01373
0.06039
-0.01947
0.03461
-0.03136
-0.02403
0.02295
0.01869
-0.01290
-0.02781
0.03070
-0.03810
0.00987
0.02132
-0.02705
0.07673
0.05023
0.00113
0.02023
-0.02278
-0.02721
-0.02372
0.02511
0.03618
-0.00791
-0.06785
0.02101
0.02109
0.03568
0.00978
0.01900
-0.04480
0.02163
-0.01727
-0.02291
-0.03473
0.03892
-0.00981
-0.02361
0.02741
-0.01812
-0.00521
-0.04270
0.04097
0.00107
0.00461
-0.01870
-0.02609
-0.04618
-0.04409
0.05077
-0.03161
0.05663
0.03883
0.00628
-0.02588
-0.04352
-0.01028
0.05355
0.00843
-0.05282
-0.04399
0.01243
0.02503
-0.07513
0.01265
0.00439
-0.04800
0.01154
-0.03880
0.02406
0.00328
0.02068
0.02105
0.02200
0.03125
-0.00986
-0.00520
-0.06275
0.01440
-0.07998
0.03764
0.07859
-0.08051
-0.05632
0.10892
-0.01982
0.02523
-0.05122
-0.00610
-0.02756
-0.05880
0.00727
0.00145
-0.03014
-0.02823
-0.05026
-0.06844
-0.02388
0.05461
-0.04088
-0.00451
-0.01952
0.05155
-0.01637
-0.03317
0.00345
-0.01975
0.01481
0.05301
0.00424
0.03591
0.03571
-0.05861
0.05876
0.05110
-0.01865
-0.05525
-0.00777
0.05242
0.09351
0.00094
-0.00418
-0.02834
0.02473
0.02880
-0.01916
-0.01174
-0.02649
-0.01978
-0.05594
0.04726
0.00239
-0.00654
0.00423
0.03254
0.03213
-0.03416
0.05339
-0.00120
0.00220
-0.02249
-0.02520
-0.03843
0.00282
-0.00246
0.03141
0.00799
-0.05815
0.03032
-0.03017
-0.05589
-0.04694
0.01475
-0.04312
0.02109
-0.00419
-0.02201
-0.02050
0.01643
0.00099
-0.01512
-0.03175
0.04648
-0.01742
0.04994
-0.02617
0.09033
-0.00082
0.00622
-0.00550
-0.04776
-0.01281
0.01002
-0.04864
0.04425
0.04314
0.03372
-0.03198
-0.01739
0.03064
0.00265
0.05692
-0.02827
0.00282
-0.00167
0.03737
-0.05870
0.00277
0.01544
-0.03571
-0.06565
-0.01972
-0.00104
-0.00940
0.04086
-0.06137
-0.00566
0.02045
-0.01813
0.04397
-0.01075
0.02253
0.01257
-0.03687
-0.00485
-0.04025
0.01497
0.03587
-0.00060
-0.09689
0.06074
0.00015
0.10843
-0.03173
0.03947
-0.00832
-0.01266
-0.00334
-0.03928
-0.01006
0.01306
0.03957
0.00843
0.02593
0.03191
-0.07003
0.01810
0.04621
0.06804
0.02529
0.06256
-0.02303
-0.03526
-0.02207
-0.01315
-0.03389
0.02702
0.01756
-0.02998
-0.05970
-0.04451
-0.00850
-0.00607
-0.02397
-0.00081
-0.05953
0.03590
0.04519
0.00213
0.01205
0.01170
0.03849
0.00195
-0.07376
-0.03962
0.00467
0.06347
-0.00292
-0.02639
-0.02043
-0.00993
0.00841
-0.00671
0.01368
-0.00131
0.03340
0.03198
0.00317
0.02517
0.03837
0.07233
-0.00164
-0.00343
-0.05105
-0.03160
-0.00841
0.00104
-0.06793
0.00100
0.03713
0.02034
-0.04681
-0.00853
-0.01082
-0.02574
0.05531
0.00140
-0.01201
0.03570
-0.02911
0.01616
-0.03728
-0.02414
0.02334
0.02299
-0.01756
0.03413
0.00624
0.00064
0.03441
0.07178
0.05151
-0.00950
0.02801
-0.02878
-0.02137
-0.01789
0.00725
0.03437
-0.01508
0.03920
-0.06787
0.03084
0.03165
-0.01786
-0.03309
0.00846
-0.00632
0.05683
0.00433
0.01556
0.01441
0.01693
-0.04293
0.00889
0.04637
-0.00461
0.05166
-0.01911
-0.02173
-0.02462
0.00362
-0.02785
-0.01954
0.03267
0.03454
0.02936
0.05131
0.00563
-0.01152
0.01835
-0.02637
0.00170
-0.02365
-0.01679
0.05301
0.03493
0.00578
-0.00277
-0.03935
-0.08019
-0.02056
-0.03965
-0.02279
-0.02878
0.02806
0.04391
-0.11220
-0.05611
-0.01788
0.04173
0.02440
-0.03133
-0.02996
0.04975
0.06727
0.05451
0.03575
0.01992
0.02434
0.01315
-0.00913
0.00065
0.05965
-0.02410
0.04387
-0.02370
-0.05572
-0.03880
0.01330
0.04810
-0.02752
-0.01513
-0.02730
-0.05341
0.05019
0.03435
0.01491
-0.02583
0.02471
0.01675
0.03738
-0.00079
-0.03288
-0.07573
0.03552
0.02682
0.06295
0.05291
0.00464
-0.05504
0.06934
-0.01768
-0.01903
-0.06440
-0.04445
-0.04599
0.06720
0.03366
0.04632
-0.04162
0.00081
-0.01552
0.03361
0.01232
0.02890
-0.02574
-0.03227
-0.02453
-0.06308
0.02461
0.00681
-0.00870
0.00834
-0.03759
0.02823
-0.00746
0.02196
0.02362
0.02481
-0.02293
-0.00673
0.04027
-0.04226
-0.03824
-0.00711
-0.01871
0.04728
-0.02862
0.01447
0.00545
0.05965
0.05870
-0.02963
-0.03311
0.03561
-0.02877
-0.01735
0.06643
-0.00707
-0.01389
-0.03366
0.00939
-0.02057
0.05287
-0.00215
-0.09837
-0.01380
0.04596
-0.05681
-0.01240
-0.02239
-0.02483
-0.03205
0.06343
-0.01469
0.03134
-0.00314
0.03933
0.01528
-0.03756
0.01037
-0.04485
0.01255
-0.05659
0.06098
0.05776
0.03360
-0.00457
-0.00718
0.01322
-0.03036
