0.06758
-0.03472
-0.02837
0.01808
-0.06424
-0.03239
0.00237
0.02434
-0.09627
-0.05393
-0.00161
-0.02411
-0.02493
-0.01552
0.04409
0.01817
-0.03115
-0.04276
-0.04729
-0.02239
-0.01797
-0.02769
0.00990
0.02541
0.01260
0.02729
-0.01331
-0.04775
0.05716
-0.00750
-0.01244
0.01870
-0.02420
-0.04079
-0.08704
0.04298
-0.00601
-0.02241
0.04154
-0.02079
-0.00406
0.00451
-0.01995
-0.03422
0.09367
0.02017
-0.03242
-0.00458
0.03356
0.04098
-0.00784
-0.01254
0.01083
0.03125
-0.07477
-0.00456
0.03637
-0.01152
0.01916
0.00697
-0.01689
-0.01002
-0.01304
0.03691
0.03491
0.04218
-0.00411
-0.01472
-0.01601
-0.00830
-0.01301
0.05175
0.06177
0.04426
-0.05959
-0.01631
-0.02516
-0.04967
-0.04639
0.06347
0.04688
0.01892
-0.02939
0.05477
0.07942
-0.04240
-0.01311
0.03475
0.02245
0.00427
0.06338
0.00029
0.00730
-0.05420
0.00267
-0.00188
-0.03428
-0.00073
-0.03145
0.00829
-0.01224
-0.03595
-0.00981
0.03204
-0.00447
-0.03159
0.02748
-0.00228
-0.03476
-0.05912
0.04702
0.01025
0.02230
-0.00610
0.00003
-0.08058
-0.07542
-0.10981
-0.01982
-0.00067
-0.00754
0.01461
-0.01535
-0.02139
0.00125
-0.04779
0.00444
-0.01418
0.05542
-0.02448
0.00631
-0.05861
-0.04279
0.08298
-0.05473
0.02474
0.03848
0.03590
-0.00576
0.03578
0.00745
0.01844
-0.02943
-0.01421
0.02751
-0.00016
-0.00041
-0.02854
0.00619
0.01281
0.00019
0.05921
-0.03886
-0.05414
0.04454
0.05061
-0.02116
-0.01552
-0.00368
0.02732
0.03372
-0.07781
0.04904
-0.03689
-0.04445
-0.03148
-0.01419
0.05416
-0.00833
-0.06452
-0.04066
-0.03808
-0.00308
-0.02656
0.04089
0.04596
-0.00122
-0.03917
0.03644
0.02725
-0.01763
-0.06052
-0.03587
-0.06190
-0.02247
-0.05365
-0.02923
-0.02474
-0.02695
0.00652
-0.05087
-0.06633
0.02171
-0.01814
0.01139
0.02371
-0.02489
-0.04123
-0.02944
0.01247
-0.03401
0.05527
-0.05132
0.03615
0.02149
-0.01162
0.03938
-0.02527
-0.01070
0.03974
0.02471
0.06228
-0.00269
0.01515
-0.02430
0.04695
-0.02782
-0.00121
0.03731
-0.02075
-0.01771
0.00309
-0.03887
0.01137
0.00639
-0.02213
-0.01621
0.05008
-0.03802
0.00202
-0.00319
-0.01371
0.00464
-0.01817
-0.04554
-0.07021
0.01328
0.06540
0.00973
-0.05622
0.02456
-0.02079
-0.00022
-0.02027
0.05399
-0.01942
-0.03266
-0.00876
0.00049
-0.01494
0.00820
0.01492
-0.07081
-0.00566
0.02839
-0.01597
0.00155
0.01775
0.02484
0.03600
0.02030
-0.01314
-0.03511
-0.04129
0.07172
-0.00226
-0.01895
-0.03872
-0.03221
-0.02266
-0.04486
-0.01125
0.05256
-0.00186
0.00300
0.00585
0.01594
0.01566
0.02987
0.02488
-0.01544
0.01738
-0.00149
-0.02268
-0.00074
0.02225
0.00471
0.04177
0.04658
0.00281
-0.02109
-0.00844
0.02362
0.02183
-0.01129
-0.00254
-0.02346
0.00645
-0.08038
0.02687
-0.01860
-0.06057
0.03774
-0.05093
-0.00287
0.01606
0.00066
-0.03023
0.02777
0.00982
-0.01715
-0.02736
-0.00667
0.02747
-0.04984
0.02375
-0.03597
-0.03580
-0.03482
0.06844
0.00565
-0.00217
-0.00932
0.00077
0.07546
-0.06000
-0.02476
0.01944
-0.08063
-0.02948
0.06978
0.00237
-0.00453
0.03089
0.02220
-0.03871
-0.05868
0.00865
0.04617
-0.05054
-0.00051
0.00186
0.05638
0.00435
0.01336
-0.01410
0.06511
-0.05803
0.03809
0.03548
-0.00259
-0.03497
-0.00243
-0.03848
-0.01050
0.05565
-0.07230
-0.00316
0.04240
-0.01689
-0.00205
-0.05328
0.04941
0.03790
0.02869
-0.02688
0.05711
-0.04266
-0.02148
-0.03990
0.06997
-0.04393
0.01325
-0.04236
0.01746
0.05801
0.01009
0.02727
-0.01037
-0.01575
-0.03332
-0.03255
-0.03160
0.04734
-0.01732
-0.01042
-0.02029
0.02825
-0.02046
0.00595
0.08523
-0.06150
-0.00780
-0.03579
0.00075
0.00640
0.00969
-0.02334
-0.09286
-0.00275
-0.02052
0.00977
-0.05655
0.00663
-0.04311
0.01887
-0.01982
-0.05690
-0.06023
0.02099
0.04435
0.00127
-0.05101
-0.04624
0.08639
-0.01867
0.01717
0.06161
-0.01955
-0.00222
-0.08283
0.00528
-0.00864
-0.08385
-0.02526
0.02239
0.05805
0.03581
0.08061
-0.01801
0.02814
0.06032
0.00512
-0.03823
-0.05056
-0.02449
-0.00092
0.01142
0.03412
0.01971
0.03920
0.03573
-0.07711
0.01950
-0.08229
0.04272
0.01859
0.03308
0.00712
-0.02974
0.01480
-0.05059
-0.01866
0.00623
0.04687
0.03369
0.06948
-0.01375
0.01159
0.00883
-0.05473
-0.05756
-0.01744
0.00282
-0.00456
0.00244
0.03660
0.02995
0.02667
0.04574
0.02307
0.05463
0.06251
-0.05474
0.02329
-0.06120
-0.04594
-0.00950
-0.00007
0.00909
-0.03626
-0.00813
0.06262
0.02906
-0.04275
-0.03562
-0.01130
0.02739
0.05254
-0.00869
-0.00451
-0.00682
-0.01016
-0.09532
-0.02334
-0.03633
-0.02416
-0.00764
0.05630
-0.02441
-0.00713
0.01123
-0.08735
0.03297
-0.02280
0.05678
0.02223
0.01611
-0.05847
-0.04219
0.06080
-0.05214
