-0.04427
-0.05682
-0.05185
0.02022
0.07997
-0.01062
0.05479
0.04319
0.05779
-0.08787
-0.03422
0.04040
0.00039
-0.00889
-0.02246
0.06653
0.02019
-0.01886
0.04158
-0.04225
-0.00336
-0.01037
-0.03898
-0.05232
0.02871
-0.13742
-0.00391
-0.03928
0.01789
0.02624
-0.00389
-0.03593
-0.01629
0.02423
-0.01244
0.02390
0.01275
-0.02395
-0.05978
0.07329
0.03137
0.02202
0.00460
0.01959
0.04512
0.04452
0.01465
-0.01627
-0.01934
0.00329
0.05939
0.00625
0.04970
0.02308
-0.05381
-0.00511
0.01674
0.02959
0.00314
-0.05081
0.00557
-0.01829
0.01320
-0.02831
-0.05741
0.10929
-0.03842
0.04085
-0.01353
-0.09180
-0.07393
-0.06526
0.02312
-0.02650
0.09983
0.00800
0.04716
0.03066
-0.06836
0.02998
-0.03642
0.00315
-0.01426
-0.05996
0.01947
-0.00205
0.00194
0.00136
0.00547
0.06593
0.04570
0.03027
0.05499
-0.05124
-0.03949
-0.02546
0.00649
0.03202
-0.07648
0.02669
0.03108
-0.01461
0.06492
-0.06079
0.00264
0.00446
0.02525
-0.02194
-0.00583
0.00828
0.01026
0.04217
-0.03374
-0.01467
0.03947
-0.01773
-0.00861
0.01637
0.02157
0.02454
-0.06019
0.04203
0.03439
0.00307
0.02205
-0.02983
0.02935
-0.03855
0.03482
0.00196
-0.01161
-0.00368
0.04669
-0.01771
0.01762
0.02474
0.03782
-0.00761
0.02692
-0.03013
0.00553
0.03478
-0.06550
0.08763
0.08970
-0.02169
-0.01652
0.04327
0.05115
-0.00151
0.02162
-0.05930
-0.06740
-0.01808
0.03089
-0.00699
0.02411
0.06478
0.05041
0.07811
0.04074
-0.04687
-0.03526
0.00492
0.02331
0.07665
-0.03645
0.01331
0.03381
0.00833
0.00431
0.01043
0.06317
-0.01398
0.04462
0.00544
0.03243
-0.08111
-0.05443
-0.03077
0.00487
0.01199
-0.07186
-0.02226
-0.04205
0.05109
-0.00128
-0.03766
-0.01144
0.02111
-0.01375
-0.04301
0.03290
0.02482
0.02087
-0.05352
0.05263
0.05927
-0.02964
-0.02400
-0.00748
-0.06683
0.06435
-0.04202
0.01073
-0.00136
0.03266
-0.00562
0.06680
0.07054
-0.01588
0.00169
0.00977
-0.01757
-0.02435
0.02030
-0.08164
-0.02965
0.02328
-0.02439
-0.02319
-0.03856
-0.00712
-0.02794
0.02330
0.00010
0.01001
-0.05034
-0.02352
0.05881
-0.04090
-0.01432
0.00806
-0.00532
0.03463
0.05014
0.03968
-0.05812
-0.04429
0.05611
0.02395
-0.01282
0.03751
-0.00795
-0.00867
-0.00466
-0.02833
-0.02846
-0.04288
-0.03802
0.04328
0.07341
-0.05725
-0.04971
0.03149
-0.02403
-0.00760
-0.04633
0.04126
0.00541
-0.06328
0.04952
-0.03600
0.02785
-0.01008
0.06674
-0.01984
-0.05349
-0.09851
-0.04083
-0.11614
0.02165
-0.07546
-0.02606
0.01046
-0.07068
-0.00198
-0.03759
-0.02622
-0.02148
0.01506
0.05024
0.06493
-0.01520
-0.01756
-0.03221
-0.03299
-0.00879
0.01465
0.00346
-0.03209
0.02703
0.00460
-0.05529
0.03726
0.05322
0.03103
0.02528
0.02602
0.04849
0.03941
0.09902
0.01801
0.03432
-0.02793
0.02009
0.03233
-0.03791
0.02712
-0.02936
-0.02307
0.05538
0.04994
-0.02104
0.02770
-0.05441
0.03987
0.02719
0.03798
-0.03143
0.04630
-0.02473
-0.00293
-0.02845
0.03639
-0.01031
0.07601
-0.01928
-0.02192
0.04592
-0.05736
0.03357
0.01961
0.03515
-0.08826
0.01921
-0.00040
-0.03598
0.10759
-0.01018
0.02271
0.00269
0.01334
0.03760
-0.02861
-0.02827
0.01161
-0.00540
-0.08148
-0.04420
0.00718
0.02032
0.04460
-0.02542
-0.00719
-0.00052
0.07457
0.03381
-0.04765
-0.03474
-0.00713
-0.01960
-0.02126
0.07639
0.04780
0.04359
-0.02117
-0.00511
-0.00715
0.00035
-0.03397
-0.02493
-0.02343
0.01134
-0.05699
-0.00738
-0.01451
-0.08829
-0.04271
-0.00153
-0.05425
-0.01166
-0.00561
-0.01779
-0.06428
0.09663
-0.02732
-0.00230
0.00959
-0.06287
0.03654
0.01989
-0.01441
-0.02765
0.01651
0.02187
0.10393
0.01531
0.04003
0.00770
0.02812
0.00309
-0.02307
-0.06221
-0.03260
0.00268
-0.02464
-0.03641
0.03360
-0.02928
0.01620
-0.01146
-0.04472
-0.07149
-0.04054
-0.00796
-0.04897
-0.02063
0.03595
0.02164
-0.06954
0.05953
0.03738
0.01051
-0.02580
-0.01234
-0.04237
0.04015
-0.01963
-0.02532
-0.05179
0.02565
-0.01063
0.01695
-0.02461
-0.08924
0.09624
0.03112
-0.00802
-0.05483
0.00542
-0.07319
0.07001
0.01415
0.01780
0.00845
0.02131
-0.07208
0.01390
-0.00354
-0.01872
-0.02780
-0.08981
-0.01050
-0.06284
-0.02373
0.03534
0.00374
-0.00412
0.05046
0.02390
-0.01747
0.00519
-0.07572
-0.04749
-0.00076
-0.04209
0.00488
0.00903
-0.01455
-0.02268
0.02774
-0.02063
-0.00975
-0.01688
-0.00959
-0.04282
0.02101
0.07476
-0.02910
-0.05069
-0.02312
0.00647
-0.02644
0.05114
0.02249
-0.02430
-0.06972
-0.01376
0.01689
0.01174
-0.02736
0.02509
-0.01353
0.04691
0.06252
0.01838
-0.00508
0.07017
0.09669
-0.05135
-0.00713
-0.00723
0.01073
-0.00621
0.08386
0.13468
-0.05406
0.00570
-0.02495
-0.05426
-0.03432
