-0.01236
-0.00620
-0.04335
0.05996
0.05276
-0.01420
0.00374
0.02480
0.02250
0.03240
0.01818
0.05727
-0.02159
0.01477
0.01037
-0.05105
0.08077
0.08887
-0.01015
-0.00181
0.00718
0.04774
0.00622
-0.04465
-0.02001
-0.07222
-0.01321
0.03805
0.03421
-0.01335
0.00303
0.00067
0.01275
-0.02263
0.03989
-0.06139
-0.15109
-0.07661
-0.05182
0.04959
-0.03469
-0.00930
-0.03317
-0.05626
-0.00143
0.05346
-0.01001
-0.04907
0.00615
-0.00377
0.02125
-0.04992
0.09751
0.02398
-0.00986
-0.06103
-0.02126
0.02181
-0.01912
0.00842
-0.01877
0.01299
0.02667
0.06379
-0.00720
-0.00802
-0.03868
-0.05406
-0.01576
-0.02217
-0.03679
0.00548
-0.02822
-0.02635
0.08169
-0.00363
0.03360
0.00514
0.05868
0.05236
-0.00230
-0.02014
-0.05434
-0.04703
0.05108
-0.01028
0.01571
0.02552
-0.00576
-0.01191
0.00662
0.00792
0.06886
-0.03615
0.01591
0.06190
-0.00264
0.05712
0.00179
0.06058
0.03544
0.03072
0.05647
0.00969
0.05862
0.01082
-0.02440
0.01559
0.03385
0.03171
0.02892
-0.00838
-0.01299
-0.05871
-0.04607
-0.03154
-0.02794
0.03232
-0.06960
0.06388
-0.01788
0.01516
-0.08679
0.00466
0.00634
-0.02707
0.06337
-0.08555
-0.01632
0.00522
-0.03057
-0.03263
0.07438
-0.04533
0.01342
0.06331
0.03994
0.00628
0.03548
0.01312
0.03165
0.08597
-0.02257
0.02992
0.01053
0.00875
-0.10576
0.03159
-0.02947
0.01877
-0.03162
0.03062
-0.06034
0.06526
0.08846
-0.07015
-0.02288
0.00407
-0.05274
-0.02214
0.01583
0.03751
0.02418
0.07085
0.00426
0.00695
0.03360
0.04740
-0.03901
0.03393
-0.07833
-0.01177
0.04510
-0.03574
-0.06781
0.03410
-0.04654
0.01416
-0.05570
-0.02732
-0.01839
-0.05938
-0.02021
0.04322
0.04305
0.01849
-0.00028
-0.08989
-0.02908
0.05913
-0.04837
0.02596
0.09090
-0.00668
0.01408
0.01334
-0.03282
-0.06121
0.07193
-0.11789
0.06814
0.00750
0.02839
-0.07229
-0.01440
-0.08039
-0.01677
-0.03450
0.03154
0.07873
-0.02865
0.02146
-0.05496
-0.04665
-0.01641
0.03886
-0.00729
0.02156
-0.05800
-0.01142
0.06107
0.09266
0.05341
0.06588
0.06790
-0.06375
0.01624
-0.02012
-0.01102
0.03145
0.00891
-0.02654
0.01686
-0.07965
-0.02406
0.03110
-0.04104
0.02373
0.03211
0.05070
-0.02798
-0.05307
-0.02312
-0.00600
0.02382
0.03071
-0.01633
-0.06684
0.07385
0.00347
-0.00377
0.06702
0.04734
0.00330
0.00832
0.02047
-0.01622
0.03313
-0.01275
0.00880
-0.03493
0.05876
0.03210
-0.01440
0.04057
-0.05836
-0.04684
0.04324
-0.04006
-0.05710
-0.01081
-0.02559
0.02868
-0.01290
0.04513
0.01661
-0.01123
-0.03651
-0.06409
0.04844
0.06522
0.06414
-0.07051
-0.00369
-0.01588
0.05413
0.01114
0.02768
-0.08783
-0.00448
-0.02942
-0.03934
0.08800
-0.07466
0.01332
0.00185
0.03640
-0.03736
0.02087
-0.01507
0.08988
0.05819
-0.00068
-0.01759
-0.03194
-0.00411
0.05764
-0.04348
-0.02391
-0.05399
-0.10837
0.02157
0.04420
0.01734
0.09669
-0.01195
0.01371
-0.01619
0.03994
-0.06767
0.00101
-0.02782
0.02145
-0.04819
0.03634
-0.07931
-0.02228
0.02476
0.00499
0.06188
-0.03502
0.15002
-0.01961
0.03878
-0.03456
0.07063
-0.03382
-0.00879
-0.07042
0.01771
0.03588
-0.00930
0.01626
0.02215
0.07422
0.02810
-0.00532
0.04019
-0.01109
-0.02250
0.01914
-0.03235
-0.03755
0.00207
0.00637
0.03232
0.03433
0.01573
0.02166
-0.01098
-0.02435
0.01506
-0.06391
0.05060
0.00863
0.04284
-0.01485
0.04547
-0.03068
-0.01634
-0.04615
-0.00755
0.03964
0.09027
-0.01029
0.04593
-0.04308
0.06460
-0.10190
-0.02112
-0.03827
0.02962
-0.04739
-0.01376
-0.00842
-0.00377
-0.02300
-0.00325
-0.00610
0.04450
-0.01220
0.01546
-0.03467
0.01564
0.00912
0.01163
-0.03932
-0.00277
0.06488
0.01033
-0.04428
-0.00541
0.00008
-0.00855
0.03234
0.03409
-0.01342
0.01349
0.02191
-0.08002
0.02104
0.03607
0.03047
-0.06121
-0.06076
0.00523
0.03351
0.02357
-0.01898
-0.01097
0.06404
-0.00695
0.01226
0.05623
0.04144
0.00886
0.00195
-0.04928
0.00842
-0.04465
-0.11745
-0.00613
0.04279
-0.06310
0.01496
-0.06459
-0.04536
-0.06982
-0.03380
-0.01417
-0.00560
-0.01397
0.00884
0.02766
-0.01012
-0.04008
-0.00477
0.01109
-0.07439
-0.03728
0.00820
-0.05670
0.03857
0.01530
-0.04478
-0.02360
-0.00708
0.04318
0.04253
0.04016
-0.02320
0.07050
0.01544
-0.01432
0.05738
0.07263
0.01628
-0.09794
0.00712
-0.03404
-0.06332
-0.06126
-0.00461
0.00285
-0.03644
0.04815
-0.01754
-0.06464
0.13365
0.00163
0.04880
0.00934
-0.05811
-0.01624
0.02931
-0.08666
-0.02823
-0.00245
0.00184
-0.03152
-0.00565
-0.02298
0.02628
0.00863
0.03505
-0.03253
0.04506
0.00300
-0.01723
0.01397
-0.01383
0.01777
0.03513
-0.04762
-0.01097
0.04277
0.02851
0.00324
0.02407
-0.12266
-0.08537
0.01687
