-0.00756
0.07076
0.05258
0.02330
-0.02995
-0.06388
-0.05400
-0.02202
0.05256
-0.04178
0.00541
-0.04008
-0.05686
0.00364
-0.00296
-0.01830
-0.01446
-0.00769
-0.01642
0.03910
0.02893
-0.00086
-0.05829
-0.01156
-0.00522
-0.00305
0.03671
0.02063
0.07148
-0.03277
0.00783
0.03449
0.03311
-0.01172
0.00220
-0.01962
0.01109
-0.07235
0.10177
0.03770
-0.02175
-0.06626
-0.01718
-0.00802
0.04721
0.01501
-0.03736
-0.02174
0.10487
0.04858
0.07927
0.01593
-0.07252
0.01878
0.08229
-0.00400
-0.00373
-0.02298
0.02634
-0.00918
0.00327
-0.03730
-0.01106
-0.02108
-0.01613
0.07226
-0.02858
0.06558
-0.00563
-0.08721
0.03449
-0.00080
-0.01350
0.06531
0.02340
0.00002
0.05264
-0.01471
-0.09952
0.03358
-0.01512
0.00336
0.04607
-0.03095
-0.00443
-0.04203
0.03979
-0.03303
0.05888
0.09273
-0.02365
-0.01564
0.06178
0.02968
-0.12608
0.06489
-0.04700
0.04429
-0.01567
-0.00227
-0.02102
-0.00856
0.04818
-0.10733
-0.01856
-0.00263
0.03601
-0.03913
-0.04695
-0.02145
0.05094
-0.05173
-0.00197
0.12100
0.04473
0.05513
0.02192
-0.03756
-0.00036
-0.00784
0.01081
0.07358
0.00858
0.09291
0.01233
-0.07162
-0.01802
-0.05114
0.01548
0.04028
0.00823
-0.00652
-0.04585
-0.00910
0.00103
-0.02622
-0.02210
-0.05329
-0.01655
-0.03254
0.05307
0.01126
-0.05742
-0.02731
0.07055
0.05458
0.02032
0.01157
-0.00034
-0.03777
0.00361
0.07174
-0.00288
-0.00713
-0.01734
-0.02081
0.03489
-0.03682
-0.00503
0.00535
0.04217
-0.04209
-0.01661
-0.03233
0.03157
-0.02545
0.06249
0.05275
-0.01447
0.02175
-0.02915
0.04884
0.00004
-0.05069
-0.02536
-0.09476
-0.03102
-0.04960
0.00279
0.03242
0.10603
-0.01078
-0.03514
-0.04490
-0.02214
-0.00799
-0.09600
-0.07920
-0.04565
0.07811
-0.04989
0.07139
-0.01497
0.04937
-0.04021
-0.04484
-0.00247
-0.06171
0.03620
-0.05177
-0.05021
-0.02766
0.00364
0.09362
0.02365
-0.10963
0.00544
-0.00636
-0.05319
0.10922
0.06471
-0.01564
0.00821
0.01282
-0.04202
0.01643
-0.04729
-0.01565
-0.01246
-0.04202
0.04991
0.01811
0.04884
-0.01436
-0.05120
0.05232
0.00985
0.03644
0.06608
0.04218
0.01303
-0.12520
0.00028
0.05223
-0.00807
0.06024
-0.08859
0.03086
0.00721
0.06763
-0.00173
0.04959
0.06828
0.00458
0.00781
-0.00439
-0.07324
-0.02523
0.05430
-0.10299
-0.02884
0.01708
-0.03338
-0.03250
0.03604
-0.03811
0.04201
-0.00129
0.03325
-0.01055
-0.01469
0.02791
-0.02016
-0.03145
0.03045
0.01402
0.00776
-0.02359
-0.06001
0.00601
-0.03750
0.02002
0.00170
0.00830
0.09723
0.05241
-0.01014
0.01893
0.02131
0.04559
-0.04373
-0.00762
-0.04319
0.01985
0.03893
-0.01728
-0.01125
0.04905
-0.02328
0.03992
-0.03293
0.05624
-0.02902
-0.08745
-0.04722
0.08699
-0.04192
-0.01852
0.00573
0.03625
-0.06784
-0.01397
-0.01511
0.00176
-0.04115
-0.08687
0.10191
0.03991
-0.03823
-0.06039
-0.01126
-0.02722
0.04246
-0.04821
-0.03568
-0.00268
0.02684
-0.08863
0.03584
0.07529
0.01390
0.00863
0.02672
0.03211
0.05462
-0.09857
0.05656
-0.00812
-0.04994
0.03667
-0.02860
-0.04068
0.02411
0.05760
-0.00984
0.00526
-0.05855
-0.03873
0.08540
-0.05023
0.01356
-0.00812
-0.01924
0.00567
0.06061
0.01658
-0.00411
0.00383
-0.00446
0.05045
0.01862
-0.06858
-0.01432
0.06011
0.02309
0.04638
-0.02557
0.02983
-0.05838
0.03750
0.00155
-0.01355
0.03280
0.03431
0.05096
-0.08116
-0.01061
0.00746
-0.06433
0.01377
0.05043
-0.03897
-0.02219
-0.06735
-0.03743
0.02599
-0.02900
-0.00312
-0.04502
-0.00543
-0.05617
0.05464
0.00627
0.01548
-0.03771
-0.02620
-0.10335
0.00786
-0.06704
0.01285
-0.01667
-0.03910
-0.04092
-0.05637
0.00250
-0.02478
0.06310
-0.02104
-0.04974
0.00623
0.04724
-0.05030
-0.04676
-0.00714
-0.06749
-0.03019
-0.00576
-0.02713
0.00488
0.03279
-0.04017
-0.03835
0.00647
0.00628
-0.00287
0.02365
-0.03092
0.06422
-0.01166
0.04736
-0.01803
0.05971
0.01886
-0.06616
-0.02139
-0.01149
-0.07243
0.00471
0.01079
-0.04744
0.02002
-0.01457
-0.00071
-0.00521
-0.08241
-0.03373
0.03296
-0.03876
0.02623
0.05676
0.07248
0.06092
-0.08339
-0.03290
-0.06510
0.06826
0.03979
-0.07691
0.02757
0.00475
0.04647
0.01254
-0.05361
0.06069
-0.04053
-0.00087
-0.00322
-0.04573
0.01664
0.08932
-0.04398
-0.11273
-0.01643
-0.03744
-0.06790
0.01037
-0.02054
-0.00454
0.05794
0.00831
-0.01492
0.10818
0.05161
-0.03928
0.07809
-0.00081
-0.06779
-0.04648
0.01618
0.01068
0.00882
0.06629
-0.00039
0.08379
-0.00686
-0.05803
0.03846
0.03387
0.01079
-0.00334
-0.01879
0.03712
0.01618
-0.02770
-0.00304
0.03957
-0.01328
-0.00626
-0.02201
-0.03085
0.02991
0.03172
-0.04048
-0.00085
0.05931
0.01742
-0.01189
-0.03715
-0.01740
-0.02108
0.08356
0.00018
