-0.00999
0.07483
0.04151
-0.00106
-0.02205
-0.09956
0.00412
-0.04987
0.04501
-0.00056
-0.04078
-0.05510
-0.09048
-0.00746
0.05422
0.01906
0.02004
-0.01686
-0.02887
0.09144
-0.00013
0.00774
-0.04486
0.02086
0.01411
-0.04548
0.01402
-0.00234
0.01596
-0.02191
-0.05609
0.05443
-0.03148
0.03261
0.04575
-0.04648
0.00142
-0.06265
0.03959
0.04682
0.03115
-0.04885
-0.03589
-0.01566
0.00202
0.02477
0.00078
-0.03215
0.07711
0.10430
0.10773
-0.01277
-0.09833
-0.03153
0.05557
-0.05174
-0.06853
-0.02669
0.05138
0.02833
-0.03709
-0.03487
0.04585
-0.01613
-0.00097
0.03522
-0.02991
0.04520
-0.00300
-0.08073
0.02727
0.01721
-0.03845
0.04992
0.01957
0.00256
0.06922
-0.02092
0.01768
0.02810
0.02109
-0.01899
-0.02090
-0.06559
-0.01793
-0.02836
0.03323
-0.03566
0.03687
0.06347
-0.01770
0.00619
0.05803
-0.03064
-0.09956
-0.00585
-0.03637
0.04314
-0.00300
-0.03448
-0.00413
0.02183
-0.00114
-0.06083
-0.01249
0.01312
0.05371
-0.00671
-0.03755
-0.00592
-0.00443
-0.09956
0.06659
0.11869
0.00203
0.01268
0.01996
-0.02112
-0.05669
-0.01903
0.01655
0.09572
0.01761
0.05483
0.05705
-0.05144
0.00955
-0.03893
-0.01673
0.06799
-0.01749
-0.07476
-0.01773
-0.04943
0.02286
-0.05205
-0.03670
-0.03735
0.00263
0.01366
0.11301
0.02906
-0.01263
0.00800
0.03088
0.07501
-0.01463
0.03141
-0.00027
-0.01344
-0.03213
0.04999
0.00264
-0.00620
-0.05210
-0.07688
0.03378
-0.03840
-0.06779
0.03404
0.02324
-0.03934
-0.00996
0.01071
-0.00296
-0.01449
0.03048
0.03228
-0.00215
-0.06096
-0.04243
0.03849
0.02282
-0.00739
-0.03757
-0.04691
-0.01298
-0.02389
0.01193
0.02279
0.05046
-0.01275
0.03589
-0.00098
-0.04320
-0.01104
-0.06245
-0.06953
-0.04562
0.09660
0.00503
0.07257
0.03928
0.09035
-0.01205
-0.01053
-0.00688
-0.06126
0.02673
-0.09058
-0.03998
-0.05566
0.03271
0.08185
0.06639
-0.09956
0.05310
0.06722
-0.05700
0.09182
0.03090
-0.00215
-0.02357
-0.01935
-0.02919
0.00823
0.00567
-0.05323
-0.06486
0.05505
0.05847
0.07097
0.01798
-0.00188
-0.00242
0.09213
0.04252
0.03999
0.02204
0.10529
-0.00492
-0.09956
-0.02465
0.00677
-0.03106
0.08089
-0.08895
0.03303
-0.00200
0.04991
0.01795
0.00507
0.01093
0.01477
0.02084
0.01513
-0.04805
0.00856
0.11750
-0.09954
-0.02985
0.08237
-0.04561
-0.07028
-0.03435
-0.03200
-0.00282
-0.01630
-0.08580
0.00506
0.00228
0.02956
-0.02470
-0.02230
0.03876
0.03858
-0.05507
0.00444
-0.01335
-0.02133
-0.03386
-0.00944
0.00200
0.02353
0.00516
0.02357
-0.05912
-0.02397
0.03908
0.07560
-0.04420
-0.00439
-0.02480
0.02423
0.04983
-0.03273
-0.01296
0.03835
-0.04568
0.05324
-0.09656
0.07730
0.04980
-0.09926
0.01291
0.04267
-0.06566
-0.02885
0.01056
-0.00093
-0.04151
-0.02774
-0.04135
-0.00203
-0.02258
-0.03505
0.10978
-0.01023
-0.00029
-0.01177
-0.00379
0.02790
0.00747
-0.08146
-0.00269
-0.05872
-0.01944
-0.01579
0.01278
-0.01965
0.01194
0.01198
0.04374
0.03567
0.04476
-0.07775
-0.01993
0.00955
-0.07404
0.06857
-0.08035
0.01388
0.00708
0.02345
-0.02053
0.01846
-0.04720
-0.01804
0.05938
-0.00066
-0.03238
0.02104
-0.06621
0.00077
0.06013
0.05919
-0.00418
0.04378
-0.03342
0.04439
0.01910
-0.05683
-0.00461
0.02808
-0.03378
0.05285
-0.03059
0.01796
-0.01913
0.00398
0.02265
0.01556
0.00438
0.01987
0.02337
-0.06054
-0.03719
0.00021
-0.06068
0.01064
-0.01887
0.01119
-0.01017
-0.00490
-0.02858
0.04621
-0.05024
-0.00621
-0.06470
0.02909
-0.04098
0.06506
-0.00510
-0.00158
0.02393
0.01517
-0.05290
0.07163
-0.05006
0.01501
-0.03876
-0.01409
-0.05325
-0.01690
0.00050
-0.09656
0.00112
-0.04901
-0.06518
0.00283
0.03902
-0.05909
-0.04121
0.01595
-0.06980
-0.08685
0.02241
-0.05634
0.00506
0.01344
-0.09789
-0.06305
-0.00682
0.02341
-0.02594
0.04617
-0.04862
0.03135
-0.02526
0.00934
-0.01143
0.02593
0.02388
0.00990
0.03301
-0.04600
-0.01504
-0.02375
-0.03529
-0.03037
-0.04022
-0.07825
0.05348
-0.07825
-0.02495
-0.00554
0.00877
-0.04205
-0.00498
0.05237
-0.02900
0.01067
0.01068
0.02501
-0.02083
0.02474
0.13194
-0.07231
0.03139
0.00697
0.01540
-0.02558
-0.00345
0.03179
-0.04505
0.02263
0.02177
-0.03022
-0.02010
0.04142
-0.00293
-0.07273
0.00418
-0.03661
-0.08442
0.02131
0.01316
-0.03645
0.09537
-0.00130
0.01864
0.11287
0.00863
0.01742
0.06275
0.05336
-0.04446
0.00815
0.02414
0.03754
-0.00957
0.06146
0.00287
0.09583
0.07012
-0.05430
0.03438
-0.00723
0.04376
0.02023
-0.02924
-0.00651
-0.00054
-0.05217
-0.02515
0.02396
0.03831
0.02363
0.00280
-0.02285
0.04225
0.00215
-0.02336
0.02582
0.02835
0.01754
-0.07100
-0.00767
-0.00880
-0.00660
0.03187
-0.00708
