-0.05444
-0.02499
-0.06101
0.02413
0.00290
-0.03813
-0.01612
-0.01510
-0.03343
-0.05722
0.01091
-0.00511
0.02131
0.00750
0.09197
0.01041
-0.00621
0.04670
-0.04241
0.00257
-0.06073
0.00742
0.00116
0.02284
0.03533
0.01371
-0.03758
-0.06588
0.04279
0.01154
0.02697
0.02154
-0.03242
0.07623
-0.06835
0.03762
0.00744
-0.02791
-0.03721
0.09999
0.03201
-0.06748
0.01466
0.02841
-0.01300
-0.01646
0.02462
0.01421
-0.02894
-0.03111
0.01097
0.06511
0.04164
0.00645
-0.04008
-0.04143
-0.03890
-0.03931
0.00457
-0.03246
-0.01380
0.03304
-0.04184
-0.04726
0.02150
0.04110
-0.07271
0.00372
-0.05694
0.00803
0.02766
-0.02387
0.02570
-0.04190
0.00659
-0.01347
-0.00095
-0.03581
-0.03947
0.00834
0.01042
0.01922
-0.03869
0.06037
0.03804
-0.01010
-0.01078
0.07903
-0.02623
-0.00408
0.06298
0.03894
0.00653
0.00233
0.06008
-0.06474
-0.02210
-0.01831
-0.01209
0.03690
-0.03082
0.04607
0.06057
-0.01897
-0.01623
-0.00219
0.00816
-0.00752
-0.02225
0.00285
-0.00173
-0.00743
-0.05420
0.04464
-0.04649
-0.00906
-0.04423
-0.01705
-0.12872
-0.02103
0.01197
0.02541
-0.01786
0.08639
-0.02468
-0.03426
-0.05502
0.03662
0.09248
-0.01072
0.03429
-0.03005
0.06100
0.03688
0.00867
0.01049
0.04274
-0.08204
-0.03736
0.01508
-0.03049
-0.01365
-0.02192
0.02037
0.07442
-0.01890
-0.05631
-0.04967
0.07073
-0.05549
0.00083
0.00574
0.02846
0.02472
0.05910
-0.06775
0.09796
-0.02135
0.01657
0.00920
0.00536
0.01300
0.02677
0.02642
0.04802
0.01094
-0.09981
0.04596
-0.01277
-0.07885
-0.02531
0.02738
-0.03006
0.05146
-0.07291
-0.02767
0.04086
-0.02343
-0.03811
0.06379
-0.00735
-0.00440
-0.01043
0.01985
-0.00316
0.03288
-0.00183
-0.00430
-0.03176
0.00383
-0.03299
-0.06331
0.00797
0.02031
-0.04879
0.00678
-0.00477
-0.00439
0.01530
0.07041
0.00932
-0.04375
-0.01955
-0.00412
-0.02546
-0.04042
0.02425
0.01793
-0.01179
0.06490
-0.02985
0.01887
-0.02399
0.08914
-0.02737
0.03455
-0.00756
0.01194
0.01444
-0.10753
-0.01238
-0.05082
0.00690
-0.02928
0.03690
-0.01314
0.01536
0.01159
-0.00091
0.03357
-0.07585
-0.01018
0.04148
0.02186
-0.01409
-0.04725
-0.03326
0.03694
0.05404
-0.06546
-0.02525
-0.07409
-0.00308
-0.00779
0.02411
0.04871
0.01842
0.09387
-0.00030
0.01720
0.05692
0.03754
-0.02324
-0.08191
0.05601
0.03205
0.10825
-0.03798
0.02486
-0.03360
-0.01353
-0.03514
-0.07498
-0.00339
0.04999
-0.01445
-0.02539
-0.05843
-0.04413
0.03440
-0.09276
-0.09652
-0.02880
-0.01267
0.02465
0.02290
-0.01034
0.00916
0.00479
0.09568
0.04036
-0.05084
-0.00812
0.05658
0.00157
0.00238
-0.08705
-0.03614
0.08625
0.03869
0.02459
0.01827
0.09290
-0.06723
0.00766
0.02484
-0.01052
-0.03427
0.00180
0.10365
-0.02806
-0.01301
0.03302
-0.05262
0.03628
-0.05452
0.04114
-0.02519
-0.03068
-0.08737
-0.04880
0.05165
0.03616
-0.03836
-0.00133
0.02419
0.01417
-0.02311
0.04998
0.06966
-0.01013
-0.00269
0.02121
0.03883
-0.00240
-0.01141
-0.02022
0.07959
0.00239
0.07910
-0.01313
-0.00849
-0.01767
0.02728
-0.01750
-0.04495
-0.01642
-0.00959
0.03467
0.00499
-0.06986
-0.03782
0.00975
-0.00389
0.06321
0.00949
0.02851
-0.01095
0.02609
0.03612
0.00916
0.00110
-0.00657
-0.05228
0.13015
0.01711
-0.11845
-0.03547
0.03446
-0.01537
0.03237
-0.04712
-0.05162
-0.04921
0.03581
-0.03431
0.00968
0.04788
-0.04321
-0.10944
0.06982
-0.10534
0.07865
-0.02822
0.01818
0.00539
-0.03841
0.05765
-0.00933
-0.05659
-0.01982
-0.03912
-0.04042
0.00606
-0.09818
-0.01863
-0.08766
-0.01991
0.12431
0.00551
-0.01027
-0.01939
0.03719
0.01638
-0.03197
-0.02724
-0.04552
0.02017
-0.08256
-0.00018
-0.00584
0.04171
-0.01023
-0.05003
-0.04700
0.03212
0.07797
-0.00552
-0.06917
-0.01602
-0.01852
0.01286
0.07059
-0.03477
0.01848
0.05785
-0.02005
-0.03620
-0.00435
-0.03552
-0.03060
-0.04224
-0.10897
0.02500
-0.03610
-0.00821
0.00263
0.00848
0.08301
0.02474
0.00226
0.00730
-0.00029
0.01485
0.00057
-0.04225
0.02216
-0.04240
-0.06232
0.02934
0.05341
0.06072
-0.05224
0.04991
-0.02134
0.03360
-0.01142
-0.08977
0.06709
0.03199
-0.06319
0.05140
-0.03275
-0.01838
0.04045
0.03413
-0.02948
0.04600
0.02331
0.02296
0.01475
-0.03583
-0.00488
-0.04361
0.02638
-0.00977
-0.03476
-0.02830
0.01464
0.10438
-0.01683
0.08953
-0.07001
-0.02240
0.01320
-0.06770
-0.04622
-0.02127
0.00636
0.05701
-0.05670
-0.08321
-0.01656
-0.00750
0.02877
-0.02444
0.01466
-0.01470
0.01088
-0.04725
-0.00756
-0.04450
-0.00520
0.02610
-0.04606
-0.07203
-0.00866
0.06806
0.06825
0.05313
-0.05617
-0.02862
-0.04919
0.05316
-0.05824
0.05344
0.07500
-0.01540
-0.00269
0.00227
0.09915
-0.00991
