0.00071
-0.00567
-0.07977
-0.01429
-0.05223
-0.04397
-0.04275
0.04389
-0.05502
0.00856
0.08937
0.06776
0.05739
0.02963
0.04814
-0.00235
-0.02596
0.02978
-0.03686
-0.01465
-0.04887
0.00422
0.06964
-0.04352
0.04784
-0.04548
-0.09151
-0.07457
0.03624
0.01278
0.00035
-0.02369
-0.02303
0.04807
-0.03209
0.05571
-0.00415
-0.03363
-0.02607
0.06496
-0.02996
-0.01863
0.00617
0.04184
-0.01770
0.05563
-0.02301
0.01079
-0.01972
-0.02996
-0.02903
-0.06895
0.01268
-0.00752
-0.04184
-0.01085
-0.05594
0.02209
-0.06341
-0.00438
-0.02475
0.08084
-0.08627
0.02985
0.04773
-0.01708
-0.03769
-0.03765
0.00046
0.01670
0.03861
0.03596
0.02928
-0.03854
0.02434
-0.09653
-0.03521
0.00658
0.03750
0.03838
0.01160
-0.01284
-0.03869
0.00965
0.03486
0.01569
-0.03272
0.11216
-0.03721
-0.00271
0.07706
0.00946
-0.03098
-0.08597
0.01795
-0.04659
0.05155
0.03353
-0.02350
0.08361
-0.02305
0.05700
0.06791
0.05320
-0.00165
-0.02585
0.00611
-0.00217
-0.01048
-0.00493
0.02262
-0.00011
0.05207
-0.00401
-0.03153
-0.03390
0.00032
0.01275
-0.09320
0.00409
-0.00139
0.02179
-0.04829
0.03365
-0.00928
-0.01201
-0.04426
0.03080
0.04895
-0.03437
0.00402
-0.04732
0.04715
0.05656
0.02600
0.03724
0.03658
0.02379
0.00840
0.05292
-0.03756
-0.00043
0.00034
-0.01148
0.02140
0.00184
-0.09699
0.02390
0.06935
-0.01757
0.02685
-0.01753
-0.02655
0.04699
0.08458
-0.04891
0.02742
-0.01547
-0.07578
-0.01279
-0.00425
0.01661
0.01150
0.02569
0.05675
-0.00750
-0.03840
0.01988
-0.06650
-0.00707
-0.08887
-0.03532
-0.02305
0.05277
-0.03408
-0.03973
0.06841
0.01319
-0.05157
0.03954
0.00259
-0.05906
0.02588
0.05221
0.02410
0.01068
0.06784
-0.02400
-0.02909
0.00566
-0.02719
-0.02984
0.07193
-0.00355
-0.01551
0.06015
-0.02601
0.00644
0.06149
0.04168
0.02736
-0.00454
-0.01040
-0.04240
0.02114
0.00558
0.00512
0.00426
0.03272
0.03408
-0.08032
0.02950
-0.02480
0.01455
-0.01029
0.03204
0.02202
-0.01850
0.02959
-0.04528
-0.03867
0.02335
0.05081
-0.04080
0.06082
-0.00345
-0.01469
0.02198
-0.02771
0.03433
-0.04933
0.05338
0.00412
-0.01440
-0.00374
-0.03412
-0.01816
0.01741
0.06241
-0.02588
-0.05845
-0.01386
0.03231
-0.00646
0.03252
0.04794
-0.02821
0.06920
0.04694
0.04453
0.04831
0.05206
-0.01500
-0.03849
0.00928
0.01030
0.06818
0.00867
0.02830
0.01171
-0.02857
-0.04737
-0.07781
-0.01808
0.03276
-0.05673
-0.02522
-0.00617
-0.04005
-0.00805
-0.05788
-0.05937
0.01675
0.03608
-0.04127
-0.00080
0.03758
-0.02042
0.01525
0.04813
0.04879
0.03290
-0.05028
-0.00734
0.04464
-0.01079
-0.02208
-0.01408
0.02117
0.02476
0.02115
-0.03329
0.05988
0.04186
-0.00125
-0.01032
-0.01584
0.01069
-0.04707
0.07741
-0.00794
0.03025
-0.00804
-0.02726
0.03477
-0.03920
0.03733
-0.05677
-0.02515
-0.02565
-0.07772
0.03878
0.03718
-0.00620
0.09820
0.01003
0.00534
-0.06350
0.00560
0.02128
-0.02249
-0.03441
-0.04417
0.02088
-0.00974
0.03724
-0.04601
0.08536
0.01636
0.04842
0.06317
0.03637
-0.08918
0.01859
0.03829
-0.00119
-0.05042
0.05531
-0.03450
0.04079
0.02309
-0.00920
0.01845
0.03000
0.05610
0.04178
0.00067
-0.03270
0.06464
0.03921
0.03728
-0.03640
0.01961
0.01703
0.06708
-0.01103
-0.07666
-0.00098
0.03333
-0.07576
0.01409
-0.07693
-0.09520
-0.04605
0.01762
-0.03242
0.05197
0.02352
-0.09624
-0.05363
-0.00829
-0.09794
0.04410
-0.00470
0.03302
0.02619
0.02065
0.05346
-0.02664
-0.01485
0.00138
-0.03952
-0.02773
0.02759
-0.01682
-0.07421
-0.07814
-0.00946
0.03534
0.03494
0.04111
-0.00857
0.02184
0.01760
0.01048
-0.01761
0.00809
-0.00052
-0.04467
0.04714
-0.01406
0.06065
0.06305
-0.01022
0.00961
0.02567
0.04491
-0.01762
-0.03276
-0.00498
0.01000
0.01577
0.00909
-0.01607
0.00583
0.00082
0.07928
0.03903
-0.00451
-0.06250
0.01367
0.00596
-0.09308
0.01286
0.01265
0.07017
0.06774
-0.04832
0.05815
0.00677
0.02736
0.08178
0.00096
-0.02156
0.01083
0.02790
0.00429
-0.05860
-0.11512
0.03674
0.04826
0.03406
-0.00070
0.07209
0.00484
-0.00370
-0.04754
-0.03903
0.02969
-0.02170
0.02451
0.01148
0.02198
0.02990
0.05422
0.02012
0.01019
0.06346
0.06063
-0.04140
0.00474
-0.01137
0.02303
-0.04881
0.01783
-0.00433
0.00170
-0.01864
-0.01501
0.08481
0.01352
0.04382
0.04651
-0.08771
-0.02041
-0.07688
-0.05533
-0.06570
0.05082
0.07324
-0.04643
-0.01349
0.00271
0.03587
-0.01431
-0.04034
0.00222
0.03172
0.02927
-0.06862
-0.02413
-0.05038
-0.05900
-0.00516
0.01700
-0.06373
-0.00049
0.10656
0.04271
-0.03688
-0.05018
0.00589
-0.02172
-0.01420
-0.05966
0.04566
-0.01140
0.04311
-0.02502
-0.06556
0.04978
-0.00175
