0.05425
-0.04217
-0.06366
-0.03957
0.01259
0.01926
0.01473
0.06780
-0.01314
0.03419
-0.06985
0.05758
0.00911
-0.02790
-0.00274
0.00392
-0.00935
-0.06281
0.05098
-0.01324
-0.00163
0.01353
-0.00874
-0.06858
0.02102
0.00182
0.00172
-0.05004
0.00695
-0.00323
0.00886
-0.04809
-0.01414
0.02674
-0.01922
-0.03851
-0.02343
-0.01407
-0.02806
-0.00344
-0.00851
0.01150
-0.00101
0.05107
0.04838
0.07409
-0.01133
-0.00085
-0.05576
-0.03394
0.06157
0.01475
0.02404
-0.02878
-0.09019
0.00582
-0.00146
0.07545
-0.06560
0.02249
0.00291
-0.01086
-0.03530
-0.03243
-0.10936
0.01013
-0.01137
0.01309
-0.00898
-0.02149
-0.01741
-0.01376
-0.00267
-0.00094
0.04462
-0.01640
-0.01942
-0.01648
-0.00894
0.00719
-0.03323
0.00793
-0.00692
-0.09681
-0.11094
-0.01131
-0.02270
0.01008
-0.02273
0.06813
0.00939
-0.05643
0.03432
-0.05292
-0.01645
-0.00054
0.05677
0.05853
-0.09209
-0.02645
0.03828
-0.01155
0.07911
-0.00348
0.02095
-0.04097
-0.00091
0.00530
-0.02589
-0.04086
0.03092
-0.01986
-0.01957
-0.04787
0.14469
-0.00058
0.03747
-0.01935
0.04419
0.00480
-0.00623
0.07129
0.02546
-0.04204
0.02201
-0.02885
-0.01575
0.00734
0.02344
-0.01882
-0.02290
0.03290
0.01696
-0.02553
-0.05034
-0.05136
0.02363
0.05449
0.05123
0.02997
0.00584
-0.01702
-0.02352
0.02713
0.06374
-0.04555
0.05758
0.00729
0.02264
0.00912
-0.00240
-0.00547
-0.04020
-0.01129
0.01897
-0.04966
0.00715
0.01389
0.04846
0.04273
0.04479
-0.04782
-0.03682
-0.02615
0.06906
0.08843
-0.00014
-0.01371
-0.00062
0.07820
0.04619
0.03057
0.05459
-0.01856
0.04724
-0.03732
-0.00011
-0.05713
-0.00162
0.01272
-0.02799
0.02829
-0.04770
-0.03416
0.03382
0.01999
0.02889
-0.03821
0.04021
0.00386
0.05726
-0.04558
0.05140
-0.01866
0.04078
-0.06292
0.08426
-0.00595
-0.02951
-0.05306
0.04475
-0.06490
0.00166
-0.01996
-0.02207
0.04338
0.06088
-0.02210
0.00741
0.02847
-0.04567
0.00026
-0.00472
-0.03945
0.09002
-0.01354
-0.01934
-0.02226
0.05645
0.00465
-0.08875
-0.03893
-0.02991
-0.06375
0.02997
-0.00597
0.01760
-0.00928
0.03513
0.04577
0.00905
0.01164
0.02450
0.00864
0.00328
0.05061
0.01011
-0.09806
0.00377
-0.02611
0.01340
0.00528
0.04896
-0.01370
0.05178
0.01706
0.02348
-0.03726
-0.02305
-0.00418
0.02998
0.07332
0.02136
-0.03090
0.01720
-0.02996
0.02407
0.00887
0.00789
0.02635
-0.00921
0.01232
-0.06365
0.00278
-0.01407
0.03912
0.04659
-0.02154
-0.05701
0.00801
-0.04070
0.08783
-0.03871
-0.01147
-0.02346
-0.07068
0.05170
0.00968
0.03032
-0.04980
-0.00601
0.03829
0.07475
-0.08367
-0.03106
-0.02674
0.00257
-0.01368
-0.06316
-0.00143
0.01152
0.03593
-0.01068
0.03507
-0.01352
0.02416
-0.00645
0.03046
-0.00158
0.03984
0.05307
-0.01823
-0.02046
0.03062
-0.01705
-0.01595
-0.02217
-0.03098
0.01159
0.06248
-0.01352
-0.01751
-0.02595
0.03065
-0.00401
-0.08267
-0.02447
-0.05495
0.01061
-0.03589
0.05091
0.01629
-0.12053
-0.02813
-0.05329
0.01549
0.03364
-0.05993
-0.06997
0.02141
-0.00598
0.04071
-0.00335
0.01683
-0.01530
-0.02354
0.01105
-0.00134
0.07168
-0.01972
0.02895
0.00075
0.07461
0.05480
-0.07991
-0.02352
0.02402
-0.06695
-0.01837
-0.00035
-0.02787
0.02603
0.01080
0.00103
-0.02795
0.01449
0.10765
0.03340
-0.07161
-0.05004
0.03717
-0.04323
0.00751
0.03629
-0.02474
-0.00120
0.01260
0.00238
0.03497
0.00696
-0.01993
0.02648
-0.03591
-0.02971
-0.00951
0.00223
-0.01734
-0.01962
0.02285
0.01327
-0.04551
-0.01458
0.00686
-0.01105
0.02680
0.00805
0.01581
-0.05029
-0.07434
-0.03586
0.05579
0.02502
-0.00744
0.03024
0.00848
0.01809
0.06402
0.05709
0.03473
0.05240
0.01710
0.00457
0.04635
0.03321
-0.09432
-0.01892
-0.00324
-0.01600
-0.01893
-0.01195
0.04886
-0.00123
-0.06539
-0.01318
-0.03775
-0.02486
-0.01493
0.00924
0.06873
-0.05862
-0.02833
0.07027
0.06346
-0.00839
-0.03201
0.00452
-0.01052
-0.00532
-0.01395
-0.07608
0.02277
0.03897
-0.00058
-0.01083
-0.01035
0.00947
0.05459
0.05840
0.02624
0.02921
-0.03265
-0.01247
0.04403
0.02512
-0.00527
-0.01218
-0.01732
-0.08135
0.04882
-0.08650
-0.01154
0.02755
-0.06436
0.00371
-0.02742
-0.02422
0.03348
0.00971
-0.01421
-0.00971
-0.00843
-0.03570
0.06077
-0.01113
-0.02824
0.00577
-0.06461
0.08478
0.02143
-0.00249
0.04499
0.02218
0.06194
0.00141
-0.03518
0.03122
0.01473
-0.02028
0.03758
0.01305
-0.07801
0.01331
0.07435
0.00989
0.09547
0.00055
-0.08307
-0.02810
0.05012
-0.04025
-0.05619
-0.00146
-0.00621
-0.04367
0.04369
0.08329
0.02430
-0.04435
0.06016
0.05466
0.01174
0.00365
-0.02802
-0.02875
-0.01602
0.07240
0.03251
-0.05073
-0.06095
-0.02006
-0.03964
-0.06811
