0.02222
0.01416
-0.00053
0.07176
0.00406
0.00544
0.02305
0.01354
-0.02384
-0.00125
0.00603
-0.03240
0.05388
-0.03193
-0.02389
-0.00442
-0.10102
-0.03726
0.06062
-0.00265
0.03215
0.05650
-0.01636
-0.03721
0.03989
0.05401
0.06680
-0.09202
0.02755
-0.06460
0.06475
0.07513
-0.01083
0.00999
0.00491
0.01570
0.03568
0.01241
-0.02529
-0.04092
0.00971
-0.05883
0.06707
-0.01282
-0.02985
0.00827
-0.09104
0.02004
-0.04551
-0.01341
0.09546
-0.04487
-0.00022
0.00824
-0.01263
-0.03824
0.06607
0.04047
-0.00568
0.01094
0.06958
-0.02977
0.01922
-0.03883
-0.06675
0.01108
-0.03298
-0.05192
0.00404
0.00570
-0.01129
-0.01956
0.01299
0.03179
0.07840
-0.00379
-0.02631
-0.01092
-0.04329
0.00105
0.05146
0.01222
-0.02702
-0.10887
-0.04627
0.01664
0.05340
-0.00249
0.00571
0.04312
-0.03476
0.00510
-0.00893
0.03269
0.00107
-0.00703
0.04375
-0.03902
-0.12142
0.06863
0.01040
-0.06151
0.07562
-0.04490
-0.04341
-0.05909
0.00458
-0.04600
-0.03591
0.01461
0.03503
0.01184
-0.01521
-0.04312
0.05815
-0.03612
-0.02149
0.00157
-0.04685
0.05434
-0.01566
0.05850
-0.04584
0.01306
-0.06468
-0.07982
0.02642
-0.01045
0.07710
0.04806
0.07349
-0.04782
0.02591
0.03282
-0.04826
0.07816
0.06735
0.04143
-0.01610
0.03500
0.05550
-0.01056
0.01579
0.01690
0.01570
0.04241
0.06239
0.03276
0.06028
-0.03303
0.01803
0.06101
-0.07555
-0.07412
0.04471
-0.04186
-0.05616
0.07700
0.00569
0.06986
-0.00448
-0.04525
0.04673
0.01609
-0.01741
-0.01426
-0.08057
-0.03659
0.02142
0.02345
0.05339
-0.01147
0.07230
0.02560
0.03453
-0.04506
-0.02665
-0.03532
-0.05514
0.05766
-0.03286
0.04492
-0.02813
-0.09191
-0.01225
0.03222
0.09659
-0.01434
0.00133
0.02440
-0.00742
0.06610
0.07755
-0.03239
0.00457
0.00648
-0.00195
-0.02772
0.04070
-0.08007
0.03386
-0.03486
0.00007
0.05948
0.01595
0.00707
0.06101
0.00498
-0.03276
-0.01736
-0.02156
-0.04016
0.01880
0.07401
0.03631
0.04296
0.04311
-0.05257
0.03271
0.01708
-0.00904
-0.01934
-0.00477
0.03765
0.03010
-0.00334
-0.03172
-0.03231
0.02700
0.00623
0.01768
0.08189
-0.00894
0.00098
-0.08854
0.06906
-0.05499
0.02890
0.00613
-0.05970
-0.07271
0.02274
-0.04642
0.01946
0.04769
0.03886
0.01938
-0.06325
0.04494
0.03692
-0.06993
-0.03075
-0.02949
-0.03496
0.01866
-0.03339
-0.06417
-0.01328
0.01667
0.01095
0.00595
0.03786
-0.03723
-0.01227
-0.00703
-0.05359
-0.00908
-0.02043
-0.02294
-0.01669
0.07077
0.07288
-0.03696
0.01637
0.04540
0.04817
0.05105
-0.02758
0.04049
0.10134
-0.00155
0.01362
-0.05550
-0.10068
-0.04004
-0.02899
-0.05499
-0.04728
-0.01256
0.06540
0.03120
0.01470
-0.00491
0.05410
-0.02075
0.01578
-0.03401
-0.01357
-0.02330
0.04846
-0.00978
0.02901
0.04525
0.00863
-0.02084
-0.03662
-0.02242
0.06505
-0.01977
-0.02675
-0.00528
0.03193
0.02982
0.01919
-0.00789
0.02788
0.08095
-0.11538
0.01075
-0.01622
0.06508
-0.03020
-0.09630
-0.00578
0.02124
0.02906
0.01912
-0.01835
-0.05560
-0.02080
0.03116
0.02128
-0.00071
-0.01189
-0.02217
0.03019
-0.00226
-0.03267
0.02825
-0.07227
0.01344
-0.02341
0.03918
-0.01010
0.00920
-0.04849
-0.03391
0.00881
-0.04630
0.00445
-0.09506
0.00846
-0.01557
0.04428
-0.05633
0.04601
0.06035
0.03869
-0.01680
-0.00196
0.08101
0.00507
0.02037
-0.01441
0.00752
-0.01622
-0.04252
0.02324
-0.05118
-0.04112
0.06465
-0.01666
-0.08261
0.02205
-0.05401
-0.03558
-0.03183
0.01332
-0.02564
-0.01135
-0.03350
0.07485
0.08224
-0.02329
0.02247
-0.09427
-0.07179
-0.02402
-0.07177
-0.00178
0.10855
-0.09244
-0.00209
-0.02540
-0.00533
-0.06994
0.02265
0.12992
-0.05672
-0.00150
-0.04652
-0.00111
-0.01339
0.04338
-0.04773
0.03324
-0.01361
-0.00009
0.04739
0.06511
0.03338
-0.01026
-0.02769
-0.03798
0.00930
-0.01947
-0.06931
0.00993
-0.03327
-0.00246
-0.03766
-0.01756
0.02061
-0.04241
-0.05386
0.04655
0.01895
-0.01094
0.09957
-0.03272
-0.02831
0.01816
-0.00152
-0.05949
0.01629
0.02856
-0.02343
-0.04875
0.00763
-0.00745
0.00728
0.03131
-0.03196
0.02518
-0.02933
-0.04307
-0.05845
0.02925
0.00463
-0.04586
0.01526
-0.05299
-0.10116
-0.01333
-0.01608
0.02286
-0.01111
-0.02298
0.03284
0.06470
-0.00833
0.07508
0.09952
0.07908
-0.07319
0.02703
0.00281
0.02557
0.00553
-0.03658
0.05351
-0.01765
0.02494
-0.04279
-0.02772
0.01039
-0.02643
0.05681
-0.00295
-0.01487
-0.08495
-0.03454
0.07824
0.04911
0.01584
-0.06203
-0.01539
0.07063
-0.06572
-0.04024
0.00751
-0.03836
0.05197
-0.06518
0.03004
0.04208
0.01501
-0.01564
0.05888
-0.04204
0.08469
-0.02912
0.02010
-0.04311
-0.03953
0.04101
0.05467
-0.08517
-0.04134
-0.00425
-0.00075
0.00448
