0.07716
0.00827
-0.07941
0.02318
0.02227
0.02643
0.02932
0.08063
-0.04300
-0.01065
-0.01615
0.00583
-0.00690
-0.04358
0.02755
-0.01519
-0.00467
-0.03736
0.02365
-0.05152
-0.05863
-0.00476
-0.02034
-0.00928
0.01812
-0.00762
0.03193
-0.05971
0.04829
0.03590
0.02252
-0.01418
0.01986
0.01444
-0.02543
-0.04580
0.02544
-0.01421
0.03018
-0.00082
-0.05486
0.04814
-0.00183
-0.00550
0.04387
0.05032
-0.01958
-0.01960
0.02116
-0.01482
-0.01783
0.01318
0.00004
-0.01750
-0.06917
0.02422
0.04742
-0.02198
-0.02810
0.01793
-0.04919
0.01962
-0.03427
-0.03867
-0.01870
-0.00110
-0.02188
-0.02681
0.03242
-0.06201
-0.02821
0.00901
-0.02871
0.02206
0.03346
0.00849
-0.01112
-0.05402
-0.04670
0.04334
-0.00415
-0.00450
0.00386
-0.01538
0.01513
-0.00260
-0.05498
0.01154
0.01621
-0.01001
-0.00559
-0.06311
0.02931
-0.06514
0.01118
-0.00253
-0.04191
0.00887
-0.05018
0.01779
-0.00386
0.01517
0.05355
-0.00147
0.02433
-0.03199
-0.05915
-0.06061
0.02347
-0.09037
0.04617
0.03536
-0.06102
-0.07607
0.05580
0.03430
0.02322
-0.04767
0.04242
0.02723
-0.04229
0.05629
0.05646
-0.05022
-0.00087
-0.05528
0.00634
-0.09045
0.04153
-0.00403
0.00401
0.02283
0.02818
0.02035
-0.04447
-0.02749
-0.00509
-0.01970
0.06428
0.01084
0.00188
0.05834
-0.05828
0.00517
0.08252
-0.00587
-0.00974
0.00177
0.02908
0.01474
0.03336
-0.00041
0.01021
0.03708
0.00526
0.04417
-0.01370
0.03027
0.05887
-0.06496
0.04415
0.00974
-0.05093
-0.03786
0.03782
0.06492
-0.01000
0.06335
-0.02153
0.07196
0.01117
0.02877
0.02274
-0.01450
0.05604
-0.00508
-0.00499
-0.08507
0.02317
-0.00690
0.01803
-0.04155
-0.00667
-0.02804
0.03377
-0.01658
0.04331
-0.02180
0.02229
0.01682
-0.03431
-0.00357
0.05373
-0.04311
0.02912
-0.05483
0.05867
-0.01616
0.03771
0.01493
-0.01764
-0.02249
0.06612
-0.02255
0.04546
0.06571
0.01057
-0.05128
-0.00388
0.07691
-0.03977
-0.02098
-0.02360
-0.03313
0.03791
0.03839
-0.00705
-0.05977
0.04425
-0.02912
-0.05248
-0.06028
-0.01549
-0.01250
-0.00156
-0.05781
0.03697
0.01023
0.01518
0.02747
0.00871
0.01984
0.00193
-0.02070
-0.00125
-0.03660
0.04408
0.00550
0.01348
-0.03196
0.06085
-0.02004
0.04179
-0.04187
0.01820
0.01849
-0.04820
-0.04069
-0.07071
0.01192
0.05587
0.05748
0.03592
0.04066
-0.01437
-0.05439
0.00956
0.04086
0.09225
-0.02347
-0.01561
-0.00490
0.01380
-0.04962
-0.00366
0.01068
0.02574
0.00531
-0.07844
-0.07542
-0.01570
0.05826
0.00066
0.00767
-0.03774
-0.02182
-0.02185
0.05006
-0.02111
0.01102
-0.01256
0.05279
0.00773
-0.02169
-0.05938
-0.04569
0.05689
-0.01441
-0.02266
0.00326
-0.05607
-0.04681
-0.06483
0.05963
0.00709
0.00392
-0.05131
0.00655
-0.00108
0.02190
0.03993
-0.03988
-0.01331
-0.01824
-0.04582
-0.03338
0.00512
0.02373
-0.01024
0.03933
-0.03643
-0.04364
0.00316
0.01994
-0.01028
-0.00008
0.00886
-0.02511
0.01436
-0.01901
0.03308
-0.01366
-0.01613
-0.01274
-0.02518
0.01835
0.02499
-0.02755
-0.03986
-0.01240
0.04397
0.00779
-0.01105
0.04583
-0.05890
0.00760
-0.04091
-0.00640
0.08232
0.01602
0.05377
-0.01274
0.01382
0.03492
-0.03022
-0.06618
0.02510
-0.04809
0.00635
0.00849
-0.03011
0.03561
0.01077
-0.02509
0.01283
0.01735
0.03700
0.01948
-0.06912
-0.04644
-0.04053
-0.08152
0.00079
0.02678
0.00430
0.06025
0.02843
-0.01230
0.01545
0.10867
-0.00565
-0.00655
-0.02253
-0.07934
-0.01485
-0.00022
0.02923
-0.04719
0.04902
-0.02433
-0.07983
-0.08214
-0.06060
-0.00022
-0.01617
0.05042
0.01914
-0.01229
-0.01044
-0.02828
0.02592
0.05457
-0.02515
-0.00824
0.04135
0.06831
0.08809
0.03692
0.01045
-0.01455
0.01207
-0.00415
0.01183
0.06170
-0.03131
-0.02117
-0.06868
-0.02654
-0.05484
-0.00824
0.05973
-0.04396
-0.05894
-0.04432
-0.02658
-0.02039
0.02016
-0.00606
0.04593
0.02915
-0.03436
0.05878
0.01862
-0.01290
-0.04097
0.04709
-0.02241
0.07473
0.01917
0.01677
0.04495
0.04649
-0.08528
0.01582
-0.04327
-0.02890
0.00301
-0.00060
0.02872
0.02017
-0.05139
-0.01734
-0.01801
-0.01678
0.02600
0.01885
-0.02169
-0.02257
-0.01587
-0.08720
0.02947
0.00640
-0.00611
-0.01920
0.00351
-0.01978
0.03212
0.04931
0.02898
0.05990
-0.00359
0.02593
0.01207
-0.01758
-0.06677
-0.03635
0.00341
0.01814
0.03013
-0.02001
-0.00065
-0.00033
0.03788
-0.03439
0.00099
-0.01504
-0.02490
-0.06408
0.03436
0.01737
-0.00262
0.04203
0.05240
-0.02531
0.02955
-0.00098
-0.10871
0.02499
0.00371
0.02226
-0.00415
-0.04902
-0.00832
-0.04321
0.05857
0.01244
0.00988
-0.02505
0.05091
0.01250
0.04766
-0.01721
-0.00661
0.01543
-0.04304
0.03838
0.02812
0.05186
0.02540
-0.03440
-0.02759
-0.05439
