0.07096
-0.01566
-0.05010
0.02573
-0.03001
-0.00952
0.00181
0.02215
-0.03791
0.04136
-0.00075
0.07886
0.02683
0.05738
0.01274
-0.02142
0.06630
0.05844
0.02776
0.03840
0.02973
0.04614
0.04776
-0.00140
0.02354
-0.06021
-0.00252
0.00528
0.08603
-0.06012
0.06038
-0.00627
0.01904
-0.01297
0.00259
-0.10629
-0.06688
-0.02917
0.05091
0.01737
-0.06782
0.00423
-0.01233
0.01617
-0.00717
0.04781
0.02763
-0.00590
-0.02406
0.06006
-0.03886
-0.00917
0.04927
-0.03342
0.00564
-0.00805
0.01016
-0.00246
-0.01464
-0.00142
-0.03411
0.08175
-0.03135
0.04795
0.00236
-0.01537
-0.01088
-0.03294
0.01923
-0.05590
-0.00482
0.02829
-0.04540
0.09226
-0.00415
-0.00708
0.01913
-0.04001
-0.00750
-0.04890
0.01083
-0.00392
-0.09125
-0.00964
-0.00984
-0.01358
-0.00272
0.00897
-0.10097
-0.04656
0.01044
-0.05469
0.03782
-0.03869
0.00578
0.02525
-0.05889
-0.01419
-0.01747
0.03165
0.01588
0.08994
0.05551
-0.04342
0.04263
-0.03094
-0.11166
-0.03653
-0.03457
-0.02098
0.06642
-0.00810
-0.02763
-0.03409
0.02621
0.00909
0.03900
0.02949
-0.04386
0.01636
-0.00246
0.08777
0.03329
-0.03284
-0.05281
0.03123
0.05706
-0.08877
0.03710
-0.00878
0.00085
0.02289
-0.01495
-0.03521
-0.03248
-0.04096
-0.05947
-0.00700
0.11363
-0.01044
-0.02420
0.05412
0.04125
-0.07147
0.02042
0.02509
-0.04408
-0.00208
0.03501
-0.03839
0.03906
0.01016
-0.00887
0.03674
0.05770
-0.02332
-0.05132
0.01504
-0.01343
-0.05706
-0.02449
0.05515
0.04220
0.03481
0.06235
0.04719
-0.00053
0.03247
-0.07282
0.01993
-0.11029
0.00116
0.04170
-0.05783
0.00862
-0.03695
-0.06360
0.06363
0.04617
0.05675
-0.00866
-0.09350
0.01409
-0.02551
0.03010
-0.01744
0.01662
-0.05387
-0.03724
0.00418
-0.00491
0.01517
0.08182
0.02744
0.00320
0.03245
-0.05617
-0.04147
0.06194
-0.00787
0.06296
0.01950
0.02351
-0.07585
0.02305
-0.02402
-0.05500
-0.02370
-0.00568
0.02085
-0.03505
0.06413
-0.07050
0.01180
-0.02178
0.04433
0.05499
-0.08297
-0.04018
-0.04150
-0.00225
0.04641
0.06562
0.03641
0.02947
-0.02905
0.04620
0.01370
0.03146
0.00279
0.01415
-0.03553
0.08480
-0.05888
-0.04929
0.01107
-0.00799
0.00868
0.12549
0.00874
-0.01031
-0.04145
0.02015
-0.01816
-0.02018
-0.00679
-0.04795
-0.01918
-0.05683
0.03974
-0.02140
0.02307
0.03150
0.07380
-0.00427
-0.03102
0.01555
0.02757
0.00634
0.00719
-0.06764
-0.02793
-0.00070
-0.01356
-0.02568
-0.05396
0.00129
-0.02662
0.03830
0.00728
0.02274
0.02617
0.06961
0.02634
-0.03691
0.03690
-0.03131
0.02434
-0.00427
0.01214
0.02572
-0.01319
-0.04480
-0.02330
0.06960
0.02713
0.03796
-0.06833
-0.05881
0.03008
-0.01832
0.00211
0.01797
0.01856
-0.01739
0.00633
-0.08442
-0.03356
0.01912
-0.03003
0.06854
0.01220
0.00854
-0.01220
0.02275
-0.03811
-0.01063
-0.01175
-0.04902
-0.01211
-0.05341
-0.02265
0.00180
0.07070
0.01011
0.00435
-0.01832
-0.03760
0.02913
0.00969
-0.00737
-0.04544
-0.02981
0.00984
0.01913
0.03138
-0.02338
-0.01546
-0.03861
0.00423
-0.07179
0.02870
-0.08918
0.02480
-0.02162
-0.00818
0.00836
-0.04466
-0.03002
0.08496
0.04283
-0.04410
0.03059
0.03813
0.03444
0.02874
0.03505
-0.01789
0.03826
0.09491
0.03964
-0.02079
0.01879
0.02419
0.03177
0.01577
0.02844
-0.01003
-0.02801
-0.01857
0.02040
-0.09286
-0.02082
0.01998
0.02024
0.08915
-0.01077
0.01815
-0.02730
0.00097
-0.06890
0.01694
0.02098
0.00006
0.07266
0.05980
-0.08485
0.01076
0.01351
-0.00023
-0.05892
0.01684
-0.02402
0.02667
0.00532
-0.01209
0.03350
0.01656
-0.03727
-0.03224
0.00310
0.03781
-0.01724
0.04439
0.03470
0.05640
-0.02299
0.04991
0.02142
-0.00635
-0.00272
-0.01039
0.06059
0.02175
-0.02441
-0.03860
-0.04190
0.06080
-0.01952
-0.09301
0.01311
-0.00045
-0.03743
-0.00104
-0.04813
-0.01331
0.06708
0.02211
0.06707
-0.07269
-0.00637
0.04397
-0.06175
0.05394
0.01334
-0.03754
0.06456
0.00848
0.01638
0.02182
-0.04352
0.04701
-0.00274
-0.02370
-0.00726
0.02193
-0.00474
-0.05332
0.02005
-0.01318
0.02763
-0.02202
-0.00692
-0.04581
0.02669
-0.01458
0.03413
0.01502
-0.01603
-0.01505
0.02077
0.03564
0.02443
0.03106
0.00280
-0.02646
0.02179
0.04303
0.03637
0.04898
-0.03880
0.00383
-0.00609
0.03536
-0.02705
0.00853
-0.02163
-0.00301
0.05139
0.07206
0.04159
0.04960
0.07400
-0.01873
-0.05427
-0.05798
-0.00758
-0.06327
0.02755
0.01981
0.00323
0.00545
0.01664
0.05448
0.00548
-0.04424
-0.01379
0.05807
0.08404
-0.03875
0.00389
-0.09671
-0.01213
-0.02161
0.04620
-0.06302
0.07973
-0.00617
-0.04107
-0.01703
0.03530
-0.00694
-0.01006
0.02103
-0.07128
0.03451
0.01793
0.09736
-0.04312
-0.03331
-0.04612
-0.04024
