-0.02418
0.05364
0.02942
0.01627
0.01211
-0.05691
-0.06260
-0.01059
0.04362
-0.08091
0.01292
-0.05813
-0.04731
0.01319
0.01352
0.00944
-0.00894
0.03623
0.00068
0.02922
0.04324
0.02543
-0.04038
0.00198
0.00586
-0.00498
0.04311
0.01992
0.07275
-0.00255
-0.01489
-0.02046
0.02053
-0.00212
0.02826
-0.02497
-0.00474
-0.05867
0.10443
0.02705
-0.02971
-0.06759
-0.02915
-0.00254
0.03539
0.02829
-0.05720
-0.03389
0.09383
0.08546
0.04645
0.02438
-0.08987
-0.01609
0.07662
0.00971
0.01483
-0.08106
0.03969
-0.02520
0.02011
-0.03424
0.00991
0.00159
-0.00796
0.03497
-0.05719
0.04212
-0.01369
-0.08580
-0.03296
0.01426
-0.01384
0.01951
0.06075
-0.00058
0.04882
-0.04685
-0.07115
0.00397
-0.02772
-0.03222
0.03891
-0.02976
0.00398
-0.03550
0.04196
-0.01927
0.03873
0.05930
-0.02711
-0.04615
0.07197
0.04340
-0.12669
0.02754
-0.04786
0.02325
0.00936
-0.01785
-0.01526
0.00320
0.05867
-0.04358
-0.04055
-0.04485
-0.00641
-0.03180
-0.02136
-0.00833
0.00849
-0.03285
0.01017
0.10709
0.03356
0.00495
-0.01230
0.00649
-0.01763
-0.01975
0.03665
0.05344
-0.01378
0.09982
0.02826
-0.03098
-0.00882
-0.03336
0.01631
0.05297
0.01346
-0.01505
-0.05275
-0.01406
0.02468
-0.02011
-0.00959
-0.03185
-0.03423
-0.00440
0.05456
0.04338
-0.05807
-0.04631
0.09359
0.02896
0.02845
0.00067
-0.01587
-0.03090
-0.01472
0.05068
0.03395
-0.02590
-0.01970
-0.06213
0.03801
-0.03081
0.01019
0.01402
-0.00745
-0.06061
-0.03513
0.00083
0.01077
-0.01446
0.07716
0.05094
-0.03935
-0.01745
0.01140
0.07518
0.04161
-0.03000
-0.01330
-0.07636
-0.05538
-0.02859
-0.01910
0.09158
0.12850
-0.03135
-0.03983
-0.02071
-0.00552
-0.00737
-0.09198
-0.06349
-0.05766
0.04835
-0.05181
0.05961
-0.00233
0.02518
-0.04831
-0.05712
-0.03652
-0.03779
0.01066
-0.04390
-0.03457
-0.00972
0.00468
0.04576
0.00335
-0.08104
-0.01482
-0.01942
-0.03610
0.09078
0.09450
-0.02619
0.01309
0.00287
-0.05611
0.01927
-0.06600
-0.03811
0.00916
-0.06554
0.04604
0.02563
0.02526
0.01771
-0.00407
0.05723
0.00172
0.00145
0.06941
0.02408
-0.01855
-0.11987
0.00599
0.04757
0.01751
0.04846
-0.07161
0.02538
0.02957
0.09206
-0.01971
0.01395
0.05204
-0.03045
-0.02239
0.03442
-0.07727
0.01001
0.06413
-0.07190
-0.03496
0.00863
-0.06449
-0.04346
0.07144
-0.03729
0.03590
0.01292
0.02400
-0.03941
-0.04518
0.01378
-0.01211
0.00146
0.03769
-0.00126
0.01005
-0.04841
-0.06497
-0.00337
-0.02487
0.02433
0.02914
-0.01112
0.10778
0.06780
0.00678
0.00130
0.01215
0.03364
-0.02562
-0.05970
-0.02401
0.01469
0.04984
-0.00316
-0.02828
0.02774
-0.00519
0.06545
-0.03838
0.00945
-0.02068
-0.08938
-0.03301
0.06797
-0.08137
-0.04653
0.03735
0.00780
-0.05464
0.00663
0.01893
0.00708
-0.04838
-0.06376
0.12906
0.03527
-0.06352
-0.05679
-0.02591
-0.01107
0.06043
-0.06281
-0.01065
0.01082
0.01142
-0.06438
0.03083
0.06330
0.00235
-0.00622
0.02398
-0.00897
0.04117
-0.07393
0.05549
-0.01043
-0.02613
0.02562
-0.04102
-0.08167
0.01357
0.06778
-0.02854
0.01619
-0.04739
-0.03356
0.03563
-0.03511
0.00789
0.01307
-0.00440
0.05851
0.04116
0.06697
0.00142
0.03210
-0.03777
0.04326
-0.00595
-0.09373
0.01812
0.04906
0.03475
0.02660
-0.03775
-0.01482
-0.07604
-0.01750
-0.00381
-0.01312
0.04011
0.03977
0.04506
-0.08582
-0.00836
0.00030
-0.08252
-0.00443
0.03318
-0.02557
-0.01383
-0.08485
-0.05382
0.00279
-0.03427
-0.01074
-0.08923
0.00949
-0.05463
0.05017
0.01929
0.04050
-0.00717
-0.03456
-0.08320
0.01287
-0.03470
0.01545
-0.02469
-0.02654
-0.03961
-0.04945
-0.01205
-0.01322
0.08070
-0.00166
-0.07454
-0.00961
0.04414
-0.04763
-0.05469
-0.01108
-0.03733
0.00633
-0.05162
-0.02286
-0.01852
0.03506
-0.07923
0.01621
0.00797
0.03939
0.02794
-0.01913
0.00900
0.07042
0.00907
0.03468
-0.03280
0.00525
0.00078
-0.08786
-0.00537
-0.00720
-0.04213
-0.01579
-0.00481
-0.03760
0.00137
-0.03041
-0.02824
0.00460
-0.06289
-0.02936
0.07573
-0.04804
0.01519
0.06409
0.07577
0.08067
-0.10060
-0.05295
-0.04262
0.04812
0.03553
-0.08112
0.02542
0.02626
0.04639
0.03392
-0.01223
0.09103
-0.04409
-0.04462
-0.00118
-0.03923
0.00171
0.11135
-0.04529
-0.07644
-0.02855
-0.01558
-0.01946
0.02623
-0.01713
-0.04487
0.08894
0.00059
-0.04721
0.10435
0.03783
-0.04358
0.04753
-0.01887
-0.06527
-0.04216
-0.00624
-0.02779
-0.02013
0.04503
0.01079
0.06935
-0.00824
-0.01019
0.05317
0.01526
-0.02099
-0.00674
0.00263
0.00518
0.03322
-0.01105
0.00727
0.05707
-0.00089
0.00220
-0.02082
-0.02835
0.04790
0.02891
-0.02123
-0.04393
0.05873
0.05091
0.02765
-0.02413
-0.02657
-0.02265
0.07410
-0.03366
