-0.02434
0.08560
0.01864
-0.02598
-0.01169
-0.11350
-0.02253
-0.04939
0.04447
-0.02640
-0.03177
-0.07228
-0.09493
-0.01708
0.05517
0.02847
-0.00909
-0.01377
0.00894
0.08827
0.02699
0.01046
-0.05575
0.01558
0.02768
-0.04185
0.02369
-0.01752
0.01692
0.00074
-0.04823
0.00925
-0.02915
0.06265
0.05188
-0.04087
0.03200
-0.04266
0.07793
0.04350
0.02467
-0.06580
-0.05240
0.02015
-0.02159
0.01312
-0.03074
-0.02592
0.07038
0.11390
0.07963
-0.00728
-0.11672
-0.05308
0.07156
-0.02235
-0.04988
-0.04985
0.05366
0.00347
-0.01390
-0.01131
0.03680
-0.01510
0.00516
0.01104
-0.03188
0.04641
-0.02324
-0.08811
-0.00974
0.01202
-0.04437
0.03247
0.03831
-0.00908
0.03729
-0.03689
0.02386
-0.00142
0.00633
-0.03641
-0.00989
-0.04787
-0.03434
-0.02971
0.02349
-0.02105
0.02441
0.06129
-0.01159
-0.01545
0.03565
-0.00849
-0.11676
-0.02530
-0.01876
0.04218
-0.00591
-0.05077
0.00204
0.01926
0.00862
-0.04766
-0.03797
-0.02410
0.03153
-0.00618
-0.03128
-0.00310
-0.00484
-0.11430
0.06874
0.12926
0.02702
0.02106
0.02350
0.01138
-0.04179
-0.02085
0.01790
0.07993
0.03362
0.09258
0.05318
-0.01326
0.00664
-0.02731
-0.02468
0.07875
-0.01860
-0.04495
-0.02385
-0.06703
0.04755
-0.06304
-0.02691
-0.01493
-0.02590
0.02221
0.08260
0.01378
-0.02156
-0.00902
0.05642
0.04734
0.00898
0.03965
0.00362
-0.03310
-0.02767
0.05056
0.04031
-0.05581
-0.05521
-0.07629
0.05564
-0.02945
-0.04197
0.05103
0.00524
-0.06170
-0.01870
0.00723
-0.01793
0.00468
0.03041
0.03603
-0.01527
-0.05236
0.00300
0.05149
0.05373
0.00855
-0.03515
-0.06359
-0.02336
-0.02797
0.00709
0.05467
0.09184
-0.02085
0.03456
0.01286
-0.04169
0.00859
-0.05168
-0.02550
-0.04952
0.07242
0.00221
0.05129
0.03235
0.07719
-0.02006
-0.04276
-0.01035
-0.02193
0.00952
-0.05367
-0.05521
-0.07503
0.02972
0.06866
0.05724
-0.08925
0.04814
0.06363
-0.03838
0.07804
0.03800
-0.01159
-0.01376
-0.01682
-0.04315
-0.00994
-0.00493
-0.05717
-0.02000
0.01931
0.02554
0.05915
0.00981
-0.00120
0.02470
0.10494
0.03506
0.00878
0.02646
0.08859
-0.02995
-0.11225
-0.02100
0.03374
-0.00207
0.07285
-0.07229
0.02140
-0.00501
0.05139
-0.00265
0.00734
0.01459
0.00239
-0.00707
0.04005
-0.04717
0.03251
0.10658
-0.10532
-0.03690
0.05058
-0.05936
-0.07321
-0.00753
-0.04597
0.01404
-0.00007
-0.04565
-0.01513
-0.01678
0.01220
-0.03725
0.00111
0.03769
0.04841
-0.01093
-0.01764
-0.02387
-0.01295
-0.02472
-0.00271
-0.01630
0.01723
0.00367
0.05051
-0.03210
-0.02451
0.05218
0.04392
-0.05263
-0.03719
0.01181
0.03019
0.06430
-0.02601
-0.03437
0.00437
0.00128
0.08664
-0.07892
0.05315
0.02582
-0.08060
-0.02058
0.04284
-0.07413
-0.03832
0.03167
0.00891
-0.07077
-0.01319
-0.04454
0.02816
-0.02869
-0.03928
0.12242
0.00333
-0.02608
-0.02355
0.00562
0.02362
0.03551
-0.09179
-0.00932
-0.06780
-0.02584
-0.04272
0.01355
0.00750
-0.00092
0.01970
0.00785
0.03388
0.03359
-0.05724
0.03702
-0.00425
-0.06318
0.07586
-0.07996
-0.04823
-0.02644
0.02752
-0.03807
-0.00349
-0.04310
-0.03340
0.05818
0.00460
-0.01764
0.01548
-0.04617
0.03350
0.01761
0.07155
-0.00639
0.02765
-0.05432
0.06410
-0.01314
-0.05382
0.01183
0.03857
-0.02046
0.02997
-0.02803
0.00450
-0.04294
-0.04498
0.02723
-0.00294
0.00845
0.00483
0.03116
-0.07208
-0.03181
-0.00601
-0.08652
0.00659
-0.01751
-0.00323
-0.01998
-0.04518
-0.02866
-0.00556
-0.04751
-0.03163
-0.06733
0.04495
-0.01678
0.04937
0.02481
0.02305
0.03381
-0.01460
-0.04335
0.07360
-0.02924
0.03395
-0.04072
-0.01259
-0.04178
-0.02383
-0.01049
-0.08155
0.00873
-0.03017
-0.08692
-0.00422
0.05703
-0.06136
-0.02657
0.00277
-0.05826
-0.05265
-0.00163
-0.03782
0.00194
0.02738
-0.11542
-0.02825
-0.02048
0.05808
-0.01955
0.01010
-0.02440
0.04575
-0.01420
-0.00348
-0.04715
0.00836
0.01268
-0.01292
0.02735
-0.03514
-0.00921
-0.02982
-0.04110
-0.01812
-0.00455
-0.08014
0.03958
-0.04820
-0.02851
0.00332
0.04226
-0.04578
-0.02222
0.07087
0.00486
0.03740
-0.01288
0.00277
-0.01189
0.04410
0.11223
-0.08544
0.04395
0.01670
0.03196
0.01159
-0.00539
0.06490
-0.06223
-0.01656
0.01876
-0.03024
-0.01212
0.05674
0.01315
-0.06958
-0.00294
-0.03395
-0.07438
0.02459
-0.00549
-0.02417
0.10631
0.01293
0.00912
0.11880
0.02050
-0.00849
0.06050
0.01742
-0.05156
0.01208
-0.01286
0.01585
-0.03169
0.04176
0.02744
0.11260
0.07279
-0.01740
0.05097
-0.02083
0.03324
0.00781
-0.02374
-0.02330
-0.00202
-0.01535
-0.03490
0.06236
0.03841
0.02196
0.00150
-0.02917
0.04657
0.01491
-0.01393
0.01854
0.02733
0.01751
-0.04963
-0.01130
-0.03354
0.00177
0.07071
-0.01830
