-0.00660
0.05378
0.02240
0.01291
-0.00662
-0.06385
-0.05189
-0.01127
0.01793
-0.07127
0.00248
-0.07071
-0.04637
0.01334
0.01049
-0.01330
-0.01156
0.03339
-0.01262
0.04836
0.03951
0.02375
-0.04147
-0.01498
0.00755
-0.02068
0.05679
0.02439
0.09950
-0.02224
0.00982
0.01301
0.01875
-0.00208
0.03185
-0.03459
-0.01154
-0.06275
0.09763
0.02513
-0.03592
-0.05867
-0.01773
-0.01346
0.04769
0.01650
-0.05183
-0.02825
0.08362
0.08568
0.05906
0.00755
-0.07798
-0.01917
0.06803
0.00928
-0.00323
-0.04892
0.05353
-0.00360
0.02122
-0.02135
0.01603
-0.00849
-0.00667
0.04182
-0.03700
0.05103
-0.02139
-0.08833
-0.02267
0.01784
-0.02019
0.03950
0.05543
-0.01431
0.06491
-0.04084
-0.07681
-0.00231
-0.01908
-0.01036
0.04288
-0.02485
0.00835
-0.05748
0.05341
-0.02208
0.03546
0.07594
-0.01371
-0.05457
0.08300
0.01379
-0.12772
0.02501
-0.05084
0.02130
-0.00964
-0.01027
0.01134
0.00683
0.06779
-0.05491
-0.05013
-0.02212
0.00358
-0.03228
-0.03366
-0.00780
0.02120
-0.02903
0.01917
0.10387
0.03197
0.01582
-0.00979
0.00025
0.00295
0.00038
0.03090
0.06493
-0.00865
0.09143
0.00330
-0.03475
0.00193
-0.04448
0.02039
0.05905
0.01357
-0.02322
-0.06384
-0.01487
0.01710
-0.02717
-0.00615
-0.03383
-0.02471
-0.00772
0.05766
0.03744
-0.06061
-0.04977
0.08502
0.04815
0.01785
-0.00676
-0.00038
-0.03505
-0.00168
0.06178
0.01288
-0.02179
-0.00751
-0.06655
0.02270
-0.04037
-0.00153
0.00506
0.00131
-0.06160
-0.02350
-0.01505
0.03202
-0.01955
0.07888
0.04206
-0.05137
-0.01980
-0.01051
0.07288
0.03136
-0.05244
-0.01313
-0.08253
-0.04268
-0.02600
-0.02095
0.07106
0.12286
-0.02146
-0.03851
-0.04012
-0.00130
0.00869
-0.09660
-0.08940
-0.06700
0.06032
-0.04555
0.05863
0.01385
0.03466
-0.02601
-0.03934
-0.05467
-0.03276
0.01751
-0.05031
-0.05146
-0.01069
-0.00292
0.05027
0.01508
-0.10766
-0.02003
-0.01745
-0.04247
0.10607
0.09137
-0.02500
-0.00397
0.01495
-0.06251
0.04437
-0.05897
-0.03145
0.00164
-0.04617
0.06728
0.04035
0.01325
0.02178
-0.02175
0.06079
0.01252
0.01046
0.05368
0.03843
-0.00101
-0.12258
0.00510
0.02905
0.00392
0.05567
-0.08751
0.01580
0.03675
0.06907
-0.01266
0.00992
0.04230
-0.03748
-0.00217
0.01240
-0.09247
-0.00107
0.06016
-0.07052
-0.04669
0.01693
-0.08171
-0.04940
0.05242
-0.05188
0.04690
0.00936
0.03174
-0.02510
-0.04956
0.00902
-0.00884
-0.01213
0.04863
-0.01997
0.00095
-0.03417
-0.03910
-0.00994
-0.01211
0.03296
0.03078
-0.00561
0.09370
0.05809
0.00406
0.00675
0.00523
0.04153
-0.02008
-0.04593
-0.02961
0.00299
0.05810
-0.01957
-0.01009
0.02241
-0.02599
0.03672
-0.04745
0.02550
-0.04201
-0.10136
-0.03704
0.07541
-0.06722
-0.02871
0.02638
0.01291
-0.02943
-0.00263
0.01153
-0.01562
-0.03703
-0.06428
0.12948
0.03552
-0.06362
-0.03287
-0.03550
-0.01751
0.03623
-0.05440
-0.01917
-0.00058
-0.00663
-0.08956
0.03101
0.06344
0.01452
-0.02540
0.02374
-0.00086
0.05970
-0.09660
0.04700
-0.01064
-0.03573
0.01146
-0.05182
-0.06477
0.01780
0.06402
-0.02056
0.00800
-0.05679
-0.04597
0.03040
-0.02926
0.00690
0.02048
-0.01092
0.04265
0.06059
0.07898
-0.00332
0.02846
-0.00300
0.06649
0.01159
-0.11267
0.02008
0.06761
0.01238
0.01803
-0.03516
0.00359
-0.07133
0.00710
0.00105
-0.02779
0.00866
0.03619
0.03806
-0.07636
0.00401
-0.00762
-0.09332
-0.01338
0.02863
-0.02371
-0.03704
-0.05797
-0.05117
0.00881
-0.04925
-0.00791
-0.08184
0.00267
-0.06041
0.04929
-0.00482
0.01879
-0.02241
-0.03298
-0.08262
0.01554
-0.05432
0.00985
-0.02147
-0.01040
-0.05705
-0.06307
0.01219
-0.00696
0.07656
0.01016
-0.04531
-0.00732
0.04339
-0.03046
-0.05100
-0.00253
-0.04727
-0.01229
-0.05825
-0.03430
-0.00003
0.02272
-0.06535
0.00722
0.00307
0.03826
0.01548
-0.03439
0.00357
0.09070
-0.00424
0.03295
-0.03764
0.03005
-0.00805
-0.06970
0.00764
-0.02027
-0.02757
-0.01263
-0.01444
-0.02433
-0.01611
-0.03651
-0.02669
-0.02350
-0.07448
-0.02098
0.06409
-0.04426
0.02792
0.04629
0.07106
0.05352
-0.09227
-0.05860
-0.04209
0.04979
0.04892
-0.05383
0.02282
0.01561
0.07449
0.02401
-0.01782
0.07997
-0.03066
-0.02001
-0.00550
-0.04246
0.01514
0.11776
-0.05142
-0.07473
-0.02242
-0.01879
-0.01949
0.03479
0.00169
-0.04303
0.07626
0.01604
-0.02497
0.11649
0.05455
-0.03592
0.04899
-0.01095
-0.04974
-0.05235
0.00924
-0.01860
0.00081
0.05083
0.01045
0.09147
-0.00957
-0.02815
0.03365
0.02599
0.00258
0.00596
-0.00839
0.00688
0.03028
-0.02599
0.00881
0.03508
0.00640
-0.01087
-0.01864
-0.03664
0.03006
0.01386
-0.02429
-0.04003
0.05221
0.04494
0.01815
-0.01387
-0.04209
-0.02052
0.08621
-0.02599
