-0.01578
0.08390
0.01861
-0.01279
0.00891
-0.11095
0.00027
-0.03960
0.05501
-0.02388
-0.01003
-0.08821
-0.08905
-0.00973
0.04976
0.01525
0.00013
-0.00752
-0.02267
0.10019
0.02166
0.00930
-0.03756
0.01451
0.00540
-0.04227
0.05114
-0.01151
0.03675
-0.02090
-0.03983
0.02414
-0.03682
0.05873
0.04856
-0.02247
0.03988
-0.04725
0.07782
0.03148
0.01280
-0.05918
-0.01963
-0.00139
-0.01349
0.01575
-0.01717
-0.00678
0.07332
0.11154
0.09829
0.01250
-0.10263
-0.02363
0.07933
-0.03049
-0.04613
-0.05182
0.06042
0.00554
-0.01877
-0.03423
0.02932
-0.02764
0.01231
-0.01435
-0.04445
0.05192
0.01051
-0.07900
-0.02527
0.00154
-0.04873
0.01055
0.05387
-0.01523
0.05733
-0.06009
-0.03201
0.00941
-0.01730
-0.01724
0.00499
-0.05743
-0.03113
-0.01582
0.03703
-0.05867
0.03143
0.07117
-0.03054
-0.01087
0.04392
-0.00990
-0.12109
-0.00445
-0.02866
0.04027
0.00427
-0.05404
-0.01530
0.02746
0.00764
-0.06462
-0.04868
-0.01836
0.01694
-0.00971
-0.02239
-0.00064
0.00526
-0.10883
0.05705
0.10747
0.02609
0.03503
0.02724
-0.02058
-0.04554
-0.03087
0.02596
0.09256
0.03446
0.08272
0.04694
-0.04327
-0.00383
-0.04416
-0.02780
0.08362
-0.02021
-0.02570
-0.04045
-0.04920
0.03272
-0.05341
-0.04283
-0.03644
-0.01869
0.00820
0.09424
0.01873
-0.02060
0.00349
0.05993
0.08082
0.02906
0.03147
-0.00220
-0.03000
-0.01854
0.05237
0.02932
-0.02554
-0.06828
-0.07296
0.03110
-0.01313
-0.02507
0.01721
0.02579
-0.05099
-0.02204
-0.00278
0.00216
-0.00087
0.02191
0.02443
-0.02539
-0.05868
0.02250
0.04865
0.04664
-0.00247
-0.00764
-0.05922
-0.04093
-0.03108
-0.01172
0.05857
0.08159
-0.00180
0.00589
-0.04256
-0.03062
0.00556
-0.05957
-0.05143
-0.05660
0.07107
-0.01357
0.06699
0.01302
0.04761
-0.02534
-0.04805
-0.02481
-0.03638
0.01040
-0.06500
-0.06470
-0.05923
0.03641
0.05949
0.06949
-0.08968
0.04561
0.02617
-0.05516
0.10655
0.05064
-0.01652
-0.01094
-0.03759
-0.05363
0.02265
0.00512
-0.06411
-0.01899
0.00383
0.05584
0.02649
0.02537
0.00138
0.00966
0.10157
0.02814
0.03277
0.04720
0.06813
-0.01631
-0.12003
-0.01293
0.05129
0.00809
0.05954
-0.09325
0.01508
0.00224
0.05829
0.01289
-0.01636
0.01643
-0.01956
0.01166
0.04136
-0.07365
0.00792
0.09552
-0.09279
-0.03682
0.04840
-0.05482
-0.07651
0.01306
-0.07020
0.00854
-0.01474
-0.03185
-0.03764
-0.01624
0.00501
-0.00870
-0.02508
0.03280
0.01174
-0.03258
-0.01675
-0.02860
-0.02676
-0.00870
0.03332
-0.02152
0.01192
0.02326
0.05361
-0.04668
0.00454
0.04476
0.07075
-0.06271
-0.04111
0.01004
0.02742
0.03842
-0.04946
-0.00680
0.03670
-0.03012
0.06621
-0.07970
0.06647
0.00024
-0.08333
-0.01567
0.05666
-0.08988
-0.03377
0.01866
-0.01643
-0.05181
0.00168
-0.05738
0.01040
-0.00250
-0.06892
0.13028
0.02407
-0.03003
-0.01669
0.01000
0.00386
-0.00051
-0.09168
0.00185
-0.03223
0.00545
-0.04448
0.02987
0.00197
0.00850
0.01500
0.05309
0.04138
0.03224
-0.05726
0.01051
0.00108
-0.05835
0.04116
-0.07266
-0.05081
0.01754
0.03519
-0.03850
0.01099
-0.03020
-0.02620
0.06335
-0.01213
-0.00745
0.00820
-0.07984
0.03194
0.07030
0.05556
-0.01736
0.05239
-0.02741
0.03915
-0.00065
-0.07777
0.01402
0.03534
0.00413
0.03911
-0.04775
0.00819
-0.06970
0.00983
0.04672
-0.00684
-0.00309
0.00916
0.02138
-0.07349
-0.03875
-0.00528
-0.04814
-0.00929
-0.00722
0.00193
-0.03154
-0.04954
-0.06358
0.01725
-0.06394
-0.02801
-0.06482
0.02922
-0.03699
0.06485
0.00792
0.00962
0.02338
-0.00497
-0.06137
0.09163
-0.04025
0.01843
-0.03716
-0.00085
-0.05835
-0.00947
-0.02523
-0.09466
0.02823
-0.02300
-0.04562
-0.02288
0.06628
-0.05787
-0.02149
-0.00609
-0.05777
-0.05618
-0.02018
-0.04841
-0.00366
0.03608
-0.09581
-0.02510
-0.02722
0.05786
-0.03150
-0.01240
-0.03428
0.04396
-0.00963
0.00786
-0.02038
0.00655
-0.00329
-0.02227
0.02790
-0.01920
-0.02379
-0.01014
-0.03403
-0.02177
-0.02308
-0.07307
0.03135
-0.05697
-0.03709
-0.02660
0.02596
-0.06300
-0.01923
0.05171
-0.00216
0.03161
-0.02078
0.00408
-0.03521
0.04413
0.10099
-0.07145
0.04957
0.01791
0.04091
0.00750
-0.02184
0.05442
-0.05312
-0.00219
0.00112
-0.03896
0.00672
0.07073
0.00442
-0.04939
-0.00355
-0.01637
-0.09796
0.01545
0.02733
-0.02278
0.08618
0.01686
0.00717
0.11799
0.01306
0.00080
0.06729
0.05356
-0.04409
0.01727
-0.01160
-0.02355
-0.02321
0.05831
0.01742
0.06698
0.03677
-0.01791
0.04532
0.02228
0.01167
0.00271
-0.00735
-0.02912
0.01616
-0.00020
-0.01324
0.07250
0.01710
0.01622
0.00560
-0.02059
0.05200
-0.00428
-0.01162
0.00398
0.06039
0.02113
-0.03786
-0.01187
-0.00983
0.00308
0.07292
-0.01553
