-0.04160
-0.04062
-0.00157
0.03754
0.03611
-0.07600
-0.02499
0.01175
0.02003
-0.06499
-0.00338
0.00802
0.00166
-0.00127
0.05772
-0.01908
-0.03049
0.03211
0.00635
0.00884
-0.03684
0.01675
-0.01717
0.00731
-0.03113
0.00014
-0.01915
-0.04799
0.03428
0.05585
-0.04187
-0.02456
-0.03308
-0.00447
-0.01431
0.00346
-0.02212
0.01906
-0.02818
0.12494
-0.01704
0.04943
-0.01759
0.02487
-0.00025
0.01899
0.02982
0.02801
-0.05468
-0.01542
-0.03246
0.05875
0.00535
0.04552
-0.02237
-0.00068
0.03435
-0.00980
-0.00684
-0.02185
-0.02036
-0.02579
0.01736
-0.06533
0.02267
0.08158
-0.07744
0.00083
-0.05383
-0.05431
0.02350
0.00264
0.02222
-0.06481
0.01359
-0.01199
0.00892
-0.01259
-0.02925
0.00405
0.01006
0.01950
0.02545
0.03198
-0.01474
0.00148
-0.02676
0.04261
0.00988
0.01011
0.07675
0.03882
0.02372
-0.04098
-0.00733
-0.05879
-0.03291
0.01134
-0.03661
-0.01767
-0.02599
-0.02347
0.03316
0.00960
0.02689
-0.00031
0.01355
-0.00168
-0.02744
-0.02345
-0.01490
0.06678
-0.07163
0.06459
0.01799
0.00413
-0.02107
0.04723
-0.07377
-0.05593
-0.04977
0.01198
0.04846
0.00394
0.04033
-0.01858
-0.09044
-0.00241
0.04655
0.00733
-0.00262
-0.03365
0.08754
0.01764
0.02101
0.00571
-0.02155
-0.01568
-0.00615
0.00765
-0.02223
0.05009
-0.03500
0.06847
0.05816
0.02056
-0.03635
0.01105
0.01288
0.02311
0.03115
-0.02897
-0.03353
0.02250
-0.00608
-0.01784
0.06318
0.00362
-0.01486
-0.00630
0.01178
-0.01557
-0.06520
0.01414
0.01569
0.06815
-0.06178
0.01172
0.00818
-0.02454
-0.01290
-0.04076
0.00629
0.00625
-0.03689
-0.02885
0.05169
-0.08713
-0.01077
-0.00942
0.01558
-0.02357
0.01808
-0.00457
-0.03428
0.04368
-0.01310
-0.02488
-0.01687
-0.04344
0.00522
-0.01508
0.03161
0.05963
-0.01966
-0.02637
0.00403
-0.00497
-0.00766
0.03958
-0.03073
-0.02411
-0.02465
-0.01532
-0.02763
0.02366
0.02528
0.00810
0.04507
0.01692
0.00080
-0.00652
-0.02925
0.03842
-0.02134
-0.03646
-0.03989
0.03118
-0.00844
-0.02354
-0.06316
-0.05459
-0.01401
-0.07728
0.03494
0.00989
0.01500
0.03449
-0.00956
0.04862
-0.05004
0.02550
0.00394
-0.01238
0.00714
-0.00477
-0.00726
0.03995
-0.00360
-0.00956
-0.01397
-0.04233
0.02217
0.05269
-0.04399
0.01974
-0.03432
0.05353
-0.02836
-0.02276
0.10597
0.06771
-0.04179
-0.01364
0.03277
0.05177
0.00292
0.01400
0.01427
-0.02534
-0.00441
-0.05754
-0.03976
0.05414
-0.03780
0.06288
0.03052
-0.04513
-0.09074
0.04391
-0.08899
-0.07522
-0.01128
0.00114
0.00572
-0.02870
0.00076
0.01779
-0.00364
0.03063
0.01697
0.00627
-0.01254
0.01627
-0.04826
0.03964
-0.01622
-0.04529
0.06875
0.01320
-0.00150
-0.01335
0.05812
-0.01580
0.02518
-0.00110
0.00439
-0.05121
-0.00079
0.06504
-0.02429
0.03575
0.04567
-0.00375
-0.02574
-0.04017
0.04779
0.00481
-0.02312
-0.02199
-0.01024
0.03628
0.06460
0.01872
0.01396
0.01206
0.01032
-0.00655
0.02198
0.06426
-0.04210
0.05808
0.04329
0.05483
-0.00078
-0.02029
0.05466
0.04480
-0.00695
0.09144
-0.01987
-0.04706
0.00308
0.01345
-0.03462
-0.06563
-0.02690
0.02132
0.06053
0.01198
-0.03764
0.00017
-0.00110
0.02173
0.00345
-0.00773
-0.02150
0.01647
0.00772
0.01357
0.01572
0.03094
0.00335
-0.06382
-0.02132
0.01660
-0.03754
-0.01186
0.01701
-0.01928
0.00777
0.02405
-0.02466
0.05741
0.06074
-0.00786
0.02330
0.04507
-0.01542
-0.01051
-0.00903
-0.04327
0.06580
-0.03987
-0.00569
0.02518
0.03239
-0.07594
0.00989
-0.05579
-0.00085
-0.07846
-0.01297
-0.01199
-0.06412
0.06541
-0.02974
-0.08632
0.05768
-0.03041
0.03661
0.00895
0.01083
-0.04267
0.04646
0.03262
0.04100
-0.00128
-0.07806
0.00749
-0.02060
0.02759
-0.02751
0.01505
-0.01562
0.01713
-0.00750
-0.01515
-0.03114
0.02180
-0.04523
0.02640
-0.00018
-0.04645
-0.01000
0.07086
-0.06537
-0.05505
0.00879
0.01937
-0.05970
0.00855
-0.03037
-0.01066
-0.06241
-0.02630
-0.00374
-0.02278
0.01846
0.04647
0.03222
0.03781
0.01872
0.08120
-0.07466
-0.03674
0.03854
0.00071
0.00030
0.07191
0.01799
0.01785
-0.02624
-0.01261
0.05255
0.04706
-0.01500
-0.11214
-0.01541
-0.00889
-0.07155
0.05938
-0.02192
-0.00200
0.03751
0.03340
0.01606
0.00865
-0.00967
-0.00902
0.04279
-0.06704
-0.01304
-0.08072
-0.02634
-0.02766
-0.03712
0.00842
-0.02338
0.04377
-0.06848
0.06665
-0.00716
-0.04168
0.03332
-0.01687
-0.03974
-0.01309
-0.03352
0.04814
-0.01351
-0.01416
0.02215
0.00956
0.08232
0.04183
-0.02624
-0.05409
-0.00134
0.02163
-0.03290
-0.04431
-0.01958
-0.01187
-0.00679
-0.02173
0.01526
0.05888
0.02001
0.04209
-0.05933
-0.01580
-0.02524
0.03796
-0.03643
0.04463
0.05958
0.00268
0.01958
0.00548
0.02739
-0.04596
