0.02299
0.02122
0.02288
0.07878
0.01842
-0.03115
-0.02769
-0.02435
-0.00467
-0.00256
0.04723
0.01907
-0.01817
0.04376
-0.00444
-0.05364
0.05073
0.11531
-0.01438
0.05843
-0.04803
0.02140
0.04199
-0.05618
-0.03158
-0.04201
-0.00077
-0.01143
0.02070
0.03557
0.03239
-0.00105
-0.02360
0.03853
0.00065
-0.06014
-0.08344
-0.06577
-0.03988
0.07151
-0.02001
-0.01062
0.03064
0.04821
-0.02387
0.00787
-0.00719
0.06996
-0.07727
-0.00768
0.03268
0.00764
0.09463
0.06240
-0.03893
-0.07718
-0.05838
0.05225
-0.05189
0.01824
0.00215
0.05361
0.03158
0.01783
0.00382
0.00042
-0.05167
0.00445
0.01754
0.01044
0.05770
0.07058
-0.02603
-0.02899
-0.02537
-0.05500
-0.00184
-0.04295
0.03557
0.01545
0.03450
0.01161
-0.06090
0.03268
0.02606
0.02884
0.04077
0.00269
-0.00246
0.03141
0.07213
0.00758
0.02149
-0.06778
0.07795
0.00214
0.01303
0.07461
-0.04276
0.02440
0.05016
0.07583
-0.00571
0.05800
0.04399
0.05282
0.03982
0.07792
0.00210
0.01864
0.08058
-0.01165
-0.02377
-0.02370
-0.05885
-0.00457
-0.00248
0.03149
-0.06534
0.02484
0.00733
0.07302
-0.03131
-0.01319
-0.04902
-0.00951
-0.00561
-0.00883
-0.00069
0.02336
-0.04225
0.00032
0.05619
-0.02209
-0.01093
0.00307
-0.06483
-0.05414
0.02059
0.11138
0.00018
0.03482
-0.02703
0.02091
-0.01932
0.01146
-0.01863
0.01098
-0.00347
-0.03415
0.07277
-0.00134
-0.06021
0.07587
0.04176
-0.04195
-0.00874
-0.00791
-0.05278
-0.02119
0.04660
0.06801
0.00580
0.07094
0.05497
0.03617
-0.06212
0.03014
-0.09129
0.00707
-0.07114
0.00042
-0.02821
0.00560
-0.01218
0.02269
-0.01295
0.00961
-0.01348
0.00539
-0.06862
0.00924
-0.01373
0.00531
0.03897
0.04916
0.03874
-0.00967
-0.00264
0.03564
0.04234
-0.03366
0.05690
-0.02946
0.03003
-0.01983
-0.09224
-0.03123
0.04677
0.01055
0.09423
-0.03018
-0.03897
-0.01876
0.03884
-0.01378
-0.01551
0.01653
-0.01941
0.03849
-0.07971
-0.02368
0.00689
-0.00070
-0.04556
0.00247
0.04860
0.09176
0.00324
0.01218
-0.03082
-0.04851
0.02838
-0.01547
0.05501
0.04974
0.06639
0.03864
-0.05168
0.00662
0.08643
0.00452
0.02530
-0.03460
-0.01590
-0.02116
-0.08814
0.02392
0.05369
0.02499
-0.03240
-0.08331
-0.00419
0.04218
0.08206
0.03811
0.01783
0.06172
0.02102
0.02151
-0.00270
0.00509
0.05154
0.00407
0.00244
0.04883
0.04550
0.02278
0.00206
0.04141
-0.04594
-0.02855
0.05072
-0.02005
0.00951
-0.01851
-0.02057
0.01316
0.02754
0.03397
-0.01515
-0.06442
0.07472
0.02753
0.00319
0.03992
0.01439
0.00810
-0.01930
-0.03478
0.00726
0.02759
-0.00951
0.00488
-0.05626
-0.04834
-0.02463
-0.00294
-0.03333
0.00266
-0.02330
-0.05635
0.03333
-0.07004
0.02252
-0.03615
-0.04054
-0.03272
-0.02742
-0.01805
0.05107
0.00135
0.00961
-0.01664
0.09608
-0.00496
-0.01257
-0.01595
-0.03716
0.01411
-0.02734
0.06540
0.03144
0.07882
0.11644
-0.05168
-0.07434
-0.01127
0.03015
0.03048
0.00822
0.01727
0.02643
0.08284
-0.00175
0.00538
0.00018
0.08527
0.04320
0.03215
-0.02847
0.02483
-0.07180
0.06798
0.06026
0.00490
0.05014
-0.00257
-0.03419
0.00659
0.00330
-0.00968
0.04714
-0.04218
0.02316
0.04173
-0.00829
0.01017
0.05875
-0.00653
0.00430
-0.00927
0.01705
-0.00999
0.02196
0.00796
0.01240
0.02870
0.04222
0.00164
0.00828
-0.00865
-0.06845
-0.01767
-0.00963
-0.02918
-0.05665
-0.00520
-0.02967
-0.05056
-0.06661
-0.05338
0.03792
0.06551
0.06679
0.11520
-0.04646
0.07168
-0.00538
0.05092
0.03471
-0.01918
-0.10091
-0.00856
-0.01492
0.00013
-0.01375
0.04181
0.04454
0.02543
-0.02715
0.04999
-0.04895
0.05045
-0.00041
-0.02333
-0.06899
0.04510
0.02610
-0.01132
-0.00278
-0.00088
0.04439
-0.04007
-0.00158
-0.04082
-0.00246
-0.01599
0.00511
-0.07687
0.01979
0.04240
0.01851
0.00748
-0.03490
-0.06276
-0.03369
0.05315
0.03516
-0.06171
0.04425
-0.00973
-0.08166
0.06235
0.04228
-0.00477
0.01803
-0.02722
0.01871
-0.01634
-0.04054
0.00082
0.02967
-0.02389
-0.01107
-0.00020
-0.05205
-0.06406
-0.06124
-0.02185
-0.03231
-0.01253
-0.00273
0.05158
-0.06005
0.03834
-0.01801
-0.02221
0.03270
-0.04797
-0.04294
0.01846
0.01744
-0.02699
-0.00174
0.01265
-0.05115
0.05822
0.03538
0.01840
0.01896
-0.01067
-0.01373
0.00543
0.02697
0.03856
0.02332
-0.07324
0.02509
0.07153
0.04605
0.00020
-0.00174
-0.07771
-0.09809
0.00341
0.04419
-0.02425
0.00838
0.03534
0.00913
0.02573
0.01502
0.04694
-0.03669
0.00653
-0.03973
0.05700
0.05281
-0.08536
-0.05706
-0.00918
-0.08217
0.00366
0.04214
-0.05508
-0.02304
0.04603
0.02859
0.03515
-0.06614
-0.03048
-0.00977
0.01850
-0.00494
0.04935
0.03982
0.00985
-0.02912
-0.06210
0.05151
-0.05257
