0.00742
-0.02772
-0.00347
-0.02243
0.02104
-0.03300
0.04940
-0.00388
-0.04942
0.01851
-0.01210
0.01852
-0.02110
-0.00671
-0.00268
0.10349
0.01844
-0.01386
0.06436
-0.04743
0.05309
-0.04782
0.00936
-0.02893
0.03544
-0.01198
0.03562
-0.05922
0.06334
-0.02443
-0.00541
-0.03727
0.04435
-0.00957
-0.06170
-0.04399
0.07866
-0.01673
0.02334
-0.03496
-0.07314
-0.02272
0.01310
0.08014
0.05761
-0.01466
-0.00557
-0.01383
-0.02046
0.09530
0.00632
-0.00738
-0.02335
-0.00541
-0.00045
-0.05686
0.03083
0.02369
-0.07197
-0.00023
0.01627
0.00778
-0.05751
0.01709
-0.04258
0.00672
0.00587
0.01693
0.00697
-0.05002
-0.00648
-0.04966
0.06769
0.06849
-0.07005
0.10187
0.11555
0.02355
-0.04899
0.01956
-0.00312
0.00148
0.00081
-0.04257
0.01913
0.01530
-0.06891
0.07089
-0.00248
0.01113
-0.03116
-0.06832
-0.02976
0.05426
-0.03572
0.00616
-0.05776
0.01111
-0.03338
0.01287
-0.03685
-0.05480
-0.00081
-0.04315
-0.01439
-0.03731
0.01476
-0.07411
0.00447
-0.07489
-0.01330
-0.03602
0.01068
-0.03334
0.04397
0.02674
-0.00137
-0.05458
0.10479
0.06714
0.08066
-0.01562
0.06808
0.01455
-0.04773
-0.03801
-0.00127
-0.03681
0.08382
0.00768
0.06342
0.03447
-0.02781
0.03953
-0.04878
-0.03977
0.02962
-0.04950
0.00671
-0.11365
-0.02141
0.01153
-0.05164
-0.02625
-0.02589
-0.01223
0.10455
-0.05132
0.02587
-0.01261
-0.03870
0.02018
-0.01487
-0.03144
0.00392
0.01064
-0.11992
0.04256
0.07435
0.02011
0.01761
-0.04913
0.00754
0.00731
0.04789
0.04153
-0.02992
0.04740
0.02242
-0.00080
-0.00842
-0.05994
-0.03265
-0.02229
0.00162
-0.04845
-0.02853
-0.00107
0.04698
0.02166
0.04379
-0.01228
0.00675
-0.02885
-0.01112
-0.13181
-0.00637
-0.04260
0.00938
0.04777
-0.05653
0.03724
-0.01864
0.04968
-0.00290
0.01704
0.01073
0.04329
-0.03150
0.05085
0.07320
-0.05038
0.04725
0.00095
-0.05463
0.02650
0.06212
0.01536
-0.05847
-0.02711
0.02312
0.01845
0.03781
0.01967
-0.01881
-0.05028
0.00898
-0.03168
0.00960
0.06469
-0.05094
-0.02778
0.09148
-0.01992
-0.06417
-0.05019
0.00243
-0.03985
-0.02439
-0.05378
-0.02164
-0.00429
0.02189
0.05593
-0.03551
0.00988
0.09552
-0.03284
-0.00999
0.02558
0.00508
-0.00871
0.01875
0.07042
-0.02731
0.01447
-0.04351
-0.03695
-0.06086
0.00311
-0.00434
0.01089
0.03245
-0.01324
-0.14703
-0.05445
-0.05257
0.02273
0.05104
-0.05507
-0.02119
0.01419
-0.06471
0.06745
-0.01357
0.10000
0.01683
-0.10449
-0.02698
0.00818
0.02495
0.03308
-0.00233
-0.02910
-0.01957
0.00864
-0.00434
0.06321
0.00866
0.01326
-0.04128
-0.03011
0.00000
-0.01442
0.08947
-0.04640
0.03491
-0.01397
0.07405
-0.01891
0.00874
-0.02212
-0.07766
0.05326
-0.02970
0.05154
-0.04751
0.03171
0.03181
0.04117
-0.03275
0.00251
0.00447
0.05175
0.01635
0.02034
-0.05161
0.06613
-0.02693
-0.02438
0.01038
0.07033
0.01936
0.01453
-0.03538
0.07240
0.03477
-0.01772
0.00272
-0.01726
0.03086
-0.02594
-0.04171
0.01046
-0.03070
0.05408
0.00823
0.01044
-0.06577
-0.04583
0.01589
0.02980
-0.06668
0.04632
-0.04051
0.01227
-0.00359
-0.04681
0.00423
-0.01992
0.00317
0.06777
-0.02446
0.05485
-0.02369
-0.00946
0.00562
-0.06333
0.00331
-0.01090
0.02169
0.01247
0.05585
0.01752
0.01776
0.06686
0.01324
0.02385
-0.02160
0.00527
-0.03980
-0.07687
0.06705
0.04635
0.02744
0.03030
0.00473
-0.05772
0.05548
0.04666
-0.00487
0.02057
-0.03258
-0.01715
0.00268
0.04061
0.00364
-0.02088
0.02765
-0.00423
0.02260
0.03871
0.05207
0.04123
0.03164
0.02229
-0.01130
0.03080
-0.08523
-0.06154
-0.00885
-0.05700
0.03755
-0.00630
0.04035
-0.01644
0.01869
0.05116
-0.01168
-0.05519
0.02874
-0.06067
0.03090
-0.02019
-0.05499
-0.02066
0.01381
-0.03850
0.00916
0.01629
0.06046
-0.05102
-0.09132
-0.02850
0.04598
0.04036
0.02282
0.00932
0.03974
0.01955
-0.03747
0.06444
0.09375
-0.03038
-0.06283
0.06805
-0.04445
0.12734
0.03742
0.02126
-0.00283
0.05692
-0.07798
0.01813
-0.02939
0.02310
0.02582
-0.00961
0.02777
0.01818
0.01933
-0.03935
-0.03860
-0.03120
-0.01366
-0.02972
0.03929
0.03585
0.01437
0.01911
0.04524
0.04779
-0.10729
-0.03219
0.01705
-0.03141
-0.00472
0.01562
-0.02304
0.08014
0.03394
-0.03298
-0.00424
0.06544
-0.00507
-0.03367
-0.01864
0.06695
0.04822
0.02111
0.04461
0.05133
0.03887
-0.02708
-0.04029
-0.06858
-0.02518
0.02449
-0.02883
-0.00134
-0.06472
-0.05273
0.04038
0.06133
-0.03721
0.05458
0.00461
0.04483
0.01506
0.01145
0.05278
0.01248
-0.02389
-0.06711
0.04790
-0.02228
0.03602
0.01357
0.01146
-0.03072
0.00123
0.01981
-0.07199
0.04594
-0.01861
0.06002
0.00798
0.01945
-0.09844
-0.01411
0.00588
-0.07275
