-0.03467
0.00775
0.00281
0.03853
0.05303
-0.01678
0.05831
-0.08598
-0.06998
-0.00017
0.01664
-0.01148
0.05094
0.03645
0.00790
0.06114
-0.04060
0.02669
0.08736
0.02605
-0.00963
-0.00909
-0.04458
-0.00851
0.04123
-0.01111
0.04790
-0.05263
0.03389
-0.00631
0.00575
-0.07588
-0.00610
0.01972
-0.00757
-0.08921
0.03961
0.00434
0.02062
-0.04271
-0.09481
-0.00297
0.07245
0.00134
0.00663
0.03340
-0.05909
-0.02568
-0.00132
0.09019
0.03769
0.02061
-0.09059
-0.07234
-0.04215
-0.13330
0.01237
-0.02146
-0.07590
0.07559
0.08329
0.01813
0.08825
-0.01015
-0.06650
-0.01632
-0.01898
-0.06195
-0.02146
0.03070
-0.02876
0.01446
0.04700
0.05474
-0.03292
0.04925
0.09199
-0.03643
0.04945
-0.00202
-0.00319
-0.00323
-0.02304
-0.05248
0.01918
-0.01037
0.03420
0.03410
-0.04340
-0.00114
-0.00116
-0.08183
-0.00662
0.03909
0.02945
-0.04209
0.03252
-0.02681
0.00469
0.01407
-0.00067
-0.03801
0.02933
0.02352
-0.09365
-0.07701
-0.05477
0.03155
0.02202
-0.02193
-0.02389
-0.04693
0.00648
0.00413
0.04002
-0.04741
-0.01799
0.01446
0.04541
0.04368
0.06262
0.05725
0.02392
-0.01966
-0.01107
-0.02646
-0.05101
0.03739
0.02846
0.10909
0.05012
-0.01925
0.03678
0.04071
-0.07496
-0.05126
0.02184
0.01666
-0.02303
0.02926
0.07108
0.05208
0.02727
-0.00757
-0.02715
-0.01243
0.04448
-0.01320
0.02046
-0.02331
-0.03261
0.03563
0.00473
0.01775
0.00172
-0.11239
-0.03665
0.03348
0.01496
0.04801
-0.02253
-0.01500
0.03333
0.05724
0.04055
0.04154
-0.00698
-0.01906
0.00636
-0.01005
0.03465
0.07214
0.05976
-0.03104
-0.01268
-0.09977
0.01669
-0.01626
0.03369
0.07692
-0.02394
-0.01545
-0.00423
-0.03307
-0.06101
-0.03870
0.02140
-0.04879
-0.03818
0.03192
-0.06404
0.03692
0.06946
0.01286
-0.04029
-0.01447
0.01007
0.00529
0.01057
0.00905
0.06814
-0.05858
-0.03997
0.00981
-0.01436
0.04748
-0.02475
0.00031
-0.10677
-0.04327
-0.01265
-0.07627
0.03181
-0.00344
0.07196
-0.02603
0.01331
-0.00178
0.04969
0.06554
-0.02219
-0.05631
0.01365
-0.03613
0.04823
-0.00331
0.09409
-0.05003
-0.03521
-0.01502
0.07418
0.07971
0.00468
0.01675
-0.04057
0.04352
0.01712
-0.02142
0.02982
-0.00306
0.01560
-0.03700
-0.03938
0.04920
-0.02182
0.02914
0.01217
0.07647
-0.02226
0.05420
-0.08489
-0.03050
0.00324
0.01409
-0.05575
0.00205
-0.08032
0.00721
0.01067
-0.01930
-0.07764
0.01909
-0.03266
0.01052
0.02091
0.07321
-0.03582
-0.04959
0.04680
0.00651
0.09635
0.01254
0.04362
0.04792
0.01966
0.01580
0.04205
0.04145
0.00751
0.01644
-0.01721
-0.07110
-0.00212
-0.03049
0.01860
-0.12064
-0.02886
-0.04098
-0.01345
0.02049
-0.00971
-0.07528
-0.05970
0.00294
0.03716
-0.00208
-0.13226
0.02361
0.04656
-0.00361
0.05486
-0.01286
0.08590
-0.00495
0.03034
0.05121
-0.05079
0.07780
-0.03656
0.02034
0.01845
0.10393
0.05356
0.01251
0.03063
-0.00405
-0.03182
-0.05950
-0.08529
0.00644
0.04315
-0.00239
-0.06820
-0.01930
-0.04069
0.07669
-0.02505
-0.00515
-0.02526
-0.04179
-0.01312
-0.03295
-0.07708
0.05197
-0.04211
-0.01476
0.00288
-0.03689
-0.04716
0.06250
0.01281
0.06358
0.03354
0.01519
-0.00904
0.05459
-0.06472
-0.06014
0.00765
-0.00520
-0.08984
-0.04516
0.07997
0.07095
-0.02181
0.02029
0.04745
0.02389
-0.00259
-0.03247
0.00130
-0.01378
0.01177
-0.01871
-0.04656
-0.04662
-0.05475
-0.03862
-0.06830
0.00950
0.01332
0.06384
-0.03973
0.07131
0.02861
0.00789
-0.00133
-0.00513
-0.04169
0.05216
0.03395
0.04694
0.00256
-0.03053
0.05345
-0.01964
-0.02968
0.01391
-0.02339
0.01835
0.00430
0.01070
0.02503
0.01963
0.02823
0.00308
0.00886
0.09741
-0.06027
-0.00089
0.00745
-0.04874
-0.00439
0.01269
-0.05889
-0.01850
0.00977
0.00368
-0.04201
-0.01724
-0.05492
0.00842
-0.00210
0.05840
0.05974
-0.04484
-0.05055
0.07399
0.00157
0.01771
-0.04397
-0.03737
-0.00358
-0.02784
0.02870
0.11834
0.02691
0.06973
0.03554
0.07918
-0.01834
-0.01123
-0.06560
-0.00106
0.00654
0.09026
-0.02584
-0.04075
0.00075
0.02352
-0.01018
0.00105
-0.01100
0.00245
-0.01437
-0.03922
0.02887
0.01592
0.05644
-0.00815
0.00703
0.01140
-0.01430
-0.05074
0.00011
-0.02186
0.00910
0.00005
-0.03977
0.06126
-0.00699
-0.01081
0.02548
0.08183
0.00721
-0.00097
0.03277
0.00726
0.03426
-0.01647
0.03627
0.02078
-0.00219
-0.04596
-0.08154
-0.00135
0.02041
-0.01430
-0.00609
0.00973
-0.09980
-0.01138
0.07163
0.07897
-0.00915
0.08491
-0.04390
0.04013
-0.03492
0.04547
-0.00193
0.05607
-0.02910
-0.03412
0.11216
-0.00414
0.02709
0.01939
0.02251
-0.01755
0.08375
0.00700
-0.02176
-0.03663
-0.03637
0.09248
0.04233
-0.00762
-0.05865
0.02751
0.02650
-0.04522
