-0.00528
-0.00482
-0.02714
0.03091
0.03512
-0.00395
0.01328
0.02446
0.00748
0.01638
-0.01108
0.04518
-0.02972
0.01528
0.00295
-0.00392
-0.00234
0.00198
-0.03253
-0.02181
-0.05199
-0.01468
-0.03615
-0.03954
-0.04089
-0.01793
-0.01442
-0.01983
0.02593
-0.03843
-0.00133
0.00380
0.04423
-0.00112
-0.01138
-0.00359
-0.01523
-0.02856
-0.04924
0.04399
-0.05713
0.01888
0.00883
-0.02381
0.02715
0.00341
0.05691
0.04820
0.01611
-0.01085
0.01610
0.09045
0.08012
-0.00224
-0.02704
0.01801
-0.01738
0.07345
-0.03409
-0.00337
-0.01815
-0.01193
-0.00337
-0.04163
-0.04734
0.02541
-0.04641
0.04127
0.01486
-0.02329
-0.01734
0.00252
-0.01545
-0.01080
0.01474
-0.02620
-0.00983
-0.03169
-0.04295
0.04267
-0.05826
0.01966
-0.00841
0.01161
-0.02475
-0.01350
0.01800
0.02230
-0.01405
0.04303
0.01670
0.00049
0.05326
-0.06628
0.01903
0.05277
0.01562
0.04268
-0.01544
-0.01535
0.03242
0.00378
0.03373
-0.04059
0.03431
-0.01364
0.00094
-0.01117
0.01005
-0.05334
0.06077
0.02085
-0.07041
-0.02841
0.02007
0.02169
0.08018
-0.04932
-0.01913
-0.01572
-0.05878
0.02385
0.02027
0.02362
-0.00938
-0.03958
-0.00444
-0.04898
0.00605
-0.00776
-0.03154
0.03608
0.09633
-0.06326
-0.03355
-0.04429
-0.01135
0.01334
0.05828
0.02535
0.02992
0.01389
-0.03520
0.02719
0.05726
0.00937
-0.03768
-0.00565
0.01008
0.04319
0.05791
0.00021
-0.04591
0.02661
-0.00597
0.00896
0.03189
0.03111
0.03290
-0.03155
0.06311
-0.00722
-0.00277
0.00239
0.01778
0.02573
-0.01842
0.02983
-0.00172
0.05650
0.01086
0.01187
-0.00671
-0.07191
-0.01187
-0.02988
-0.02746
-0.04843
-0.00535
-0.02058
-0.06549
-0.00321
-0.05490
-0.01780
0.02428
0.03639
-0.02329
-0.01830
-0.02513
0.04612
-0.00148
0.00196
0.00494
-0.00690
-0.01917
-0.02428
0.03514
-0.03868
-0.01610
-0.02246
-0.00549
-0.01303
-0.02635
-0.04946
0.00397
-0.03345
-0.01949
-0.03622
-0.05771
0.06439
-0.06542
-0.04008
0.02628
-0.04267
0.00780
0.04697
-0.03119
0.04598
0.01000
-0.01197
-0.04469
-0.04166
-0.00503
-0.04501
0.02198
-0.00628
0.02659
0.01279
0.00220
0.06361
0.04998
-0.03553
-0.00018
-0.04036
0.01793
-0.01473
0.02126
-0.00734
0.05025
-0.04165
0.02582
-0.04470
0.05119
-0.03147
0.02533
-0.01481
0.01371
-0.01012
-0.01428
-0.02409
0.02384
0.01049
0.03705
0.04497
0.02623
0.02967
0.00989
0.04144
0.07723
0.03932
0.01611
0.01529
0.03699
-0.00290
0.01991
-0.03274
-0.00925
0.01650
-0.00183
0.01852
-0.05450
0.01288
-0.04357
0.01681
0.01657
-0.07151
-0.02422
0.04699
-0.03102
0.01975
-0.02018
0.01792
0.00917
-0.01902
-0.07016
-0.02380
-0.00205
0.02649
-0.04586
-0.03913
-0.00321
0.02748
0.03806
-0.02830
-0.00845
0.02113
-0.00394
-0.01353
0.03123
0.02510
0.02089
0.00592
0.03037
0.00710
0.04684
-0.05501
0.02373
-0.02809
-0.00985
0.00040
-0.02129
0.01325
-0.03236
0.00823
0.04825
-0.00271
-0.01112
-0.00433
-0.01132
-0.01541
0.02131
0.02337
-0.02510
0.03726
-0.01662
-0.00658
-0.01826
0.01018
-0.01713
0.07193
-0.01458
0.06420
-0.00585
0.02009
-0.06187
-0.00080
0.00984
0.00180
0.03244
-0.01109
0.02992
-0.01541
0.03201
-0.00602
0.00677
-0.02953
-0.00218
-0.00388
0.06241
-0.01903
-0.02088
0.00963
0.00647
-0.02617
0.04148
-0.00596
0.04309
0.05386
-0.00967
0.00345
-0.04619
-0.00672
-0.03482
-0.02458
-0.03250
0.01146
-0.01333
0.02412
0.03043
-0.00734
-0.00522
0.00859
-0.00350
0.00644
0.00079
0.04911
-0.02847
0.01533
-0.01292
0.00239
-0.08568
-0.01101
-0.05314
-0.01308
0.01019
0.01713
0.00201
-0.04532
-0.02095
-0.00647
-0.01101
0.04604
0.00854
0.01464
-0.00315
0.01072
0.02875
0.01473
0.04304
0.03294
0.01451
-0.02549
-0.01542
-0.01763
-0.08060
0.00229
0.00471
-0.02728
-0.04914
-0.02254
0.01717
0.00284
-0.02957
-0.01984
-0.06238
0.03013
-0.03452
0.01752
-0.00639
-0.00719
0.04697
0.04548
0.00731
0.03647
0.00242
0.01531
0.00334
0.05662
0.01041
-0.02886
-0.01971
0.00561
-0.00306
-0.02746
-0.05795
-0.03861
-0.02511
0.01572
-0.01321
-0.01309
0.00751
0.01137
0.01715
-0.00145
-0.02891
0.03312
0.00490
-0.03654
-0.01425
-0.06724
0.01307
0.05138
0.02998
-0.02089
0.00167
-0.05119
0.02081
0.03860
0.06223
-0.00308
-0.02039
0.00468
0.01717
-0.03250
-0.01296
0.00298
0.00669
0.02940
0.00550
-0.00436
-0.04935
0.00404
0.00223
-0.02111
-0.01607
0.03243
-0.01134
-0.04546
0.07878
0.01258
-0.01440
0.04578
0.01361
-0.03792
0.06537
-0.01752
-0.04221
-0.02183
0.03268
-0.05910
-0.04711
0.03977
-0.02912
0.00203
0.07075
-0.00041
-0.00613
0.00962
0.01570
0.03280
-0.05875
0.02305
-0.03635
0.02715
-0.02719
0.02316
0.02570
-0.02981
0.04105
-0.02673
-0.01414
-0.00900
