-0.00378
-0.01210
-0.00378
0.01996
0.01827
-0.04227
0.04992
-0.00618
0.00506
0.07145
0.03348
0.03950
-0.02164
0.05797
-0.03885
0.01172
-0.01703
0.05850
-0.09256
0.03961
-0.03212
0.00960
-0.02171
-0.06961
-0.05697
0.01070
-0.04701
-0.08373
0.03661
-0.10224
0.01881
0.04133
0.05908
0.02233
0.01413
0.03285
-0.01315
-0.08133
-0.04152
0.09033
-0.08157
-0.04930
0.00020
-0.01951
-0.03395
-0.00212
0.03869
0.09969
0.02716
0.03169
0.03371
0.00465
0.04461
0.05990
0.04945
-0.04769
-0.03405
0.02148
-0.05754
-0.04823
0.00766
0.04237
0.00023
0.00133
-0.03109
-0.05283
-0.02570
0.01525
0.08093
-0.00757
0.01235
-0.01159
-0.02958
-0.00656
-0.03028
0.00666
0.04786
-0.02265
-0.03604
-0.00274
-0.03227
0.02300
-0.01012
0.00085
-0.01870
0.03117
0.07879
-0.02541
-0.00091
0.00506
0.00354
0.00202
0.00275
-0.02151
0.04578
0.09728
-0.02249
-0.00445
-0.05359
0.03595
0.05696
0.01114
0.05720
-0.05293
-0.01541
-0.03376
0.03414
-0.03410
-0.02121
-0.05154
0.04784
-0.02169
0.00257
-0.03186
-0.05917
-0.02097
0.05958
-0.04497
-0.05206
0.00367
-0.01018
-0.02852
-0.01991
0.04745
-0.11035
-0.07155
-0.05810
-0.06504
0.01486
0.01647
0.02795
-0.01316
-0.02319
-0.06049
-0.01817
-0.02608
-0.00131
-0.01884
0.06208
0.03722
0.06719
0.04767
-0.01771
-0.00027
0.02284
0.06828
0.01226
-0.00587
-0.03664
0.02821
0.07234
-0.00624
-0.08047
0.04111
0.00582
-0.01278
-0.02309
0.06608
-0.03267
-0.06598
-0.00980
0.01713
-0.03017
0.03724
0.03496
-0.00184
-0.03857
0.04302
-0.02768
-0.00902
-0.02354
-0.04016
-0.04466
-0.00711
0.01499
-0.02671
-0.10055
0.00834
-0.03544
0.02615
-0.08632
-0.00264
-0.01701
-0.03071
0.03659
0.00778
0.03729
-0.08089
-0.04929
0.01764
-0.00586
0.06904
0.00601
0.01968
-0.04310
-0.00919
-0.07590
-0.02309
0.03476
-0.01570
-0.00428
0.03177
-0.04659
-0.01395
0.03441
-0.10136
0.01677
0.00650
-0.07135
0.03415
-0.06727
-0.08354
0.03388
-0.01387
-0.04967
0.02893
0.00835
0.05372
0.00525
0.03959
0.02050
-0.02279
0.09197
0.01984
0.01662
-0.00393
-0.01480
-0.03538
-0.01451
0.01509
0.07090
0.00550
-0.02079
-0.02968
-0.00634
-0.03680
-0.03441
0.02125
0.07519
-0.01073
-0.01117
-0.06910
0.03328
0.03147
0.01411
-0.01886
0.02723
-0.04144
0.03905
0.00444
-0.01844
-0.03587
0.04733
0.04497
-0.03798
-0.00151
-0.02079
0.04313
0.02884
0.05880
0.02982
0.04542
0.06525
-0.03798
-0.01026
-0.05751
-0.00345
-0.00009
0.01377
-0.01046
0.03308
-0.05206
-0.04311
0.00357
0.05606
0.01250
-0.01034
0.02151
-0.04305
0.08648
-0.00798
-0.01484
-0.07514
0.01982
-0.07148
-0.04635
-0.03023
0.02570
-0.02998
0.03148
-0.01418
0.01754
0.03292
-0.04560
-0.02042
0.00884
-0.06217
-0.06352
-0.02508
-0.00299
-0.02710
0.01376
0.03612
0.03608
0.06618
-0.09030
-0.01319
0.01941
-0.04885
-0.01489
-0.02783
0.02003
-0.02518
0.01372
0.05883
0.04892
0.00020
-0.03033
0.01206
-0.00990
-0.00407
0.04951
0.02802
0.04791
-0.03031
0.04144
-0.06618
0.05993
-0.04031
0.05441
-0.00151
0.06686
-0.04847
0.01990
-0.01370
0.02149
0.06917
-0.00021
-0.05192
-0.02671
0.00531
-0.00580
0.02267
-0.07667
0.08337
0.02879
-0.04530
0.01871
0.06833
-0.04767
-0.01500
-0.00284
0.02580
-0.00940
0.06244
-0.01374
0.01444
0.03053
0.02851
0.03521
-0.04352
0.00741
0.00152
-0.00991
0.00579
0.01886
0.00191
0.09858
0.00325
-0.03892
-0.00927
-0.01500
0.01814
0.03802
-0.09140
0.07859
-0.06878
0.10831
-0.01574
0.00052
-0.01767
0.04605
-0.03912
-0.00499
0.05309
-0.02003
-0.07139
-0.01586
-0.11365
0.06201
-0.00966
-0.00343
-0.02911
0.04071
-0.05212
-0.03474
-0.06797
-0.00566
0.05042
-0.00778
0.00105
-0.06331
-0.02212
0.03058
-0.03136
0.03481
0.00922
-0.04035
-0.01570
-0.03387
-0.02578
-0.03183
0.03058
-0.03280
-0.07078
0.01803
0.03026
-0.01384
0.00092
-0.03545
0.06045
0.03044
-0.03521
0.01307
0.05035
0.06906
0.04633
0.06730
0.03515
-0.01223
0.00289
-0.00314
-0.01996
-0.07137
-0.01410
0.00774
-0.06963
-0.03688
-0.04598
0.01102
-0.02245
-0.00917
-0.06220
0.04953
-0.05902
-0.00152
0.00463
0.00836
-0.04365
-0.06772
0.04545
0.05699
0.01409
-0.00979
0.02309
-0.06338
-0.04720
0.02063
0.06099
0.04206
-0.01953
0.06757
0.06664
0.04633
-0.04508
0.04245
0.08062
0.01478
-0.00070
-0.00954
-0.02139
0.02634
0.02074
0.01481
-0.03453
0.01598
-0.04290
-0.03713
0.04626
-0.00831
0.02342
0.04633
0.01179
0.01302
0.00787
-0.00756
-0.00670
0.04076
0.00418
-0.07012
-0.03660
-0.00369
0.02113
0.00823
0.05437
-0.06975
-0.01523
0.06708
0.00860
-0.04565
-0.01516
-0.00848
0.00154
-0.00767
0.00580
0.03286
-0.02764
0.03627
-0.00218
-0.09903
-0.00457
0.05421
