-0.01730
-0.06270
-0.09483
-0.00741
0.03748
0.02884
0.07285
0.02477
0.00926
-0.02981
-0.01007
0.03191
0.05944
-0.00573
0.02292
0.04021
0.04071
0.02038
0.00279
-0.03674
-0.05793
-0.04449
0.03588
-0.04451
-0.00294
-0.03315
-0.03368
-0.08418
0.02402
0.01621
0.01397
-0.00839
-0.06995
0.01744
-0.07475
0.00890
0.05884
-0.02694
-0.07036
0.04968
-0.03028
0.01826
-0.03312
0.06036
0.08990
0.01755
0.08144
0.02295
-0.03165
-0.05670
-0.01979
0.04297
0.02178
0.00323
-0.09716
0.00704
-0.01551
-0.00014
-0.02404
0.01346
0.00197
-0.00713
-0.04470
-0.04106
-0.06059
0.04348
-0.05014
0.03616
-0.03020
-0.03429
-0.05049
-0.04954
0.05437
-0.03152
0.04402
-0.03260
0.01042
-0.00464
-0.05864
-0.03255
-0.05720
0.01957
-0.00755
-0.01106
-0.05656
0.00390
-0.05602
0.05600
-0.00308
0.01877
0.02856
0.00596
0.01272
-0.00551
0.02981
-0.03898
-0.02769
0.00349
-0.06708
0.00097
0.00909
-0.01525
0.04161
-0.05385
0.00075
-0.01310
-0.05327
-0.07179
-0.05178
-0.04846
0.00837
0.04830
-0.06778
-0.00235
0.07505
0.01633
0.00852
-0.04152
-0.00859
-0.00349
0.01546
0.01340
0.09207
-0.00547
-0.00412
-0.07225
-0.07589
0.02733
0.07945
-0.02756
0.01858
0.00400
0.02689
0.01459
-0.00716
-0.01813
-0.00023
-0.06718
0.03773
-0.01680
-0.04942
0.03097
-0.05042
0.05933
0.08423
-0.04179
0.03388
-0.02230
0.06988
0.02987
-0.00012
-0.04179
0.01266
0.02379
0.04738
-0.02813
0.01917
0.01207
0.08682
-0.03872
0.04391
0.00734
-0.06072
-0.02201
0.08441
0.05329
-0.05229
0.02194
0.04035
-0.00402
0.01684
0.02423
0.01772
0.02342
-0.00151
-0.02246
0.01650
-0.02686
0.01123
0.01303
-0.01382
0.03060
-0.03710
-0.03596
0.00480
0.01384
0.02542
-0.04076
-0.00334
-0.04611
-0.02277
-0.08050
0.02536
0.02998
0.00105
-0.07246
0.04516
0.01463
0.01306
0.03615
0.02498
-0.07193
0.02107
-0.03160
-0.02692
0.02730
0.05074
-0.04482
0.05049
0.02692
-0.05180
0.00546
-0.02178
0.00906
0.02853
0.02447
-0.03655
-0.01113
0.05185
-0.03201
-0.02839
-0.07319
0.00923
-0.08430
0.03157
-0.02511
0.00957
0.02058
-0.00675
0.04503
-0.06531
0.01440
0.03169
0.02924
0.01960
0.02588
0.02434
-0.07682
0.02728
-0.03144
0.02838
-0.03348
0.06627
-0.01115
0.00402
-0.00877
-0.03376
-0.00396
-0.06061
0.03227
0.08341
0.06797
-0.00405
-0.03281
-0.01652
-0.04576
0.03441
-0.02453
0.05483
-0.03616
-0.03392
-0.02137
-0.06721
0.04073
-0.01089
0.03812
0.02616
-0.10152
-0.08423
-0.02284
-0.07246
-0.01882
-0.03912
-0.00471
-0.02339
-0.06921
-0.01429
0.04907
-0.02038
-0.00096
0.01732
0.02520
0.05121
0.01286
-0.02771
-0.01473
-0.01341
-0.03012
0.00343
-0.02001
0.01030
0.03224
-0.03465
0.01078
0.00595
0.05830
0.00811
0.02071
0.01403
0.03968
0.04288
0.05623
0.00595
0.00454
0.00060
-0.01645
-0.01205
-0.02554
-0.00245
0.02162
-0.00631
-0.01003
0.00572
-0.02738
0.00984
-0.01904
0.02858
0.00720
0.03627
-0.02143
0.00081
-0.02224
-0.01319
0.03365
-0.02000
0.02326
0.04247
0.02421
-0.01751
0.04021
-0.01340
0.00756
0.00814
0.01038
-0.06911
-0.04861
0.05319
-0.00620
0.12848
0.00771
0.00103
-0.03982
0.01567
0.04574
-0.00574
-0.01459
0.01630
-0.04056
-0.01507
0.00353
0.06996
0.03469
0.03407
-0.06122
0.06373
0.03180
0.03295
0.00523
-0.03747
-0.03920
0.00058
-0.08014
-0.04238
0.01829
0.02597
0.04302
0.05311
0.00920
0.02134
-0.00581
-0.02524
-0.00623
0.03953
-0.01789
-0.00760
0.02167
0.03338
-0.02912
0.01730
-0.06510
-0.05849
-0.06139
-0.01000
-0.00870
-0.06660
0.08177
-0.06579
-0.03948
-0.00813
-0.07053
0.03652
0.02022
-0.00898
0.01717
-0.00025
0.05266
0.06310
0.01363
-0.00849
-0.00329
-0.01536
0.01012
0.01457
0.03776
-0.04906
-0.01334
0.01414
0.00711
-0.02359
0.00091
0.06619
0.01077
-0.03794
-0.02785
-0.02714
0.05282
-0.02876
-0.04400
0.07153
-0.01679
-0.05489
0.04146
-0.01572
0.00335
-0.05440
0.05894
-0.01655
0.04813
-0.02120
0.03242
-0.00742
0.04748
-0.03093
0.03510
-0.04900
-0.01778
0.05530
0.04514
0.00804
0.02345
-0.01844
0.00039
0.01766
0.00715
0.03942
-0.01298
-0.03616
-0.09360
0.06687
-0.02016
-0.01673
0.04806
-0.07695
-0.02328
0.00078
-0.00688
-0.02573
0.07751
0.02285
0.02259
0.01361
-0.02165
0.01766
-0.02668
-0.05809
-0.02369
-0.05573
0.06265
0.01613
0.03760
-0.01275
0.03072
-0.00938
0.01707
0.00671
-0.03155
-0.03441
-0.01831
0.03114
0.00502
-0.03195
-0.02991
0.00986
-0.03058
0.04256
0.05945
-0.08143
-0.04149
0.04845
-0.02982
-0.02050
-0.05221
-0.05557
-0.01131
0.04451
-0.00477
-0.01399
0.04075
0.08906
0.08865
-0.04439
-0.05775
-0.01801
0.02446
-0.05323
0.08128
0.08867
-0.00116
0.01724
-0.03221
-0.03100
-0.01784
