0.01989
-0.06253
-0.05982
0.03912
0.00365
0.00400
0.04365
0.02259
0.02311
-0.02692
0.06260
-0.00245
0.05808
0.03942
0.02228
-0.06903
-0.03447
0.01582
0.02217
0.02117
-0.10694
0.00688
0.03685
-0.08959
-0.04216
-0.03017
-0.03831
-0.05232
0.05287
-0.03689
0.07904
0.03291
-0.01924
0.01854
-0.02999
-0.03477
0.01851
-0.00225
0.00462
0.02037
0.00330
0.00494
0.02087
0.00909
0.06632
-0.00395
0.00043
0.00645
-0.04684
-0.11916
-0.02020
-0.01454
-0.02251
0.01145
-0.08358
-0.01840
-0.05338
-0.01046
-0.01493
0.02420
-0.03805
0.00949
-0.01419
0.01684
-0.02205
0.01168
0.00886
-0.06573
-0.03945
-0.03806
0.01478
-0.04275
0.05126
-0.00688
-0.00482
-0.07341
0.07775
-0.04618
-0.03443
-0.02187
0.04405
0.13315
-0.04862
0.04803
0.03988
0.07720
0.03231
-0.00355
-0.02347
-0.01086
0.03379
-0.02454
0.04011
-0.04374
0.01300
0.02438
-0.03495
0.05235
-0.03995
-0.01498
0.01557
0.03726
0.06784
-0.01388
-0.01236
-0.02516
-0.01980
-0.00566
-0.02743
-0.03576
0.05644
0.05583
-0.06198
-0.01081
0.04570
0.04581
0.00873
0.00433
0.00951
0.05333
-0.03967
0.01565
0.04859
-0.00706
-0.06995
-0.08715
-0.02253
-0.01798
0.03166
0.00925
0.03115
-0.02481
0.01400
0.07993
-0.00964
0.02082
-0.02191
-0.07932
0.06111
0.02873
-0.03896
0.08025
0.00702
0.07876
0.04402
-0.02396
-0.04953
0.07904
0.03720
-0.02379
0.06562
0.04411
0.01183
0.04151
0.03241
-0.02940
0.00728
-0.06673
0.00289
-0.08895
0.02077
0.07500
0.01496
-0.07171
0.07920
0.01403
-0.07647
0.03238
-0.01350
0.06813
-0.04113
0.01366
-0.00298
-0.01319
-0.01839
-0.01776
-0.00897
-0.02227
0.05469
0.03877
0.02554
0.02896
-0.00346
-0.02680
0.00801
0.02220
0.03176
-0.05752
0.03685
-0.01603
0.00486
-0.03420
0.01191
0.01164
0.07589
-0.02107
0.00976
-0.00473
0.08355
0.02009
0.04225
-0.06411
0.03041
-0.00738
-0.00745
0.05332
0.02967
0.00817
0.09322
0.06457
-0.04982
-0.00892
-0.06695
-0.00226
-0.00550
0.01468
-0.00577
0.00017
0.01461
-0.03218
0.03173
-0.02275
0.03924
-0.03164
-0.00580
-0.00472
0.07298
0.03098
-0.02018
-0.02056
0.00407
0.02243
0.02769
0.05316
-0.09162
0.01261
-0.02740
-0.02918
0.03556
-0.01220
0.02029
-0.02100
0.02285
-0.00828
-0.03581
-0.04081
-0.07484
-0.00645
-0.09652
0.09399
0.04597
0.03452
0.00870
0.01630
-0.01129
0.00054
-0.00099
-0.05619
0.05823
-0.05467
-0.06704
-0.01477
0.00055
-0.04643
0.00292
0.07124
0.08025
-0.00987
-0.01379
-0.07274
-0.02163
-0.00199
0.01869
0.02835
0.01117
-0.02633
-0.00950
0.03103
0.02881
0.07592
-0.00111
0.08470
0.00945
-0.02967
0.01948
-0.02142
0.02578
0.05189
0.03851
0.00612
0.07447
0.00094
-0.03416
0.03600
-0.00001
0.06303
-0.02515
0.00209
-0.00496
0.00003
-0.01211
0.06210
-0.02913
-0.03995
-0.02231
-0.03197
-0.04855
0.02383
-0.01389
0.03135
-0.05412
0.00719
0.06204
-0.00084
-0.01555
-0.00492
0.06396
-0.03779
0.07735
0.03951
-0.02319
-0.00435
0.06948
0.00624
0.02312
-0.05349
0.02263
0.03776
0.01487
-0.02202
-0.00665
0.01102
0.01542
0.04402
0.01892
-0.03894
0.01589
0.01195
0.05592
-0.03166
0.07785
-0.04568
-0.01846
-0.02241
0.00284
-0.02147
-0.02664
-0.07435
0.01465
0.06211
0.07685
-0.06374
0.01278
0.04547
0.06526
-0.01109
-0.02978
-0.00912
-0.00804
0.02191
0.01442
-0.04857
0.00109
0.04098
0.02274
-0.01145
0.02640
0.00682
-0.01981
-0.02116
0.01978
-0.05324
-0.02998
0.01903
-0.00750
0.05371
0.02918
0.05144
0.09455
-0.01869
-0.04484
-0.04732
-0.06037
0.00305
-0.05245
-0.00073
-0.04665
0.00602
0.02332
-0.04924
0.04585
-0.00050
0.01099
-0.02746
0.06385
0.06657
0.00963
0.03234
-0.00872
-0.03142
-0.01985
-0.04093
0.00081
0.06470
0.04235
0.04051
-0.04033
-0.00660
0.01395
-0.08454
0.08297
-0.00021
0.04394
-0.08611
0.00360
0.03276
-0.00650
0.02456
-0.03663
0.02889
-0.00742
-0.00098
-0.01908
0.01504
-0.08233
0.04588
-0.03834
0.01684
-0.00727
-0.01200
0.02193
0.06105
-0.00309
0.06060
-0.04783
0.01448
-0.03192
-0.05480
-0.04682
0.06322
-0.01920
-0.00145
-0.00732
0.04905
0.04566
-0.01870
-0.04832
-0.05841
0.06105
-0.00176
-0.02269
0.00272
-0.05360
-0.00098
0.01372
0.05506
-0.06887
-0.01126
0.02138
0.02301
0.00646
-0.01980
0.03184
-0.02774
-0.10085
-0.05704
0.01172
0.02913
-0.03691
0.11199
0.00776
0.02991
-0.00566
-0.03707
0.05336
0.00435
-0.02670
-0.04704
0.06126
0.05745
-0.01701
-0.00259
-0.05152
0.03882
-0.03262
-0.03669
-0.07767
0.07954
0.03041
-0.02268
-0.02194
-0.04980
-0.02475
-0.00813
-0.00269
-0.04612
0.01194
-0.01594
0.05970
-0.00741
0.01707
-0.02451
-0.08904
0.00651
-0.06160
0.01537
0.02076
-0.04328
-0.00044
-0.04813
0.01681
0.04738
