0.00366
0.05221
0.02225
0.01871
-0.01317
-0.08787
-0.05039
0.00076
0.03667
-0.07987
0.01739
-0.05373
-0.04259
-0.00231
0.00973
0.00809
-0.01643
-0.00133
-0.01456
0.07461
0.05399
0.01599
-0.03545
-0.00847
0.00652
-0.00797
0.09658
0.00383
0.07718
0.00523
0.00799
0.01888
0.00088
0.01956
0.02327
-0.03192
-0.01122
-0.03052
0.08510
0.04328
-0.02915
-0.06460
-0.04152
-0.00174
0.02514
0.00502
-0.02826
-0.00776
0.07170
0.10448
0.04385
-0.00339
-0.09133
-0.01056
0.08140
0.03364
-0.00978
-0.04237
0.06299
-0.01422
0.02812
-0.03041
0.02872
0.00566
0.03809
0.05386
-0.04350
0.01421
-0.00680
-0.10992
-0.02702
0.03341
-0.03821
0.04444
0.03528
0.01839
0.04404
-0.07229
-0.05454
-0.01009
0.01501
-0.01052
0.05261
-0.04594
0.00697
-0.04095
0.04264
-0.02347
0.06339
0.05788
-0.02608
-0.04670
0.05425
0.00215
-0.13326
0.01039
-0.05674
0.02228
-0.00863
-0.04686
0.00701
-0.01889
0.04897
-0.04186
-0.02624
-0.00272
0.01541
-0.04790
-0.03405
-0.01832
0.00475
-0.02386
0.02418
0.09556
0.05183
0.01697
-0.02038
0.01658
-0.00554
-0.00920
0.01452
0.05890
0.01231
0.06247
-0.00555
-0.05162
0.00160
-0.07557
0.00871
0.03836
0.02487
-0.02632
-0.06257
-0.03326
0.01507
-0.04915
-0.03476
-0.02779
-0.01555
-0.00129
0.08715
0.06854
-0.06353
-0.02889
0.07286
0.06088
0.04154
0.03461
-0.02797
-0.00511
-0.00628
0.05859
0.00993
-0.01717
-0.04937
-0.04446
0.01354
-0.04023
-0.01391
-0.00192
0.01761
-0.04862
-0.01981
-0.02062
0.00764
-0.01238
0.04997
0.02733
-0.02821
-0.04224
-0.00809
0.04342
0.04512
-0.03083
0.00707
-0.05406
-0.08135
-0.05189
-0.00453
0.07460
0.12474
-0.03976
-0.01551
-0.02408
-0.00454
0.01024
-0.07176
-0.03996
-0.06530
0.04752
-0.04178
0.06806
0.01510
0.03637
-0.01408
-0.03142
-0.02413
-0.03159
0.02137
-0.05218
-0.04634
-0.03846
0.01040
0.05870
0.05053
-0.08619
0.01397
-0.00265
-0.03438
0.06821
0.08285
-0.01172
-0.00029
0.00313
-0.07406
0.01636
-0.05091
-0.02409
-0.00885
-0.01755
0.00761
0.02961
0.00477
0.02239
0.00975
0.07852
0.00149
0.02114
0.04345
0.01663
-0.01531
-0.11714
0.00617
0.00262
-0.00993
0.07217
-0.07615
0.04206
-0.00037
0.06362
0.00854
0.03095
0.03386
-0.02589
-0.01063
0.04640
-0.11720
-0.01366
0.05090
-0.09047
-0.05879
0.04487
-0.07185
-0.02245
0.02771
-0.05410
0.00574
0.01975
0.02018
-0.01293
-0.01346
-0.03493
-0.00894
-0.00542
0.00798
0.01252
0.02737
-0.02188
-0.04563
-0.02957
0.00810
0.04739
0.02459
-0.00275
0.07490
0.08724
0.00181
-0.01042
0.00523
0.04059
-0.03430
-0.06564
-0.03278
-0.00067
0.05878
-0.01050
0.00292
0.01472
-0.02084
0.05991
-0.04970
0.01845
-0.03116
-0.07079
-0.04994
0.05751
-0.09195
-0.04512
0.05094
0.00841
-0.02689
0.00351
0.00170
-0.00188
-0.04425
-0.06656
0.11377
0.05866
-0.07322
-0.00508
-0.00727
-0.02163
0.05866
-0.05376
-0.03589
0.02041
-0.01128
-0.04580
0.02601
0.05461
-0.00874
-0.03213
0.01535
0.01843
0.04959
-0.07489
0.06904
0.00505
-0.02490
0.04521
-0.01482
-0.06804
0.00302
0.04728
-0.01251
0.01624
-0.05553
-0.05103
0.06062
-0.01494
0.02230
0.00503
-0.03955
0.04351
0.04638
0.06471
-0.01287
0.05246
-0.03268
0.05730
0.01104
-0.09867
0.04245
0.02701
-0.02925
0.04941
-0.02302
-0.02300
-0.07016
0.00972
-0.01942
-0.03206
0.02868
0.03419
0.06682
-0.06129
0.00585
-0.01551
-0.06981
0.01335
-0.00502
-0.00611
-0.03266
-0.07085
-0.03876
0.00637
-0.02510
-0.03227
-0.07810
0.00469
-0.06504
0.04098
0.01617
-0.00630
0.00212
-0.02793
-0.03264
0.03281
-0.06629
0.00789
-0.02354
-0.02802
-0.08303
-0.08066
0.01817
-0.01930
0.07737
0.02073
-0.06424
-0.04296
0.04326
-0.02207
-0.01268
0.01162
-0.05374
-0.00406
-0.07689
-0.04713
-0.00883
0.03144
-0.06879
-0.03222
-0.01325
0.02717
-0.00227
-0.01017
0.01199
0.07703
-0.02001
0.02681
-0.02451
0.05431
0.02950
-0.03690
-0.01475
-0.04056
-0.03988
-0.00683
0.00523
-0.04033
-0.01343
-0.05113
-0.01860
-0.01584
-0.08724
-0.00964
0.04353
-0.03786
0.02969
0.08072
0.02494
0.03901
-0.07958
-0.03201
-0.01527
0.05708
0.06626
-0.06523
0.00379
0.04015
0.07834
0.00932
-0.00133
0.08643
-0.02718
-0.01293
0.01002
-0.05583
-0.00039
0.10360
-0.02195
-0.07503
0.00190
-0.00905
-0.04896
0.01312
0.00611
-0.02816
0.08716
-0.00052
-0.02592
0.11691
0.07455
-0.02998
0.02954
0.00203
-0.06339
-0.02157
-0.00780
-0.04389
0.02040
0.05512
0.00976
0.10444
0.01544
-0.01874
0.04702
0.04169
-0.00193
0.01091
0.00389
-0.00753
0.03305
-0.02048
-0.00031
0.04599
0.02624
-0.01651
0.01074
-0.06798
0.04691
0.01736
-0.04336
-0.03902
0.02532
0.02547
0.00843
-0.01103
-0.04021
0.00658
0.10754
-0.01104
