-0.00406
0.05345
0.01334
-0.03206
-0.01891
-0.10596
0.00343
-0.04708
0.02438
-0.01813
-0.02624
-0.02926
-0.08531
-0.00423
0.04448
0.02729
0.01229
-0.01645
-0.03263
0.10881
0.01682
0.00160
-0.04174
0.02335
0.03067
-0.05809
0.04185
-0.01612
0.02256
-0.02633
-0.04439
0.02778
-0.02141
0.07312
0.02733
-0.04574
0.00993
-0.05144
0.06227
0.03770
0.01112
-0.06986
-0.04806
-0.01346
-0.02673
0.02505
0.00500
-0.02396
0.08642
0.13416
0.08071
-0.00617
-0.09948
-0.02314
0.08164
-0.03319
-0.07539
-0.02156
0.05043
0.00641
-0.04329
0.01151
0.03132
0.00948
0.04637
0.01365
-0.02976
0.03226
0.01968
-0.08997
-0.00924
0.01525
-0.03762
0.06705
0.00745
0.02650
0.06672
-0.06858
-0.00233
0.00689
0.00859
-0.01770
0.01325
-0.05737
0.00259
-0.03532
0.03343
-0.05610
0.02849
0.05251
-0.01014
0.00622
0.04917
-0.02061
-0.10619
-0.00750
-0.04850
0.03621
0.00130
-0.05076
-0.00399
0.03459
0.01360
-0.05669
-0.03281
-0.00681
0.04149
-0.00826
-0.03799
-0.02148
-0.00957
-0.10619
0.05671
0.11724
-0.00267
0.02203
0.02200
-0.00672
-0.03027
-0.01462
0.01408
0.08525
0.04281
0.05088
0.03395
-0.01690
0.01831
-0.06722
-0.03239
0.03691
-0.02060
-0.03773
-0.06137
-0.05093
0.00215
-0.08497
-0.05262
-0.02755
-0.01369
-0.00892
0.09805
0.04300
-0.02358
-0.00337
0.04243
0.06512
-0.01252
0.02621
0.00605
-0.01489
-0.01865
0.03975
0.01470
0.00900
-0.06117
-0.05998
0.03100
-0.02653
-0.05924
0.03213
0.01835
-0.03804
-0.01278
0.00045
0.00692
0.00327
0.02738
0.03605
-0.02930
-0.06370
-0.03144
0.04459
0.01321
-0.01809
-0.01852
-0.04937
-0.03726
-0.01689
-0.00230
0.06197
0.08252
-0.03106
0.03332
0.00552
-0.03540
-0.02230
-0.05730
-0.04957
-0.06201
0.07822
-0.00213
0.05932
0.01692
0.05939
-0.02786
-0.00929
-0.00455
-0.01902
0.01153
-0.04582
-0.04208
-0.04857
0.02361
0.07083
0.09065
-0.10385
0.03047
0.05162
-0.05613
0.09828
0.05555
0.00049
-0.02537
-0.02074
-0.06768
-0.00161
-0.00028
-0.04488
-0.04117
0.03237
0.01895
0.06112
0.03427
-0.00910
0.01863
0.10460
0.03269
0.04314
0.02622
0.07511
-0.00191
-0.10619
-0.01420
0.00785
-0.00001
0.05613
-0.07833
0.02499
-0.00373
0.05268
0.03666
-0.00456
0.01087
0.01033
0.01119
0.03665
-0.06770
0.01235
0.08613
-0.10338
-0.04242
0.06679
-0.03982
-0.04076
-0.01444
-0.06270
0.00817
-0.00286
-0.05637
0.00206
-0.00551
0.01116
-0.02230
-0.03578
0.01675
0.02923
-0.03066
-0.00713
-0.00096
-0.02100
-0.01999
0.00585
-0.00475
0.00922
0.01185
0.05585
-0.05763
-0.03073
0.04002
0.06091
-0.05591
-0.04411
-0.03827
0.02447
0.05543
-0.04521
-0.01859
0.01933
-0.02474
0.06080
-0.10395
0.06513
0.03538
-0.10076
0.00083
0.02718
-0.08191
-0.03351
0.01401
0.00453
-0.02236
-0.03121
-0.02861
0.02822
0.00681
-0.05459
0.08934
0.00118
-0.03193
-0.02332
0.01005
0.02841
0.01252
-0.07227
-0.00532
-0.03417
-0.03800
-0.00959
0.01816
0.01299
0.02448
0.00142
0.03841
0.03820
0.04502
-0.05854
0.00973
-0.00625
-0.07261
0.04501
-0.06511
-0.02874
-0.00186
0.03746
-0.01628
0.01256
-0.03632
-0.04650
0.04402
0.02509
-0.00302
0.02702
-0.07268
-0.01707
0.07165
0.06860
0.00216
0.05502
-0.01615
0.05489
0.01212
-0.07677
0.02061
0.02979
-0.02257
0.06116
-0.03179
-0.01256
-0.04094
0.02475
0.01048
-0.03066
0.02085
0.02244
0.03554
-0.05903
-0.02607
-0.01702
-0.05596
0.01282
-0.02500
0.01421
-0.01524
-0.04012
-0.03127
0.03598
-0.06846
-0.02322
-0.06799
0.04876
-0.04247
0.06458
-0.00055
0.00126
0.03542
0.00069
-0.03057
0.09845
-0.03389
0.02954
-0.07370
0.00745
-0.05295
-0.02665
0.00494
-0.06525
0.01633
-0.04333
-0.04928
-0.01543
0.06602
-0.04717
-0.00720
-0.01934
-0.07925
-0.08460
0.00434
-0.05210
-0.02116
0.01349
-0.10124
-0.07025
-0.00366
0.05071
-0.04134
-0.00286
0.00163
0.05435
-0.02527
-0.01008
-0.03280
0.04392
-0.00778
0.02866
0.05322
-0.05832
-0.01753
0.01207
-0.02055
-0.04249
-0.00820
-0.07098
0.02877
-0.06247
-0.03648
-0.01300
0.02598
-0.05201
-0.00223
0.02842
-0.02279
-0.00702
0.00231
0.01754
-0.02701
0.05212
0.14730
-0.05305
0.02039
0.03753
0.04603
0.00691
0.02247
0.03590
-0.04544
0.00092
0.02999
-0.04119
-0.00715
0.06112
-0.00350
-0.07100
-0.00727
-0.04748
-0.07056
0.01198
0.01506
-0.02748
0.10832
0.00605
0.02127
0.13675
0.03357
0.01566
0.03672
0.02324
-0.04546
0.00767
-0.00158
-0.00924
0.00287
0.05493
0.02059
0.09208
0.05941
-0.03782
0.04606
-0.00702
0.03539
0.02934
-0.03023
-0.01879
0.01655
-0.01048
-0.00397
0.01282
0.02816
0.02087
0.00392
-0.03021
0.03707
0.01080
-0.04991
0.02051
0.04679
0.00706
-0.06718
0.02782
-0.02607
0.01487
0.07659
-0.02208
