0.00521
0.00941
-0.08122
-0.03194
-0.00485
-0.01160
0.06869
0.01980
0.02417
0.04782
0.09012
-0.00184
0.04047
-0.01608
-0.00206
-0.03159
0.01820
-0.07798
0.03548
-0.00957
-0.01616
-0.00335
-0.01270
-0.06584
-0.02563
-0.06391
-0.02466
-0.04733
0.02157
-0.00696
-0.00131
-0.01567
0.01037
0.06053
-0.06941
-0.03042
0.00681
0.01053
0.07410
-0.02828
-0.01988
-0.01571
0.03873
0.11224
0.01889
0.08660
-0.00892
-0.01963
0.00922
-0.06137
0.03395
0.03724
0.00802
-0.01266
-0.05677
-0.00565
-0.01430
0.02669
-0.08829
-0.00571
-0.00938
0.02293
-0.10410
-0.07501
-0.03184
-0.02411
-0.03621
0.00130
-0.02697
0.02793
-0.00300
0.00655
-0.01539
-0.02292
0.04845
-0.03639
-0.02686
-0.01831
-0.10018
0.04528
-0.09953
0.05107
-0.06149
-0.03478
-0.01290
0.00911
-0.00249
-0.01399
-0.03060
0.05466
-0.02348
-0.07369
-0.02374
0.00417
0.00806
-0.00664
0.05477
0.08735
-0.03984
-0.01492
-0.03609
0.03989
0.06310
-0.05335
-0.00793
-0.03469
-0.03742
0.04514
-0.03072
-0.00095
0.05396
-0.02846
-0.04846
-0.08388
0.04864
0.04651
0.07247
-0.00655
0.04116
0.00849
-0.01167
0.07045
0.01530
0.04350
-0.01288
-0.02597
0.02150
-0.00097
0.03577
-0.01300
-0.04835
0.08002
0.03367
0.04814
-0.01161
-0.06361
-0.00319
0.00552
0.00911
0.03649
-0.04893
-0.00126
-0.00479
0.01411
0.02698
0.01203
0.02216
0.00644
0.02747
-0.02390
0.05148
-0.01248
-0.02014
0.00829
0.02563
-0.00289
-0.00361
0.02938
0.09984
0.00995
0.09472
-0.01269
-0.01839
-0.01563
0.05484
0.01862
0.03840
-0.00205
0.02349
0.09897
0.05480
0.08045
0.02025
-0.06623
-0.02184
0.00398
0.02335
-0.02406
0.06369
-0.02072
0.07183
-0.02291
-0.05974
-0.00367
0.02720
0.06876
0.04301
0.00664
-0.02944
0.01957
0.01179
-0.09828
-0.02296
-0.03511
0.04439
-0.09865
0.04377
-0.02463
-0.02803
0.02667
0.05179
-0.04873
0.03870
-0.06225
-0.02655
0.10487
-0.00244
-0.10951
0.02905
0.06001
-0.01179
-0.00728
-0.02267
-0.08918
0.01659
-0.00050
0.01243
-0.06708
0.08342
-0.04759
0.01728
-0.07814
0.01108
-0.06200
0.00961
-0.04656
0.05575
0.05735
0.03179
0.01942
-0.06478
-0.03167
0.00510
0.05368
-0.01979
0.04241
0.01219
-0.08693
0.01667
0.03554
0.08676
0.00208
0.00709
-0.05606
0.02852
-0.00165
-0.06340
0.01320
-0.03347
-0.00665
0.02422
0.07817
0.00663
-0.04709
0.03130
0.01173
0.07370
-0.04471
0.08492
-0.05277
-0.06467
-0.01383
-0.04767
0.01573
0.00723
0.05400
0.02716
-0.04214
-0.02713
-0.03474
-0.02546
0.08331
-0.04900
0.07095
0.00537
0.00530
-0.01525
0.03995
-0.01401
-0.06541
0.00449
0.06238
0.10403
-0.06735
0.01782
-0.04759
0.00455
0.02764
-0.06280
-0.01043
0.03673
0.01744
-0.03540
0.02913
-0.03767
0.00466
-0.01957
0.03255
0.03468
-0.00132
0.01270
0.04608
-0.06277
-0.04980
0.01436
-0.04907
0.01768
-0.01667
0.02372
0.01380
0.02074
-0.02930
0.02684
-0.04292
0.02467
-0.11005
0.04620
-0.01868
0.04225
-0.01998
-0.02879
0.03767
-0.04442
-0.02716
-0.00009
-0.01442
0.02634
-0.01089
0.02843
-0.02354
-0.02800
0.02543
-0.00759
0.11327
-0.01575
-0.01560
-0.03359
-0.08954
0.09463
-0.00055
0.10527
0.00228
0.01761
0.03501
-0.03461
-0.05058
-0.01611
-0.11468
-0.02295
0.01456
0.02058
0.01131
0.00205
0.03670
0.10180
0.01018
0.03778
0.05012
-0.08000
-0.03083
-0.00072
-0.07731
-0.03556
-0.00041
-0.03009
-0.02680
0.00567
-0.01549
-0.00687
-0.04274
0.00463
-0.05594
-0.02996
-0.05375
0.03048
-0.02856
-0.01182
-0.00680
-0.04375
-0.03100
0.00383
-0.05908
-0.05805
0.02152
-0.03945
0.03089
-0.01299
0.05601
0.03213
-0.02654
0.04325
0.00449
-0.02683
0.03462
-0.01504
-0.01090
0.06110
-0.00619
0.03684
0.01655
0.04355
0.03540
0.10657
-0.03082
-0.05191
0.01812
0.01378
0.00683
-0.04680
-0.08618
0.05548
0.01881
-0.06775
0.00630
-0.02661
-0.00950
-0.01846
0.07541
0.03628
-0.00962
0.00555
0.02831
-0.00799
0.01052
-0.03078
0.03023
-0.04193
0.00320
0.01135
-0.01661
0.02322
0.03402
-0.02703
0.03638
-0.02116
-0.03859
0.00950
-0.00467
-0.00240
-0.00146
0.01227
0.04360
0.06434
0.01944
-0.01163
-0.01752
0.01077
-0.06258
0.03932
-0.02963
-0.02321
0.04213
-0.04853
-0.01708
-0.07873
-0.04431
0.02001
0.06780
0.02286
-0.00122
0.01734
-0.02176
0.05433
-0.03819
-0.05728
-0.00396
-0.06472
0.09089
0.00693
-0.02745
0.05817
-0.00086
0.04585
-0.06984
-0.01854
-0.01316
0.01117
0.01818
0.04325
-0.03442
-0.06844
0.02288
-0.01043
-0.05526
-0.00480
-0.02927
-0.04303
0.05455
0.00404
-0.07154
0.03050
-0.02639
-0.00852
0.00369
0.01205
0.07487
0.01201
-0.04329
0.06183
0.02426
-0.02264
0.01178
0.01205
0.03018
-0.01316
0.07023
0.05762
-0.05321
-0.00144
-0.01729
-0.03679
-0.00731
