0.00086
-0.00957
-0.03085
0.00726
-0.01893
-0.00524
-0.00830
-0.03795
0.04152
0.04756
0.07843
0.05286
0.00833
0.02089
0.02626
0.03464
0.02529
-0.02063
0.03859
0.06455
-0.00887
0.01619
0.00564
-0.06971
0.00176
-0.05019
-0.07557
-0.04054
0.01652
0.00353
-0.03611
-0.03982
-0.03154
0.05395
-0.02826
0.05318
0.04255
-0.03228
0.06704
0.03749
0.01694
0.03275
-0.01658
0.00884
-0.05668
0.04329
0.01178
-0.02110
0.01710
-0.01329
0.02316
-0.02988
-0.03801
0.00639
-0.05469
-0.07406
-0.03509
0.03112
-0.06965
-0.03026
0.03412
0.07307
-0.06227
0.02386
0.01247
-0.01370
0.02216
-0.03480
0.00336
0.03311
0.00272
0.04773
0.00119
-0.01518
0.02185
-0.05521
-0.05061
0.05549
-0.00454
0.00241
0.01936
-0.03455
-0.09839
-0.01822
0.06203
0.03524
0.00815
0.05828
-0.07945
0.08610
0.07733
-0.03609
-0.06274
-0.00303
0.00786
-0.00456
0.13314
0.08561
-0.04129
-0.01292
0.00963
-0.00104
0.01023
-0.03386
0.02738
-0.08423
0.03512
0.03417
0.02515
0.06142
0.06564
-0.06245
0.04849
-0.03656
-0.00211
-0.02757
0.02171
-0.03532
0.03435
0.07329
-0.01913
-0.00710
-0.01762
0.00642
-0.00245
-0.04259
0.02407
0.00940
-0.07249
0.00650
0.00112
0.02675
-0.00661
-0.01120
-0.01434
0.00977
0.02420
0.05809
0.02700
0.06059
-0.00910
0.00997
0.06146
0.08636
0.00411
-0.07818
-0.00759
0.07411
0.00178
-0.05277
0.04215
-0.01043
0.00822
-0.00081
0.05079
0.01967
0.04112
0.05607
-0.01030
0.01366
0.04414
0.00859
-0.02154
0.00826
0.03710
0.02368
-0.02049
-0.05280
0.04235
0.03146
-0.04209
-0.03330
0.03256
-0.00667
0.04136
-0.03178
0.00404
-0.03696
0.03854
0.00412
-0.05074
-0.06840
-0.04215
0.03987
-0.04211
0.05674
0.08625
0.01932
-0.05309
0.02535
-0.02530
-0.06220
0.00765
0.02647
0.04113
-0.05408
-0.02483
0.02015
0.07168
0.06814
0.03095
-0.04485
-0.04318
-0.02135
0.00143
0.03493
0.01023
-0.01922
0.04732
0.01700
-0.14112
-0.02293
0.02003
-0.12009
-0.00263
-0.03463
0.02937
0.02285
0.06714
0.02125
-0.00811
-0.05185
0.03152
-0.06362
0.06944
-0.02135
-0.00578
-0.03449
0.00160
0.00428
0.03964
0.01113
0.02176
0.02063
0.02440
-0.00945
0.04746
-0.05444
-0.04364
0.06966
0.02682
-0.00858
0.03692
0.05572
-0.00928
0.03261
-0.04255
0.02520
-0.01375
-0.00782
0.02677
0.00125
0.02312
-0.00587
-0.03225
0.02228
-0.01886
-0.04607
0.09616
0.00803
-0.11991
-0.01181
-0.03247
-0.03620
0.03885
0.08864
0.01936
0.00589
-0.03710
-0.01482
0.01638
-0.00074
-0.03694
0.06050
-0.01448
0.01327
-0.05004
-0.01061
-0.04465
-0.04094
-0.00122
0.04067
0.09191
0.03771
0.00442
-0.07469
-0.04387
0.02469
0.02958
0.05361
0.03321
-0.04997
-0.03024
0.03556
-0.07620
-0.03416
-0.01546
0.04722
-0.06590
-0.01468
-0.00405
0.05534
-0.07467
0.08920
0.01655
-0.04897
-0.04204
0.01431
0.03168
-0.04876
0.04850
0.02068
0.00777
-0.00336
0.07079
-0.11046
0.03355
-0.03584
-0.02643
-0.01267
-0.04323
0.02658
-0.04197
0.04298
-0.06004
0.05493
0.02664
0.03351
0.02889
0.05419
-0.02682
-0.02478
-0.06318
-0.00869
0.01900
0.00685
0.01149
-0.04644
0.06380
0.03339
0.10200
-0.01001
-0.02949
0.00887
0.00936
-0.00630
-0.01130
-0.12654
-0.02708
-0.00759
0.03016
0.01342
0.01110
0.08548
0.04365
-0.03228
0.01441
0.04078
0.00535
-0.02040
0.00127
-0.06002
-0.03705
-0.01220
0.00147
0.02257
0.02791
-0.03009
-0.05577
0.01044
-0.10061
-0.06047
-0.01750
0.03504
0.08675
-0.02932
0.01160
0.02338
0.00276
0.08321
0.06970
-0.02671
-0.02949
0.05243
0.06702
0.01279
-0.06045
0.11554
0.03117
0.08698
0.02363
0.01215
-0.02384
0.02016
-0.06110
0.00333
-0.03460
-0.06876
-0.02003
0.01527
0.02557
-0.04293
0.08686
-0.03909
0.00666
-0.00172
0.01317
0.04291
0.00086
-0.11702
0.07911
-0.05863
0.02036
0.02870
-0.06339
-0.04763
0.00996
0.03937
0.00372
-0.07001
-0.00923
0.02791
0.00593
0.00560
0.01976
0.08230
-0.00083
-0.02764
-0.04226
0.00247
0.09006
0.05481
0.03122
0.03685
-0.00120
0.04918
-0.01011
-0.00855
-0.11815
0.00151
0.03880
0.03905
0.05681
0.05408
-0.02261
-0.06650
-0.02314
-0.00542
0.03996
-0.00142
0.01771
-0.04376
-0.00297
0.05606
0.01192
-0.05403
0.06308
0.04227
0.03135
-0.01448
0.02875
-0.04417
0.04953
-0.03270
-0.04162
0.01991
0.01113
0.03669
-0.00068
0.03107
0.02266
-0.04205
0.04315
-0.08427
0.00407
-0.04252
-0.02198
-0.06281
0.04914
0.03098
0.01206
0.07098
0.01510
0.01639
0.01191
-0.00525
0.04699
0.04980
0.03519
-0.03407
0.03431
-0.02015
-0.03234
0.10124
0.00346
0.05675
-0.00784
0.04085
0.05904
-0.01262
-0.00624
0.07158
0.00625
0.03887
-0.03873
-0.04226
0.00652
-0.04910
-0.00866
-0.06445
0.01959
0.09407
