-0.01885
-0.01272
-0.07285
-0.05188
0.02733
-0.00092
0.05886
0.02839
-0.01773
-0.00449
-0.02676
-0.00077
0.03351
-0.02597
0.04689
0.03517
0.01283
-0.02333
-0.02145
0.01677
-0.01653
-0.04037
0.01650
-0.03558
0.04276
-0.00798
-0.01921
-0.07864
0.03210
0.01217
-0.01976
0.00600
-0.05978
0.04463
-0.06343
-0.03383
0.04972
-0.05995
-0.02510
0.00012
-0.02723
0.02911
-0.02176
0.02750
0.05012
0.05355
0.06982
0.02878
-0.04610
-0.00805
0.00624
-0.01432
-0.00796
-0.03318
-0.03094
-0.00108
-0.06499
0.01655
-0.03009
0.01868
-0.03913
0.02086
-0.08040
-0.00113
-0.07949
-0.02402
-0.07747
0.02606
-0.03198
-0.04649
-0.07138
-0.01505
-0.00314
0.01425
0.04223
-0.01425
0.01722
-0.01879
-0.01847
-0.04963
0.00374
-0.00479
0.00193
-0.07749
-0.03783
0.00908
-0.08250
0.01545
-0.01044
0.02675
0.02443
-0.02600
0.04519
-0.02617
0.00867
0.00474
-0.00887
0.03394
0.00349
-0.03061
0.00181
0.02500
0.04003
-0.00855
0.00697
-0.05652
-0.05815
-0.06216
-0.04462
-0.07168
0.03057
0.02329
0.01879
-0.02706
0.08299
0.07025
0.01355
-0.04207
0.01265
0.00782
0.05500
0.05134
0.11686
-0.04604
0.07260
-0.05657
0.02135
-0.03424
0.02823
-0.06033
0.04057
0.06045
-0.02469
0.00694
-0.00952
-0.06462
0.03139
-0.05169
0.01529
-0.01472
-0.04070
0.00140
-0.08259
0.02851
0.08463
-0.04645
0.04640
0.00478
0.01071
-0.00851
-0.01901
-0.02979
0.00706
0.01739
0.03842
-0.01281
-0.01563
0.01112
0.05258
-0.02139
0.06880
-0.00331
-0.04222
-0.06502
0.07425
0.07768
-0.02855
0.02126
-0.04316
-0.01054
0.00284
0.02456
0.05701
-0.00954
0.03336
-0.02163
-0.00673
-0.03664
-0.01834
0.04072
0.05075
-0.00144
0.00092
-0.00935
0.02560
0.00210
0.02893
-0.04177
0.04177
0.01581
-0.01374
-0.02498
0.05684
-0.02145
0.03582
-0.04690
0.04957
0.00716
-0.01976
-0.04434
0.02294
-0.12188
0.06889
-0.04043
-0.01218
0.03430
0.04690
-0.00694
0.03469
0.03873
-0.00492
0.03535
0.01103
-0.06000
0.06500
0.00300
0.00555
-0.03984
0.01705
-0.06136
-0.06060
-0.03166
-0.00369
-0.08489
0.02750
0.01227
0.02971
0.06397
0.01643
0.02526
-0.06599
0.00938
-0.04180
0.06063
0.01474
0.03104
0.00038
-0.10715
0.03032
0.00299
0.01882
0.00906
-0.01255
0.01148
0.01236
0.01957
-0.04472
-0.02473
-0.06421
0.01707
0.04901
0.09697
0.03295
-0.07218
0.00033
-0.05425
-0.01934
-0.01517
0.02745
-0.02019
-0.05702
-0.05052
-0.02690
0.04510
-0.01126
0.03452
0.02603
-0.03842
-0.03717
-0.05897
-0.04693
0.04565
-0.01616
-0.01436
-0.02774
-0.04521
0.02238
0.09198
0.02278
0.00764
-0.04601
0.02235
0.07078
-0.00558
0.01669
-0.02794
0.06486
-0.04448
-0.04239
-0.03599
0.00007
0.03875
-0.06259
0.06590
-0.00345
0.06422
-0.02322
-0.01957
-0.01187
0.03428
0.03852
0.01528
-0.02084
0.03193
0.03927
0.01840
-0.02441
-0.02561
-0.00335
0.01357
-0.04936
-0.00317
-0.00760
-0.01085
0.00629
-0.04752
-0.05155
-0.00284
0.00432
0.01056
-0.01204
0.02906
-0.07218
0.02511
-0.05555
0.00907
0.01682
0.00464
-0.09537
0.00238
-0.04616
0.00214
0.01363
0.01028
-0.07501
-0.07130
0.05892
-0.00281
0.09278
0.02696
0.01594
-0.01953
-0.00456
0.05711
0.01758
0.00092
0.07087
-0.02640
0.00903
0.00378
0.06428
0.02535
0.04957
-0.05123
0.03963
0.04646
0.01909
-0.05656
-0.06436
-0.03372
0.04467
-0.13716
-0.01804
0.00734
0.02775
0.03636
0.01196
-0.05747
0.00533
0.01782
-0.01600
-0.01267
0.01166
-0.04335
0.01125
0.04733
0.00782
-0.06009
0.03082
0.02984
-0.06604
-0.09286
0.02328
0.01513
-0.00099
0.01688
-0.00527
0.01749
-0.02592
-0.02490
-0.00715
0.05303
0.01994
0.04927
0.01883
0.04702
0.07296
0.04317
0.02014
-0.03344
-0.02420
-0.00989
0.06086
0.02388
-0.07912
-0.02896
-0.02119
0.03913
-0.00512
0.00330
0.05753
-0.03824
-0.05512
-0.04237
-0.07505
0.03680
0.01476
0.01079
0.08870
-0.06109
-0.07252
0.01503
-0.00413
-0.01478
-0.04628
0.03022
-0.01734
-0.00382
-0.00859
0.00580
0.02218
0.03812
0.00957
0.04565
0.01464
0.00476
0.04256
0.01473
-0.00961
0.01454
-0.03431
0.00378
0.03042
0.01729
0.05639
0.00868
0.01918
-0.05503
0.10520
-0.04160
-0.02272
-0.01678
-0.00691
-0.06764
0.01933
0.01710
0.05270
0.01653
0.01030
-0.00475
0.02842
-0.00003
0.01706
-0.05031
-0.00110
-0.00768
-0.04836
0.05162
0.03177
0.07197
-0.01535
0.03407
-0.04913
0.05379
0.00233
-0.01066
0.00106
0.00176
0.01012
0.04649
-0.01178
-0.02762
-0.00043
0.02593
0.06395
0.02171
-0.04348
-0.01031
0.09375
0.01796
-0.04298
-0.04601
-0.01503
0.01200
0.04947
0.01896
0.00239
-0.00564
0.10800
0.03487
-0.03516
-0.08803
-0.01542
-0.04132
-0.04192
0.08766
0.02855
0.01818
0.04145
-0.03271
0.01267
-0.02741
