-0.00068
-0.03664
-0.09421
-0.00928
-0.06039
-0.05433
0.03076
0.04739
-0.00734
0.04005
0.06056
0.03300
0.07272
0.00912
0.03741
-0.02472
0.01334
-0.00206
-0.01369
0.06414
-0.05368
0.02614
0.06158
-0.06017
-0.00272
-0.03292
-0.05500
-0.03549
0.06376
0.00107
0.00820
0.04872
-0.05197
0.03352
-0.05804
-0.05668
-0.01547
-0.02887
0.00858
-0.00312
-0.01285
-0.02405
0.02608
0.04412
0.01508
0.03813
0.05208
0.02220
-0.05214
-0.01991
-0.03869
-0.07160
0.02496
-0.00483
-0.00500
-0.00528
-0.11206
0.05412
-0.00832
0.01545
-0.05406
0.07392
-0.07243
0.06580
0.00381
-0.02352
-0.04257
-0.03801
-0.03374
-0.01138
-0.00954
0.01884
0.01627
0.03508
-0.03313
-0.05932
0.00806
-0.07137
-0.00124
-0.08323
0.07311
0.06707
-0.05123
-0.02323
-0.00725
0.02932
-0.05848
-0.02083
-0.02171
-0.04374
0.07888
0.01339
0.03550
-0.05728
0.00828
0.05153
-0.00499
0.05119
-0.01454
-0.02320
-0.01883
0.04618
0.05230
0.01004
-0.02871
-0.03802
-0.02812
-0.02906
-0.07043
0.00829
0.02357
0.02084
0.02013
-0.02208
0.01271
0.02761
0.00601
0.05016
-0.04681
0.03428
0.00810
0.04710
0.08821
-0.08107
-0.02581
-0.01346
0.04889
-0.03177
0.00527
-0.06445
0.00870
-0.01363
-0.01851
0.06768
-0.02794
-0.02754
-0.04830
-0.02421
0.07196
0.03816
-0.08148
0.04038
0.01382
0.02081
0.01218
0.02514
-0.02097
0.04913
0.02604
0.00095
0.07538
0.02705
-0.00781
0.05844
0.04229
-0.02686
-0.09496
-0.06869
-0.02419
-0.05390
0.04557
0.03184
0.03648
-0.01887
0.05835
-0.00116
-0.04622
-0.02115
-0.04841
0.01448
-0.07535
-0.00279
0.02323
0.02215
-0.01928
0.01984
0.00386
0.07428
0.04768
0.01523
0.00773
-0.03607
0.03066
-0.00251
-0.00162
0.00108
0.09568
-0.01878
0.02950
-0.01194
0.08103
-0.02278
0.05214
0.00436
0.05020
0.03525
-0.01283
-0.01061
0.00924
-0.02523
0.06973
-0.03420
0.05978
-0.05611
0.03365
0.04906
0.07246
-0.00400
0.06013
0.00420
-0.00561
0.08742
-0.04773
0.00315
0.01242
-0.00363
0.05057
-0.04938
-0.04799
-0.01750
-0.02042
0.02569
0.02844
-0.04711
0.03443
0.01548
0.06392
0.09008
-0.01034
0.00956
-0.02092
-0.01436
0.01313
0.02278
-0.12148
0.05081
-0.02880
-0.00531
0.02276
-0.00908
-0.01235
0.02427
-0.03115
0.01086
-0.02058
0.01022
-0.07087
0.00245
-0.03832
0.09086
-0.02984
0.06403
0.00186
0.00784
-0.04568
-0.00432
-0.00815
-0.05701
0.02314
-0.03511
-0.05800
-0.09096
-0.00221
-0.02923
-0.00865
-0.00445
0.00157
0.01148
0.00841
-0.09017
0.02867
0.01063
0.05853
0.09444
-0.03970
0.00728
0.00435
0.04759
0.05724
0.06630
-0.01608
0.04667
-0.00964
-0.07389
0.06150
0.00147
0.04178
0.02306
-0.03723
-0.00162
0.03321
0.05378
-0.02734
0.10710
-0.03554
-0.01725
-0.02030
-0.06310
-0.02376
0.01208
0.01597
0.04786
-0.01515
-0.01872
0.08541
0.01793
-0.03228
-0.01066
-0.02104
0.04712
-0.02760
0.04698
0.02114
0.02548
0.02713
-0.01028
-0.01842
-0.00540
0.06003
-0.00258
-0.03675
-0.03197
-0.00713
0.05757
0.01372
-0.00861
-0.00790
0.03506
-0.05539
-0.01772
0.00813
0.02268
-0.03792
0.00360
0.00613
-0.03220
0.00865
-0.00546
0.03352
0.01204
0.09418
-0.00950
-0.02472
-0.01585
0.06436
-0.01274
0.01513
-0.02712
0.04560
0.09427
0.10077
-0.05707
0.00312
0.01852
0.02103
0.04228
0.00433
-0.04417
0.03159
-0.00946
0.01593
-0.11449
-0.02266
0.02961
0.06031
0.01239
-0.00010
-0.03650
-0.03657
-0.02744
-0.02145
-0.03261
-0.02387
-0.01056
0.03758
0.11123
0.00168
0.02120
0.04604
-0.01194
-0.02616
-0.04428
0.04494
0.01134
0.02079
-0.03245
0.00168
0.05407
-0.03120
-0.05660
0.05735
-0.00754
0.02423
-0.00667
0.08179
0.00872
0.00672
0.04082
-0.00143
-0.01915
-0.00368
-0.00120
0.10072
0.07390
-0.02307
-0.02844
-0.00713
0.03898
0.00412
-0.05091
0.05945
-0.00974
-0.01153
-0.05836
-0.00822
0.03885
0.07550
0.07102
0.00149
-0.06138
-0.00944
0.01283
-0.00576
0.06214
-0.03961
-0.00339
0.04677
0.01798
-0.00651
-0.02662
0.00821
0.06416
0.03458
0.01293
0.04475
0.07000
-0.00931
-0.08897
-0.03301
0.01993
-0.03985
-0.03634
0.03578
0.06214
0.04152
0.00696
0.02963
-0.00553
0.05078
0.02497
-0.01252
-0.00462
-0.00018
-0.02163
0.03698
0.05976
-0.01187
-0.03822
0.00769
-0.03776
0.00738
-0.01221
0.00533
-0.01319
-0.04669
-0.03371
0.01354
0.01232
-0.00542
0.11156
0.04470
0.05298
0.04945
-0.00200
0.01824
0.01326
-0.04203
0.02455
0.04749
0.05658
-0.01306
-0.03709
-0.03026
0.08459
-0.03213
-0.07600
-0.08075
0.09305
0.04868
-0.02825
-0.02182
-0.07593
-0.04899
-0.04149
0.01851
-0.07156
0.06369
0.00546
0.05753
-0.04560
-0.01613
-0.04551
-0.06798
-0.00846
-0.07830
0.04773
-0.07333
0.01248
0.01320
-0.00393
0.01507
0.00427
