0.01852
-0.05618
-0.01299
0.04170
-0.00303
-0.06311
0.00517
0.03885
0.00755
0.02351
-0.02294
0.02869
-0.06311
-0.02630
0.01989
-0.02607
-0.02462
0.00048
-0.01496
0.00580
0.00086
0.00109
-0.00783
-0.03309
-0.09049
-0.00226
-0.02472
-0.01917
0.01167
0.06293
0.02705
-0.02900
0.00909
-0.05535
-0.02615
-0.02702
-0.00687
-0.00693
0.01065
0.07586
-0.04825
0.07103
0.01834
0.01024
0.04587
0.04933
-0.00061
-0.00374
-0.02695
-0.00148
0.01784
0.02750
0.01380
0.03108
-0.05469
-0.03497
0.05458
0.01254
-0.02283
0.00495
-0.09269
-0.00746
-0.02831
-0.02639
-0.02996
0.04680
-0.04985
-0.02503
-0.01334
-0.05835
-0.00436
0.03053
0.01106
-0.05130
-0.01268
-0.01019
0.00994
-0.04603
-0.04717
0.05097
-0.00540
-0.02212
0.05240
-0.01874
-0.00171
0.01174
-0.07508
0.01743
-0.00198
0.00641
0.04613
-0.02638
0.04679
-0.07856
-0.01847
0.02511
0.00447
0.04350
0.00880
0.02012
0.02116
-0.00437
0.03752
0.03274
0.08271
-0.01725
-0.02466
-0.04489
0.02336
-0.04771
0.05208
0.09869
-0.04276
-0.04431
0.05176
0.00572
-0.00822
-0.06698
0.01241
0.00646
-0.03694
0.03106
0.00028
-0.04758
0.05487
-0.07231
-0.04805
-0.04035
0.03167
-0.00935
-0.00456
0.00268
0.07081
0.04940
-0.00077
0.02283
-0.04400
-0.01056
0.07688
0.01414
-0.00682
0.08492
-0.04068
0.10681
0.05461
0.02128
-0.00506
0.02843
-0.02268
0.09900
0.01105
0.01702
-0.01849
0.01094
0.01011
0.03192
-0.02894
0.02948
-0.02346
-0.07002
0.06690
-0.04624
-0.07286
0.02011
0.03033
0.10929
-0.03117
-0.00645
-0.01048
-0.00860
-0.01146
-0.07899
0.01550
0.02396
0.00587
-0.00284
0.00246
-0.09731
0.01873
-0.07606
-0.03044
-0.06879
0.02699
-0.06844
-0.02824
0.00308
0.01240
-0.04013
0.03626
-0.01792
0.01100
0.02372
0.04289
0.01557
0.03831
-0.01566
0.04148
0.00891
0.01379
-0.03276
-0.05938
0.01150
0.00904
-0.06854
0.03076
0.05679
0.08795
0.00266
0.03659
0.01518
-0.02279
0.05517
0.03927
-0.03227
0.02926
-0.03924
-0.01362
-0.01205
0.00693
0.02857
-0.03654
-0.04646
0.02355
-0.04303
-0.00071
-0.07451
0.00147
-0.01983
-0.00205
0.03699
0.04175
0.05950
-0.04134
0.01711
-0.01420
-0.04980
0.04449
0.06175
-0.05768
-0.04221
0.04161
-0.00965
0.05670
0.07468
-0.05307
0.00570
-0.00564
0.02298
-0.07925
-0.00865
0.05437
0.02323
0.05660
0.00274
-0.01797
-0.01763
-0.06333
-0.00616
0.08178
-0.02098
0.02724
-0.01487
0.01938
0.03826
0.01184
0.05663
-0.01147
0.00133
-0.09815
-0.06240
-0.01714
0.01855
0.00067
0.00545
-0.02114
-0.05737
0.02522
0.06204
-0.00121
0.01364
-0.02404
0.03759
0.02936
-0.02432
-0.07100
-0.01455
0.06563
0.00209
0.02011
0.00099
-0.01385
-0.00053
-0.02957
0.06262
-0.01022
0.00630
-0.02082
-0.06812
-0.02288
0.04093
0.00046
0.03273
-0.00906
-0.02135
-0.00673
-0.00319
0.01500
0.03483
0.02767
0.02515
0.01005
-0.00061
-0.02314
0.00864
0.00296
-0.00048
-0.00679
-0.04030
0.00684
0.00386
-0.02225
0.04843
0.02628
0.04829
-0.03065
-0.02075
0.02032
-0.01847
-0.05503
0.03829
0.01181
0.01773
-0.02200
0.00829
-0.05394
-0.01588
-0.04057
0.05092
0.03429
-0.04628
0.00818
-0.02965
0.00652
0.05609
-0.01963
-0.05262
0.00992
-0.05232
0.05991
-0.02425
-0.00259
0.02073
0.01663
-0.05842
-0.01084
0.01915
-0.01687
0.05790
-0.04444
-0.01147
-0.01572
0.04007
-0.01967
0.06817
0.09796
0.01725
0.00239
0.03699
0.00988
0.04395
0.00060
-0.03499
0.00334
0.01848
-0.05560
0.01883
0.02754
-0.03979
0.04802
-0.01396
-0.02283
-0.05860
-0.02677
0.00619
-0.02618
0.08599
0.04956
-0.08491
-0.08391
-0.00956
0.08642
0.01895
0.00883
0.01152
0.08294
0.03993
0.02120
0.02294
0.00195
-0.05598
0.04850
-0.04611
0.00103
0.09076
-0.01248
-0.01589
-0.05860
-0.02659
-0.06133
0.00121
0.01114
-0.04507
-0.04819
-0.05426
-0.03032
0.05313
-0.00758
-0.03535
0.01096
0.02634
-0.01941
0.04378
0.05439
-0.06688
-0.06615
0.03675
-0.00029
0.04826
0.02675
0.02703
-0.00765
0.07322
0.04412
0.03770
-0.03643
-0.01963
-0.00809
0.05672
-0.00958
0.05318
-0.03251
-0.01376
0.00339
0.01425
0.03281
0.02075
0.01540
-0.08016
-0.03221
-0.07555
-0.05143
0.02825
-0.02667
0.02179
0.01849
0.04507
0.01505
-0.02967
0.01101
-0.00103
0.03930
-0.00890
0.03913
-0.06763
-0.07422
-0.02768
0.00874
0.05117
-0.03669
0.02480
-0.00167
0.04037
0.04868
-0.03025
0.03076
0.02829
-0.03361
-0.06914
0.05419
0.06934
-0.02647
0.00488
0.04781
0.02941
0.08407
0.04477
-0.10472
0.00858
0.03651
-0.00603
0.00121
-0.03167
-0.00237
-0.01421
0.05596
0.04718
0.04771
-0.01471
0.04028
0.02535
-0.02281
-0.00685
-0.01739
0.03731
-0.03530
0.09079
0.01440
0.03499
0.02314
-0.02673
-0.01838
-0.05407
