-0.02511
0.00887
-0.01761
0.01128
-0.04578
-0.02427
-0.04765
0.03186
0.02840
0.06242
0.08840
-0.00421
-0.02188
-0.04494
-0.00765
-0.03833
0.04109
0.07361
-0.00849
0.00725
-0.01426
0.06497
0.04030
-0.05687
-0.10143
0.02100
-0.03955
-0.00407
-0.00397
0.04785
0.02055
0.06192
0.06085
-0.00933
-0.01059
-0.07042
-0.05859
-0.06330
0.04733
0.01329
-0.00816
-0.04441
-0.00537
0.02666
-0.01517
0.01213
-0.04631
0.04660
-0.06123
-0.00937
-0.04045
-0.00560
0.02219
-0.01104
0.03687
-0.01289
-0.03669
-0.00007
-0.00388
0.02808
-0.04618
0.05792
-0.02508
0.07052
-0.01125
-0.07157
-0.06974
-0.04033
-0.04960
0.00548
0.03238
0.02009
-0.02085
-0.00977
0.01142
-0.01215
-0.02751
-0.02149
0.03353
-0.06650
0.04726
0.00130
-0.06413
-0.01609
0.03304
-0.01459
0.01408
0.03127
0.01280
-0.10486
-0.02956
-0.07323
0.02119
0.01973
-0.00154
0.06730
-0.03053
0.04499
0.01965
0.05455
0.04975
0.04509
-0.01427
0.03476
0.05474
-0.02296
-0.01744
-0.01538
0.05139
-0.02935
0.07483
0.04653
-0.03937
-0.05845
0.01277
0.11206
-0.00529
0.03503
-0.01024
0.06426
0.03289
-0.03926
-0.04300
-0.00192
-0.00347
-0.01326
0.05299
-0.01585
-0.00488
-0.01465
-0.01172
-0.06900
0.01325
-0.00635
0.00692
0.05432
-0.04894
-0.03893
0.05349
0.02442
-0.03637
0.06303
-0.01986
0.00265
0.00757
-0.00570
0.00615
0.07297
-0.07266
0.03614
0.01124
0.04998
0.03203
-0.01792
0.08933
-0.00253
-0.07611
-0.04402
-0.01429
-0.11101
0.00517
0.04501
-0.01996
0.04221
0.04726
-0.02137
0.01419
0.09225
-0.10574
0.03082
-0.00561
-0.05060
0.01406
0.03584
-0.07434
0.05150
-0.06701
0.03969
-0.00031
0.00483
0.02346
-0.06460
0.09842
0.02146
0.07874
-0.00698
0.04024
0.00189
-0.00126
-0.02516
0.03645
0.03360
0.08076
-0.06256
0.10907
-0.04630
-0.01755
-0.03972
0.06614
-0.06738
0.06061
-0.02331
0.08627
-0.08712
-0.03099
-0.00864
0.04559
-0.02358
0.03078
0.00052
0.01964
0.06667
-0.01553
-0.00966
0.00993
-0.02414
0.10588
-0.00153
0.00880
-0.05429
0.05579
0.08491
0.07804
0.01044
0.06119
-0.08622
-0.01295
0.01819
0.00359
-0.00039
-0.00136
0.01634
-0.03053
0.03915
-0.07816
0.03397
-0.01606
0.02374
-0.00002
-0.00373
-0.03452
-0.00273
-0.00454
0.03500
0.03003
0.06034
-0.02873
-0.04089
0.04872
-0.00196
-0.03008
-0.00575
0.08983
0.03182
-0.03479
-0.02231
-0.03077
-0.02392
0.02595
0.00237
-0.03610
-0.06742
0.05724
0.00909
-0.04483
-0.05714
0.06967
-0.00579
-0.03688
-0.08807
0.07732
0.02944
0.03807
-0.00040
-0.00472
0.04658
0.00480
0.02261
0.00161
0.02981
0.01677
0.03816
-0.00231
-0.04830
0.02453
0.08838
0.09492
-0.01655
-0.05266
-0.03803
0.02389
0.01599
-0.00190
0.06714
-0.04503
0.00328
0.01745
-0.10677
0.03796
0.03996
0.02882
0.03385
-0.05558
0.01275
-0.01753
0.00791
0.00008
0.00575
-0.05357
-0.02140
-0.05010
-0.05556
0.02290
-0.02429
0.03761
-0.01714
0.03158
-0.07980
0.08406
-0.06639
-0.05567
0.04135
-0.04078
-0.00097
-0.02072
-0.02948
0.03841
0.05728
0.03046
0.02504
0.01764
0.05274
-0.04834
0.04571
0.03144
0.05676
-0.00059
0.01201
-0.07836
-0.04129
0.03732
-0.05883
0.03228
0.03353
0.04051
-0.02152
0.01207
-0.01767
0.05130
0.03858
0.03866
-0.04180
-0.09249
0.06225
0.01736
0.03786
0.00490
-0.05312
-0.00891
0.00337
-0.00443
-0.00289
-0.04761
0.02474
0.02523
0.04760
-0.00928
0.05603
-0.06062
0.00247
0.00562
-0.00426
-0.01304
0.01447
0.01248
0.02549
-0.02219
0.03086
0.04340
-0.02845
-0.00755
-0.00162
0.00123
0.05546
0.05497
-0.06068
0.03259
-0.01936
-0.06107
0.03024
0.05786
-0.01530
-0.00651
-0.05178
0.02012
-0.02421
-0.06262
-0.01334
0.02033
-0.05175
0.01301
-0.04084
0.06578
0.10109
0.03983
-0.00971
-0.02085
0.06138
0.03906
-0.04986
0.07812
0.00312
0.01833
-0.04690
-0.07660
0.03754
0.04361
0.06486
0.00814
0.01999
0.05852
-0.08592
0.02199
-0.02705
-0.04991
-0.01336
0.03061
-0.04889
-0.00555
-0.01329
-0.01330
0.02215
0.04321
0.00637
0.02413
-0.00792
-0.05416
-0.10068
-0.06445
0.07742
-0.02555
0.03926
-0.02248
0.02754
0.02331
-0.06360
-0.04927
0.01358
-0.03170
-0.03610
-0.02726
-0.01615
0.04148
0.04122
-0.02618
-0.00320
-0.09287
-0.01870
-0.01958
0.08692
0.01447
0.05107
0.05536
-0.00157
0.03674
0.04641
0.06352
-0.03126
-0.04171
0.01880
-0.00609
-0.05654
0.02119
-0.01731
-0.03314
0.04512
-0.03757
-0.02279
0.04983
0.03169
0.04876
-0.06382
-0.03862
0.05403
-0.00561
-0.04140
-0.05348
0.06407
0.02581
-0.06846
0.01210
-0.02048
-0.00105
-0.00521
-0.00574
-0.02736
0.04404
-0.01879
0.00540
-0.09553
-0.03746
0.04159
0.01240
-0.00919
-0.00445
0.00091
-0.07184
-0.00528
-0.00061
-0.08030
-0.02079
0.02431
