-0.02230
0.07164
0.01753
-0.00911
-0.00149
-0.08790
-0.03026
-0.01165
0.02455
-0.06636
-0.02955
-0.06526
-0.05565
0.00513
0.00406
0.00957
-0.02298
0.00990
-0.00666
0.06331
0.05790
0.02837
-0.05272
-0.00195
0.02886
-0.02909
0.08064
0.00281
0.07312
-0.01675
0.00401
0.00420
0.02580
0.02274
0.03841
-0.02380
0.00255
-0.04184
0.10817
0.01170
-0.03098
-0.07106
-0.00511
-0.01984
0.00438
0.02630
-0.06471
-0.02617
0.08148
0.10882
0.06129
0.01480
-0.08585
-0.02654
0.07239
-0.00718
0.00759
-0.03848
0.05969
-0.02525
0.00712
-0.02484
0.03417
-0.00290
-0.01031
0.01924
-0.05145
0.04155
-0.00523
-0.08044
-0.05006
-0.00691
-0.01506
0.04106
0.04661
0.00541
0.04143
-0.06377
-0.06963
-0.00661
-0.01975
-0.03189
0.04973
-0.05940
-0.01154
-0.04876
0.03864
-0.04781
0.01849
0.06501
-0.03345
-0.03938
0.06955
0.00377
-0.12593
0.00996
-0.04255
0.01245
-0.00556
-0.03316
0.00793
0.01944
0.05326
-0.04930
-0.05249
-0.04668
0.01193
-0.02756
-0.01880
-0.01225
-0.00232
-0.04616
0.03371
0.07948
0.04001
0.00260
-0.01230
0.00774
-0.00009
-0.02844
0.01928
0.06734
0.00297
0.08317
0.01129
-0.02503
0.01964
-0.04605
-0.00785
0.05791
0.00978
-0.00101
-0.07284
-0.03464
0.02393
-0.03894
-0.00516
-0.00980
-0.04182
-0.01521
0.07396
0.02975
-0.05934
-0.03674
0.08143
0.05284
0.03874
-0.00467
-0.00403
-0.02287
-0.00358
0.05848
0.02230
-0.03347
-0.03159
-0.04599
0.01528
-0.02195
-0.00379
0.03203
0.00299
-0.05714
-0.00505
-0.00489
0.00101
-0.00432
0.05390
0.03147
-0.04612
-0.04121
0.01450
0.05835
0.05285
-0.03198
-0.00452
-0.08498
-0.06444
-0.05464
-0.01697
0.07615
0.11021
-0.02517
-0.02316
-0.03963
-0.01133
0.00993
-0.07234
-0.05765
-0.05927
0.05914
-0.03093
0.07041
-0.00609
0.02722
-0.02538
-0.04811
-0.03924
-0.02867
0.00559
-0.05342
-0.06825
-0.01846
-0.00396
0.05840
0.04661
-0.08493
-0.00331
-0.01173
-0.06117
0.08261
0.10064
-0.00600
0.00865
0.00123
-0.05321
0.02593
-0.03127
-0.05447
0.01881
-0.03640
0.03469
0.03892
0.00361
0.02040
0.00790
0.06993
0.01459
0.00416
0.05505
0.03925
-0.00334
-0.11491
0.00531
0.05041
0.00417
0.04173
-0.06279
0.00857
0.01611
0.05081
0.00520
-0.00004
0.02587
-0.03630
-0.01409
0.03198
-0.08100
-0.00357
0.05430
-0.08842
-0.06254
-0.00291
-0.07552
-0.04293
0.05587
-0.06280
0.03455
0.00611
0.01770
-0.01977
-0.03091
0.01495
-0.01181
-0.00404
0.03740
-0.01069
-0.00628
-0.03084
-0.02317
-0.00469
0.00932
0.04236
0.00871
-0.00168
0.08212
0.07670
0.01397
0.01529
0.03337
0.04512
-0.03692
-0.07342
-0.00339
0.00013
0.04199
-0.03973
-0.01097
0.00147
-0.01764
0.06590
-0.06208
0.03292
-0.03469
-0.10235
-0.04010
0.04807
-0.08456
-0.03752
0.03224
0.02044
-0.03535
-0.01196
-0.00429
0.00416
-0.02730
-0.05693
0.11799
0.02599
-0.05395
-0.04325
-0.01356
-0.00997
0.01316
-0.07206
-0.04134
-0.00217
-0.01243
-0.07513
0.02469
0.04817
0.01338
-0.01723
0.00853
0.00395
0.03740
-0.05541
0.04672
-0.04017
-0.05331
0.00244
-0.05116
-0.08122
0.01611
0.03671
-0.04829
0.01079
-0.03862
-0.06078
0.04298
-0.03878
-0.00737
0.01795
-0.02463
0.03329
0.04349
0.07522
0.00001
0.03668
-0.02068
0.05765
-0.02146
-0.08419
0.03813
0.04514
0.00338
0.01551
-0.04132
0.01749
-0.08422
0.00130
0.01959
-0.03190
0.03311
0.02591
0.06501
-0.07666
-0.01666
-0.00688
-0.08050
-0.00468
0.01951
-0.01012
-0.04139
-0.06457
-0.05008
-0.00897
-0.06346
-0.02471
-0.09406
0.04223
-0.05244
0.06481
0.02474
0.00473
0.00406
-0.03163
-0.05239
0.04165
-0.05084
0.03699
-0.02771
-0.01001
-0.05026
-0.03590
0.00435
-0.02684
0.06916
0.01920
-0.05681
-0.01848
0.06759
-0.06194
-0.04594
-0.01237
-0.05514
-0.01009
-0.06538
-0.02223
-0.02557
0.03483
-0.10357
-0.01233
-0.01723
0.06689
-0.00947
-0.03813
0.00469
0.07480
-0.01387
0.02061
-0.05250
0.02291
0.01014
-0.06520
0.00945
-0.02551
-0.02358
0.00205
0.00027
-0.01844
-0.02200
-0.05860
-0.01574
-0.02321
-0.04240
-0.02160
0.04482
-0.04712
0.03704
0.02868
0.05634
0.04439
-0.05716
-0.04368
-0.03818
0.06253
0.06757
-0.05348
0.02614
0.02604
0.06644
0.02371
-0.01519
0.06439
-0.04834
-0.02257
0.01350
-0.05512
0.01488
0.11656
-0.03777
-0.05530
-0.01108
-0.02033
-0.03516
0.05330
-0.00381
-0.02702
0.09671
0.01501
-0.02050
0.11833
0.04617
-0.02042
0.04820
0.00936
-0.05615
-0.01245
-0.01061
-0.03470
-0.01089
0.02563
0.03066
0.07870
0.02393
-0.01702
0.05452
0.02814
-0.00076
0.01481
0.00047
-0.01025
0.04298
-0.01339
0.00965
0.06800
0.01249
-0.00263
0.00566
-0.03855
0.04760
0.00568
-0.01472
-0.01455
0.04933
0.05239
0.02169
-0.02041
-0.04355
0.00471
0.08818
-0.02889
