-0.00433
0.08722
0.03172
-0.03101
-0.02584
-0.11157
0.00543
-0.03523
0.03457
-0.00944
-0.05236
-0.06948
-0.08736
-0.00125
0.04414
0.01902
0.00133
-0.01507
-0.01539
0.10629
0.02196
0.01517
-0.03336
0.01321
0.03155
-0.05131
0.02973
-0.02405
0.00651
-0.01319
-0.04495
0.04037
-0.03401
0.05844
0.05507
-0.03762
0.03136
-0.04432
0.07089
0.01661
0.03050
-0.06219
-0.02962
0.01315
-0.03467
0.01601
-0.02306
-0.01745
0.06318
0.10474
0.08147
-0.01755
-0.10451
-0.02443
0.06090
-0.04149
-0.05614
-0.01571
0.06277
0.00011
-0.03566
-0.01956
0.03707
-0.01691
0.00149
0.00543
-0.02592
0.04613
0.02454
-0.06995
-0.00846
-0.00537
-0.02734
0.03863
0.01368
-0.00309
0.04022
-0.05837
0.00742
0.00426
0.01150
-0.03041
-0.00252
-0.06275
-0.04802
-0.01605
0.02405
-0.05849
0.01594
0.05943
-0.02756
0.01138
0.04074
-0.02712
-0.11217
-0.02714
-0.03542
0.02885
-0.02295
-0.04988
-0.00123
0.04531
-0.00088
-0.05110
-0.03067
-0.01091
0.05306
-0.00785
-0.04605
-0.00985
-0.02211
-0.11190
0.06613
0.09608
-0.00201
0.00608
0.02618
0.00175
-0.05112
-0.04390
0.01002
0.09185
0.03726
0.07014
0.04021
-0.01462
0.01682
-0.02544
-0.03045
0.06621
-0.02768
-0.04021
-0.04971
-0.05500
0.04510
-0.05654
-0.04002
-0.01742
-0.01823
0.01380
0.08421
0.00735
-0.01615
-0.00032
0.03651
0.08593
0.01574
0.01430
0.01888
-0.01433
-0.00381
0.03417
0.01872
-0.03255
-0.06618
-0.05723
0.02486
-0.02534
-0.06184
0.04969
0.00895
-0.04742
-0.00894
0.01668
-0.01279
0.00073
0.00269
0.02164
-0.01373
-0.06416
0.00216
0.03494
0.02584
0.01885
-0.03125
-0.06115
-0.02700
-0.02227
0.00866
0.05217
0.06139
0.00410
0.04303
-0.01737
-0.03563
-0.00319
-0.02824
-0.03452
-0.03707
0.05680
0.03850
0.06292
0.00790
0.07015
-0.00719
-0.02191
-0.03000
-0.03976
0.01028
-0.04831
-0.04996
-0.03834
0.02341
0.08739
0.08777
-0.07658
0.04759
0.06455
-0.05660
0.07528
0.04664
0.00155
-0.01551
-0.00555
-0.05481
0.00384
0.03409
-0.07404
-0.02518
0.04640
0.03199
0.06545
0.01400
0.00068
0.01833
0.12525
0.03611
0.03284
0.02697
0.09324
-0.00992
-0.11078
-0.01930
0.04131
-0.01692
0.06150
-0.07548
0.01305
-0.00374
0.03639
0.01339
-0.00621
0.01122
0.00863
0.01239
0.02608
-0.04710
0.01200
0.10524
-0.10118
-0.03581
0.03893
-0.06580
-0.06978
-0.00967
-0.05941
0.02471
-0.00739
-0.07270
-0.01587
0.00703
0.02197
-0.01473
-0.01295
0.02692
0.03066
-0.03463
-0.01457
0.00281
-0.00348
-0.01519
-0.00635
-0.01071
0.02935
-0.01320
0.05244
-0.04473
-0.02330
0.07270
0.05167
-0.05358
-0.02711
-0.00479
0.01988
0.03827
-0.04941
-0.02746
0.00705
-0.01443
0.08518
-0.09957
0.07918
0.02934
-0.08860
-0.00731
0.02129
-0.08174
-0.04030
-0.00781
0.00233
-0.05919
-0.02892
-0.04845
0.02230
-0.00021
-0.03939
0.10011
-0.01297
-0.02198
-0.01536
0.01770
0.02505
-0.01044
-0.08910
-0.02192
-0.05721
-0.03190
-0.02570
0.02090
-0.00693
0.00882
0.01521
0.03254
0.04953
0.03418
-0.03751
0.00942
-0.01933
-0.07995
0.03378
-0.07158
-0.04269
-0.00890
0.00339
-0.02425
0.00376
-0.01426
-0.03666
0.06523
-0.03123
-0.02783
0.02604
-0.06441
-0.00499
0.02281
0.07025
-0.00142
0.04355
-0.04774
0.05903
-0.00388
-0.04427
0.01948
0.02126
-0.02198
0.03904
-0.03664
0.03240
-0.04497
-0.00649
0.04477
0.00482
0.01838
0.01438
0.04470
-0.07136
-0.04045
-0.00659
-0.06304
0.01366
-0.02333
0.00608
-0.01418
-0.03646
-0.04043
0.02238
-0.07260
-0.01955
-0.05501
0.05630
-0.01311
0.06513
0.02779
0.00377
0.04247
0.00642
-0.03355
0.09242
-0.04075
0.03514
-0.03473
-0.01249
-0.05455
0.00029
-0.00587
-0.09183
0.00012
-0.03676
-0.07729
-0.00637
0.06056
-0.06959
-0.02612
0.00310
-0.06544
-0.07893
0.00175
-0.04903
-0.00511
0.03663
-0.11178
-0.05100
-0.03064
0.06918
-0.03609
0.00681
-0.03239
0.02653
-0.00616
-0.01087
-0.04188
0.00898
0.00476
0.00109
0.04528
-0.04970
-0.00738
-0.01145
-0.03312
-0.02519
-0.01492
-0.08592
0.04963
-0.06597
-0.00511
-0.00051
0.02206
-0.04811
0.00670
0.02409
-0.02013
0.00238
0.01380
0.02513
-0.01966
0.05822
0.12318
-0.06841
0.04474
0.01805
0.03009
0.01129
-0.01536
0.02886
-0.05080
0.00131
0.01178
-0.03250
-0.00387
0.05278
0.00755
-0.05107
-0.00070
-0.03323
-0.10226
0.03646
-0.00096
-0.01330
0.11568
0.01729
0.03136
0.12874
0.02626
0.00489
0.07268
0.03356
-0.05569
0.04004
-0.03462
0.01248
-0.03450
0.04027
0.04371
0.08922
0.06678
-0.02659
0.04471
-0.00464
0.04588
0.00996
-0.03150
-0.04498
-0.01140
-0.02719
-0.03841
0.04340
0.04086
0.03080
0.00927
-0.01553
0.04994
-0.01232
-0.01523
0.04639
0.03412
0.01824
-0.05531
-0.00061
-0.03586
0.02610
0.04714
-0.02948
