-0.01880
-0.01254
-0.07283
-0.04983
0.02749
-0.00524
0.05812
0.03137
-0.01855
-0.00297
-0.02612
-0.00004
0.03623
-0.02738
0.04656
0.03570
0.01219
-0.02361
-0.02091
0.01583
-0.01774
-0.04103
0.01533
-0.03467
0.04330
-0.00801
-0.01905
-0.08242
0.03347
0.01204
-0.02281
0.00413
-0.05995
0.04437
-0.06465
-0.03536
0.04763
-0.06081
-0.02762
0.00119
-0.02834
0.03239
-0.02082
0.02845
0.04665
0.05828
0.07002
0.03157
-0.04733
-0.00874
0.00342
-0.01155
-0.00611
-0.03233
-0.03108
-0.00234
-0.06224
0.01631
-0.03330
0.01581
-0.04073
0.02100
-0.08032
-0.00091
-0.07763
-0.02559
-0.08072
0.02401
-0.03084
-0.04605
-0.06948
-0.01350
-0.00424
0.01426
0.04218
-0.01330
0.01422
-0.01981
-0.01804
-0.04850
0.00609
-0.00476
0.00023
-0.07608
-0.03909
0.01262
-0.08122
0.01771
-0.00931
0.02530
0.02406
-0.02561
0.04259
-0.02671
0.00910
0.00529
-0.00892
0.03372
0.00260
-0.03037
-0.00098
0.02266
0.03827
-0.00673
0.00570
-0.05891
-0.05724
-0.06209
-0.04329
-0.07220
0.03157
0.02335
0.01593
-0.02831
0.08136
0.07062
0.01304
-0.04027
0.00931
0.00815
0.05497
0.04943
0.11667
-0.04832
0.07433
-0.05593
0.02283
-0.03461
0.02776
-0.06100
0.04119
0.05851
-0.02214
0.00891
-0.00877
-0.06359
0.03044
-0.04999
0.01477
-0.01371
-0.04276
0.00388
-0.08121
0.02868
0.08681
-0.04461
0.04771
0.00705
0.01101
-0.00861
-0.01691
-0.03060
0.00643
0.01981
0.03642
-0.01170
-0.01565
0.01126
0.05179
-0.02113
0.07007
-0.00240
-0.04314
-0.06311
0.07169
0.08015
-0.03248
0.02341
-0.04470
-0.01104
0.00450
0.02099
0.05841
-0.00908
0.03157
-0.02001
-0.00619
-0.03781
-0.01836
0.04093
0.05067
-0.00496
0.00393
-0.00723
0.02860
0.00388
0.03049
-0.04195
0.04158
0.01286
-0.01490
-0.02287
0.05650
-0.02383
0.03645
-0.04757
0.04943
0.00197
-0.01935
-0.04204
0.02344
-0.12179
0.06678
-0.04230
-0.01396
0.03633
0.04648
-0.00622
0.03477
0.03744
-0.00593
0.03784
0.01063
-0.06034
0.06496
0.00369
0.00737
-0.03853
0.01794
-0.06106
-0.06271
-0.03262
-0.00515
-0.08557
0.02926
0.01205
0.02732
0.06466
0.01736
0.02317
-0.06835
0.01042
-0.03880
0.05821
0.01185
0.03073
0.00328
-0.10392
0.03220
0.00314
0.02049
0.00762
-0.01625
0.01241
0.01110
0.02100
-0.04525
-0.02478
-0.06318
0.01580
0.05178
0.09718
0.03512
-0.06849
0.00043
-0.04908
-0.02002
-0.01323
0.02771
-0.01975
-0.05744
-0.05247
-0.02827
0.04465
-0.01341
0.03447
0.02712
-0.03917
-0.03761
-0.05682
-0.04638
0.04526
-0.01532
-0.01575
-0.02876
-0.04405
0.02184
0.09287
0.02555
0.01123
-0.04533
0.02018
0.07023
-0.00566
0.01573
-0.02472
0.06539
-0.04537
-0.04091
-0.03497
0.00094
0.03634
-0.05930
0.07032
-0.00264
0.06154
-0.02488
-0.02081
-0.01154
0.03646
0.03778
0.01407
-0.01789
0.03293
0.04071
0.01668
-0.02264
-0.02745
-0.00564
0.01122
-0.05016
-0.00236
-0.00788
-0.00871
0.00742
-0.04756
-0.04968
-0.00323
0.00470
0.01110
-0.01351
0.03178
-0.07103
0.02547
-0.05836
0.00942
0.01734
0.00525
-0.09544
0.00306
-0.04490
0.00303
0.01346
0.00961
-0.07446
-0.06998
0.05896
-0.00227
0.09278
0.02771
0.01555
-0.01810
-0.00478
0.05733
0.01650
-0.00117
0.06984
-0.02510
0.01160
0.00539
0.06436
0.02782
0.04980
-0.05113
0.03786
0.04613
0.01709
-0.05540
-0.06192
-0.03432
0.04567
-0.13784
-0.01668
0.00917
0.02888
0.03783
0.01242
-0.05648
0.00667
0.01995
-0.01445
-0.01377
0.01395
-0.04613
0.01265
0.04770
0.00741
-0.06251
0.03064
0.03062
-0.06444
-0.09345
0.02384
0.01700
-0.00025
0.01831
-0.00506
0.01662
-0.02220
-0.02442
-0.00712
0.05107
0.01917
0.04959
0.01865
0.04619
0.07312
0.04254
0.01755
-0.03499
-0.02477
-0.00916
0.06153
0.02524
-0.07918
-0.02780
-0.02104
0.04269
-0.00853
0.00281
0.05717
-0.03819
-0.05689
-0.04245
-0.07536
0.03856
0.01459
0.01204
0.08792
-0.05767
-0.07470
0.01574
-0.00346
-0.01360
-0.04799
0.03041
-0.01650
-0.00564
-0.00537
0.00568
0.02463
0.04011
0.01086
0.04998
0.01263
0.00502
0.03941
0.01321
-0.00905
0.01704
-0.03373
0.00444
0.03025
0.01863
0.05824
0.00907
0.01908
-0.05660
0.10201
-0.04325
-0.02631
-0.01539
-0.00305
-0.06972
0.02153
0.01652
0.05600
0.01706
0.00867
-0.00699
0.03095
0.00130
0.01938
-0.05105
-0.00083
-0.00614
-0.04735
0.05291
0.03167
0.07158
-0.01456
0.03406
-0.04888
0.05239
0.00263
-0.01021
-0.00076
0.00298
0.00911
0.04906
-0.01341
-0.02897
0.00158
0.02448
0.06590
0.02052
-0.04297
-0.00939
0.09453
0.01805
-0.04344
-0.04882
-0.01504
0.01116
0.04923
0.01495
0.00335
-0.00322
0.10817
0.03387
-0.03573
-0.08910
-0.01683
-0.03967
-0.04684
0.08958
0.02672
0.01858
0.04273
-0.03578
0.01207
-0.02799
