-0.00265
-0.03486
-0.09381
-0.00670
-0.05876
-0.05607
0.03135
0.04823
-0.00625
0.04025
0.06094
0.03261
0.07210
0.00832
0.03590
-0.02380
0.01526
-0.00132
-0.01483
0.06482
-0.05352
0.02636
0.06079
-0.05762
-0.00369
-0.03408
-0.05184
-0.03441
0.06616
0.00269
0.00738
0.04890
-0.05111
0.03178
-0.05802
-0.05775
-0.01598
-0.02978
0.00980
-0.00173
-0.01360
-0.02353
0.02764
0.04328
0.01396
0.03906
0.05287
0.02495
-0.05178
-0.01642
-0.03909
-0.06922
0.02750
-0.00406
-0.00274
-0.00504
-0.11124
0.05432
-0.00654
0.01423
-0.05396
0.07259
-0.07122
0.06488
0.00379
-0.02341
-0.04519
-0.03663
-0.03274
-0.01222
-0.00969
0.01908
0.01426
0.03646
-0.03355
-0.05758
0.00765
-0.07292
-0.00329
-0.08315
0.07307
0.06682
-0.05129
-0.02291
-0.00667
0.02830
-0.05719
-0.02237
-0.02053
-0.04594
0.07751
0.01307
0.03629
-0.05718
0.00767
0.05223
-0.00709
0.04998
-0.01324
-0.02193
-0.02013
0.04683
0.05069
0.00841
-0.02854
-0.03728
-0.03018
-0.02957
-0.06822
0.00724
0.02551
0.02239
0.01740
-0.02301
0.01333
0.03019
0.00686
0.05057
-0.04836
0.03204
0.00907
0.04894
0.08931
-0.08255
-0.02441
-0.01378
0.05004
-0.03356
0.00451
-0.06294
0.00774
-0.01370
-0.01773
0.06647
-0.02889
-0.02885
-0.05149
-0.02492
0.07391
0.03819
-0.08100
0.04116
0.01371
0.02064
0.01305
0.02911
-0.01994
0.04954
0.02505
0.00015
0.07698
0.02728
-0.00767
0.05935
0.04107
-0.02599
-0.09638
-0.06726
-0.02369
-0.05467
0.04708
0.03279
0.03719
-0.01754
0.05818
-0.00013
-0.04625
-0.02031
-0.05016
0.01344
-0.07494
-0.00402
0.02482
0.02119
-0.01855
0.02130
0.00306
0.07322
0.04790
0.01411
0.00731
-0.03829
0.03080
-0.00458
-0.00128
0.00169
0.09404
-0.01911
0.02706
-0.01249
0.07997
-0.02028
0.05248
0.00201
0.05096
0.03377
-0.01331
-0.01306
0.00898
-0.02590
0.06744
-0.03431
0.06145
-0.05883
0.03512
0.04858
0.07174
-0.00546
0.05800
0.00395
-0.00441
0.08875
-0.04772
0.00292
0.01175
-0.00139
0.05131
-0.04954
-0.04981
-0.01976
-0.02026
0.02484
0.02866
-0.04741
0.03433
0.01544
0.06386
0.09206
-0.00867
0.00959
-0.02167
-0.01630
0.01377
0.02207
-0.12258
0.05154
-0.02852
-0.00385
0.02242
-0.00816
-0.01123
0.02345
-0.03218
0.01025
-0.01908
0.01057
-0.07311
0.00134
-0.03894
0.08801
-0.03029
0.06468
0.00196
0.01017
-0.04408
-0.00478
-0.00891
-0.05707
0.02349
-0.03446
-0.05794
-0.09309
-0.00030
-0.02928
-0.01100
-0.00717
0.00110
0.01108
0.00840
-0.09048
0.02899
0.01213
0.05858
0.09490
-0.04020
0.00858
0.00326
0.05031
0.05749
0.06658
-0.01635
0.04555
-0.00958
-0.07300
0.06117
0.00182
0.04476
0.02298
-0.03976
-0.00380
0.03090
0.05453
-0.02772
0.10683
-0.03511
-0.01664
-0.02201
-0.06430
-0.02182
0.01248
0.01855
0.04833
-0.01433
-0.01930
0.08626
0.01686
-0.02991
-0.01100
-0.02314
0.04596
-0.02625
0.04515
0.02003
0.02528
0.02699
-0.00886
-0.01772
-0.00458
0.06057
-0.00305
-0.03689
-0.03032
-0.00565
0.05938
0.01374
-0.00811
-0.00771
0.03501
-0.05510
-0.01801
0.00775
0.02141
-0.03686
0.00444
0.00477
-0.03176
0.00901
-0.00586
0.03414
0.01318
0.09473
-0.01048
-0.02537
-0.01518
0.06679
-0.01493
0.01392
-0.02471
0.04793
0.09405
0.10129
-0.05710
0.00184
0.01722
0.02001
0.04342
0.00457
-0.04381
0.03029
-0.00775
0.01653
-0.11400
-0.02372
0.03053
0.06180
0.01383
-0.00195
-0.03572
-0.03625
-0.02683
-0.02094
-0.03182
-0.02344
-0.01197
0.03862
0.11225
-0.00125
0.01791
0.04542
-0.01345
-0.02750
-0.04297
0.04420
0.01135
0.02035
-0.03134
0.00270
0.05456
-0.03163
-0.05753
0.05829
-0.00636
0.02209
-0.00793
0.08111
0.00715
0.00885
0.04050
0.00027
-0.02057
-0.00295
-0.00042
0.10081
0.07395
-0.02452
-0.02968
-0.00824
0.04006
0.00395
-0.05099
0.05871
-0.01041
-0.01405
-0.05881
-0.01041
0.03954
0.07375
0.07240
0.00222
-0.05943
-0.00815
0.01193
-0.00593
0.06229
-0.04093
-0.00521
0.04762
0.01869
-0.00581
-0.02504
0.00668
0.06432
0.03517
0.01463
0.04328
0.06650
-0.01100
-0.09091
-0.03150
0.01992
-0.04015
-0.03697
0.03466
0.06118
0.04012
0.00956
0.03050
-0.00516
0.05015
0.02410
-0.01263
-0.00532
0.00098
-0.02262
0.03750
0.06050
-0.01149
-0.03952
0.00658
-0.03597
0.00799
-0.01183
0.00444
-0.01217
-0.04708
-0.03332
0.01559
0.01110
-0.00616
0.11037
0.04365
0.05324
0.04898
-0.00192
0.01774
0.01670
-0.04169
0.02630
0.04646
0.05537
-0.01129
-0.03715
-0.03127
0.08274
-0.03204
-0.07558
-0.08118
0.09460
0.04861
-0.02776
-0.02020
-0.07616
-0.04913
-0.04200
0.02025
-0.07168
0.06397
0.00500
0.05600
-0.04591
-0.01671
-0.04585
-0.06629
-0.00784
-0.07741
0.04881
-0.07226
0.01389
0.01558
-0.00292
0.01574
0.00343
