0.00457
-0.02141
-0.01146
0.02161
0.02095
0.02833
-0.02382
-0.01804
0.00430
-0.02650
-0.03925
-0.00813
-0.03913
0.02034
0.00661
0.08291
0.03825
0.03796
-0.04628
0.04897
0.04140
-0.06298
-0.02405
-0.02578
0.01857
-0.06621
0.01725
0.04980
0.04321
-0.01439
0.10423
0.01790
-0.01912
0.06641
-0.00346
-0.04335
0.01439
-0.10695
-0.03094
0.06914
0.03338
-0.01657
-0.01632
0.02782
0.10964
0.00985
0.03239
-0.05679
0.02892
0.03637
0.05758
-0.00919
0.03854
-0.01648
-0.03599
-0.01744
-0.04115
-0.04240
0.06188
0.00790
0.03668
-0.00019
-0.01814
0.01710
-0.05366
0.09761
-0.00002
0.03491
-0.03259
-0.07041
-0.06185
-0.04362
-0.01640
0.06729
0.04296
0.03901
0.03191
0.03248
-0.03325
-0.00423
0.01647
-0.02060
-0.03949
0.00957
0.04480
-0.02444
0.01218
0.08709
-0.02540
0.07374
0.00222
-0.05547
0.07565
-0.02148
-0.02596
0.01997
-0.00877
0.04142
0.04115
0.02455
0.07861
0.06257
0.04499
-0.04707
0.02317
0.01469
-0.02725
-0.09213
-0.03539
-0.00236
0.02879
-0.00255
-0.01353
0.00250
0.03746
0.02186
-0.05153
-0.07112
0.02103
0.05082
0.05368
0.06094
-0.02477
0.05974
0.01467
-0.07214
0.03927
-0.04596
0.05028
-0.00642
0.01860
0.00781
-0.01500
-0.04530
0.04853
-0.04547
0.05011
-0.12264
0.00108
-0.00404
0.05848
0.00427
-0.07605
0.01663
0.09637
-0.07263
-0.02662
0.03455
0.02714
-0.04874
-0.05036
0.03741
0.02512
0.00307
0.01683
-0.06127
-0.00305
-0.00949
0.01328
-0.03667
0.02903
0.01825
0.01071
0.00604
0.07256
0.04268
-0.02368
0.02302
0.03546
-0.04573
-0.05759
0.06460
0.01925
-0.02024
0.02842
-0.02745
-0.03434
-0.00157
-0.04546
-0.01084
-0.00194
0.02890
-0.05436
-0.00917
0.02301
0.01205
-0.06716
-0.07163
-0.00987
0.04073
-0.04709
0.01080
0.05990
0.02892
0.00385
-0.03218
0.00029
0.00406
0.04791
-0.03496
0.01592
-0.05681
0.04331
-0.01980
0.00900
-0.08591
-0.01572
0.04449
0.00327
0.11458
-0.04511
0.03501
0.02174
0.00352
0.00345
0.08155
-0.07140
0.00919
-0.01254
-0.04040
0.03643
0.02106
0.00644
0.04127
-0.01212
-0.00090
0.05146
-0.05841
-0.01340
0.06304
-0.00153
-0.10104
0.03491
-0.01259
0.04149
0.02405
0.00500
-0.02226
0.02441
0.05253
0.03756
0.05936
0.05618
-0.01276
-0.02084
-0.02160
-0.01338
0.02865
-0.03571
-0.01394
-0.02275
0.04627
0.02038
-0.08236
0.02572
-0.02771
0.02359
0.00320
0.05247
0.05228
-0.05566
-0.00473
-0.03123
0.00749
0.06510
-0.01397
-0.02095
-0.00853
-0.01700
-0.07884
-0.05076
-0.00378
-0.00764
-0.02728
0.05371
-0.01557
-0.01759
0.01818
-0.05241
0.01758
-0.02369
-0.02445
0.05976
0.07526
0.07198
-0.05007
0.00669
-0.00808
-0.01503
0.01347
-0.00777
0.08570
-0.03212
-0.07448
0.01651
0.11356
-0.02064
0.02769
0.03581
0.01249
0.04753
0.01725
-0.01733
-0.00503
0.01031
0.03399
0.07347
-0.01406
-0.00009
-0.04412
-0.08353
-0.01261
-0.01235
-0.04654
-0.02893
-0.04659
-0.05401
-0.00535
0.06902
0.00850
-0.00790
-0.10969
-0.01161
-0.02755
-0.00985
-0.06053
0.01292
0.00072
-0.05085
0.07374
-0.08490
0.00868
-0.04531
-0.01181
-0.02363
0.05284
0.02187
-0.03882
0.03646
-0.01069
-0.04413
-0.04863
0.05164
0.05631
-0.00748
0.04873
0.05128
-0.00041
-0.03240
0.08577
0.05364
-0.04107
0.06936
0.03747
0.07662
-0.02291
-0.01103
0.01152
-0.06847
-0.01478
-0.03038
-0.07582
-0.02278
-0.04286
0.02795
0.02961
-0.03245
0.02498
-0.03108
-0.02115
0.02428
-0.00952
-0.02532
0.04996
-0.01164
0.00126
-0.02535
0.00539
-0.00214
0.03996
-0.07548
0.00570
-0.04330
-0.02753
-0.09155
0.01872
0.00250
-0.00096
-0.02680
-0.00727
-0.04813
0.05298
-0.03503
0.03148
-0.00100
0.02524
0.00111
0.05630
0.04020
-0.07336
0.06482
-0.03450
0.01718
-0.06735
-0.04966
-0.01022
-0.00580
-0.02554
0.00331
-0.06039
0.04314
-0.05182
0.03495
-0.02539
-0.03627
-0.01073
-0.00725
-0.03156
0.02277
-0.00368
0.00172
0.07216
0.00924
0.01747
-0.00553
0.02307
-0.02123
-0.00932
-0.01749
-0.04115
-0.07768
-0.01658
-0.00281
-0.04912
0.02561
-0.00076
0.06886
0.06172
-0.02766
-0.02381
-0.01674
-0.00394
-0.04434
0.01611
-0.01486
0.01296
0.06107
-0.08346
0.07885
-0.00706
0.04594
-0.04263
-0.00820
0.06874
-0.02286
0.01354
-0.00217
0.02534
0.01798
0.06312
-0.00748
-0.01900
0.02228
-0.02396
0.00562
0.02538
-0.04367
-0.06704
0.05790
0.07142
0.01169
0.06830
-0.06585
0.01281
0.00819
-0.00047
-0.00794
-0.07193
0.11829
0.02999
0.01789
-0.00536
-0.06716
0.06350
0.03524
-0.04122
0.01134
-0.02705
0.10370
-0.05236
-0.02413
-0.00552
0.02935
0.04918
0.01159
0.01325
0.01415
-0.05799
0.06035
0.06469
-0.04061
-0.01356
-0.04843
-0.01982
-0.08051
0.04425
0.09231
-0.02316
-0.01372
-0.04170
0.05236
0.02476
