-0.00289
0.02800
-0.00120
0.04215
-0.00573
0.05321
-0.03934
-0.00713
-0.02218
0.07318
0.03868
0.04342
-0.00597
0.00429
0.02137
-0.01780
0.05810
0.03212
-0.04294
0.03477
0.01111
0.03780
0.03952
-0.03773
0.00389
0.03285
0.01371
0.04426
0.05224
0.00038
0.02858
0.06039
-0.01711
0.03539
0.00518
-0.03564
-0.07286
-0.13260
-0.01591
0.02763
-0.01042
-0.02675
0.00608
-0.01627
-0.00161
0.02658
0.04814
-0.04571
0.05175
-0.00766
-0.01540
-0.08357
0.07177
0.01541
0.04854
-0.03090
-0.02476
-0.00773
0.00890
0.01608
0.01152
0.07013
-0.02554
0.07079
0.04631
-0.00082
-0.04689
-0.05684
-0.01170
0.00837
-0.00765
0.06701
-0.01363
0.03787
0.00349
0.05619
-0.03137
-0.01729
-0.00157
-0.02416
0.08015
-0.08123
-0.05018
-0.00392
0.07612
-0.02118
-0.07383
0.02401
0.03248
0.01141
0.05609
0.01476
0.03518
-0.01456
0.06309
0.07736
-0.02318
0.07779
0.03496
0.01873
0.07118
0.01804
0.04319
0.03011
0.01582
0.00097
-0.00018
-0.07164
-0.02438
0.06085
-0.01031
-0.01528
0.03277
-0.04360
-0.11365
-0.04921
-0.11068
0.00769
-0.00074
0.08836
0.03674
-0.03638
-0.02531
-0.05665
-0.03371
-0.05104
0.09870
-0.06865
0.00098
-0.06492
0.02545
-0.00302
-0.03157
0.00789
-0.03772
0.04288
0.02028
-0.03252
-0.01975
0.05022
-0.00208
0.04396
-0.03002
-0.02743
-0.00265
-0.04179
-0.03465
0.00439
-0.01372
0.00789
0.02765
0.07709
-0.00562
0.11100
0.03730
0.01779
-0.10066
-0.03173
-0.03446
-0.09115
0.04019
0.04678
-0.01812
0.05504
0.01950
-0.06110
0.04080
-0.02263
-0.01073
-0.01275
-0.09784
0.00407
-0.01189
0.00276
-0.00268
0.02234
-0.05362
0.05412
-0.02333
-0.03758
-0.06065
-0.02595
-0.02976
0.04810
-0.00431
-0.02389
0.09029
-0.01703
-0.01667
0.04103
0.00451
0.05629
0.06800
-0.01886
-0.01922
-0.00106
-0.06694
-0.05579
0.07232
-0.04277
0.04463
0.04134
0.00278
-0.01977
0.02146
-0.04502
0.00618
-0.05459
-0.00361
0.03688
-0.04869
0.02292
0.00371
-0.02223
-0.00219
0.00937
-0.00066
0.02241
-0.03943
0.02805
0.01750
0.02866
0.04772
0.05565
0.05019
-0.03746
0.00774
-0.02625
0.00926
0.03890
0.07406
-0.04016
-0.00118
-0.02207
-0.01578
-0.04831
-0.00891
0.05439
-0.02100
0.06691
-0.02626
0.02338
-0.01380
0.01857
-0.01822
0.02898
-0.05343
-0.02873
0.05250
0.05649
-0.03523
0.00090
0.05142
0.01060
-0.05604
0.03564
-0.02062
0.06857
0.09216
0.01953
-0.04763
-0.01061
0.07644
-0.04237
0.06841
-0.07067
-0.05817
0.07936
-0.00184
-0.08637
0.11285
-0.04487
0.06428
0.05197
0.05620
0.06591
-0.03710
0.04742
-0.09088
0.06964
0.04112
0.01996
-0.05988
0.01186
-0.04670
-0.03151
-0.03035
0.00730
-0.02834
0.04232
0.00860
-0.01149
-0.06179
-0.00509
-0.05280
-0.05472
0.01584
-0.07145
-0.06397
-0.02834
0.03313
0.01075
-0.01088
-0.01036
0.06661
-0.00540
0.02507
0.06954
-0.04489
-0.03923
-0.06304
-0.01127
-0.03546
0.04428
0.06248
0.01874
-0.04374
-0.00176
0.04390
-0.02573
-0.01289
-0.09767
0.00245
0.00897
0.00088
-0.01444
0.02152
0.04904
-0.01785
0.04375
0.02616
0.03688
-0.05902
-0.03294
0.00346
0.07708
0.00057
-0.02087
-0.04233
0.00403
0.01944
0.00441
0.02029
-0.01413
0.07791
0.04947
0.03914
0.01505
-0.00747
0.05878
0.03803
-0.02842
-0.00898
0.02608
0.02027
-0.00013
0.01478
-0.00037
0.05123
-0.01643
-0.06723
-0.10402
-0.03110
-0.03160
0.05357
0.06003
-0.00953
-0.00937
-0.05890
0.05956
-0.04817
-0.03436
-0.01274
0.04471
0.03880
0.06245
0.03138
0.07696
-0.01716
0.04042
-0.02328
-0.03401
-0.01091
-0.04378
-0.00572
-0.00340
-0.01132
0.05075
-0.02387
0.05462
-0.03491
0.01292
-0.03400
0.01494
0.06778
0.01389
-0.06357
0.01779
0.01143
-0.02987
-0.01922
-0.03116
0.06848
0.01810
0.00265
0.01420
-0.00586
0.04831
0.01777
-0.03974
0.06084
-0.02897
0.08865
-0.00155
-0.01128
-0.04864
0.08084
0.01121
-0.02286
-0.03218
0.03821
0.04401
0.02780
0.04740
0.06145
0.04947
0.01057
0.00618
0.03361
-0.04371
-0.02146
0.02297
0.00631
-0.03814
0.06388
0.03939
-0.02495
-0.04495
-0.04283
-0.05377
-0.05016
-0.01362
-0.04887
-0.00826
-0.02266
-0.01318
-0.00853
0.05445
-0.06431
-0.01569
0.07357
-0.05107
0.09210
0.02446
0.01785
0.00189
-0.00563
0.04444
0.05999
0.01673
-0.04003
0.06109
-0.01674
0.02831
0.05526
0.02191
0.01005
-0.10738
0.04231
-0.01414
-0.03284
-0.03706
0.03709
0.00071
-0.00246
0.01189
-0.00520
-0.05057
0.07791
0.02424
0.11705
0.05275
-0.04665
0.05314
-0.04000
-0.09348
-0.03934
0.07784
-0.02013
-0.03860
-0.01809
-0.03848
0.00741
0.02041
0.00485
-0.06516
-0.00371
-0.01229
0.03849
-0.02082
-0.01652
-0.01036
0.01963
-0.02939
-0.09277
-0.01985
-0.03813
0.01913
0.03182
-0.08439
0.00441
0.06157
