-0.02649
0.07744
0.00735
-0.01609
-0.01167
-0.10619
-0.03733
-0.00113
0.04302
-0.06727
-0.01126
-0.06278
-0.03889
-0.01457
-0.00902
0.01847
-0.02201
0.00702
-0.02771
0.06074
0.04010
0.01468
-0.06043
-0.02589
0.00864
-0.04020
0.06727
0.01069
0.07364
-0.01302
0.00748
0.02096
0.02754
-0.00144
0.03092
-0.01958
0.01084
-0.05213
0.08915
0.01224
-0.03526
-0.07580
0.00137
-0.02234
0.01847
0.01841
-0.06342
-0.01854
0.07766
0.09700
0.06208
-0.01168
-0.09644
-0.03411
0.07322
0.01109
-0.01327
-0.03949
0.06229
-0.00665
0.00429
-0.00766
0.02215
0.01631
-0.02375
0.03236
-0.04450
0.05162
-0.00848
-0.08952
-0.03128
-0.02141
-0.00418
0.03836
0.03619
-0.02003
0.04262
-0.04827
-0.06136
-0.00986
-0.01487
-0.01882
0.05701
-0.05402
-0.00383
-0.07419
0.03076
-0.03405
0.04106
0.06352
-0.03165
-0.02360
0.08440
-0.00581
-0.14220
0.02747
-0.05120
0.01297
-0.01071
-0.02157
0.00295
0.01604
0.04304
-0.03833
-0.06186
-0.02658
0.02593
-0.04421
-0.01517
0.00328
-0.00037
-0.03803
0.03970
0.11054
0.04203
0.01715
-0.00213
0.01436
0.00970
-0.01560
0.02379
0.04595
0.00016
0.07094
0.00879
-0.03313
0.01786
-0.05107
-0.01772
0.06318
-0.00040
-0.02059
-0.06879
-0.03871
0.02484
-0.02245
-0.01256
-0.02830
-0.02661
-0.02021
0.07289
0.01773
-0.08046
-0.03664
0.07613
0.04915
0.02834
0.00009
-0.00079
-0.00787
0.00022
0.05941
0.02347
-0.02542
-0.00773
-0.05049
0.00548
-0.04797
-0.01681
0.02693
0.02368
-0.06528
-0.00149
-0.02378
0.00931
-0.03969
0.07587
0.04348
-0.04568
-0.04021
-0.00765
0.06441
0.03529
-0.01795
-0.01315
-0.07796
-0.03441
-0.03613
-0.01363
0.04579
0.11007
-0.01810
-0.02923
-0.04988
-0.01126
0.01964
-0.08748
-0.05979
-0.05876
0.07486
-0.03956
0.07420
0.00437
0.02926
-0.00393
-0.02874
-0.02304
-0.01670
0.01942
-0.07938
-0.07492
-0.03215
0.01374
0.05328
0.04569
-0.09554
0.01517
0.00151
-0.05103
0.09387
0.10112
0.00898
0.00545
0.00859
-0.04536
0.02455
-0.05642
-0.03659
-0.00243
-0.02882
0.05475
0.06376
0.01072
0.02568
-0.00457
0.05877
0.00558
0.00811
0.03095
0.05376
-0.00987
-0.13257
-0.00171
0.02969
-0.01612
0.06163
-0.08124
0.01971
0.00715
0.04309
0.01260
0.02451
0.03786
-0.04792
-0.01730
0.02800
-0.08671
-0.00146
0.06745
-0.08187
-0.08691
0.00163
-0.07444
-0.04406
0.02770
-0.06423
0.03574
0.00052
0.02105
-0.01480
-0.03048
0.01194
-0.02020
-0.01726
0.05939
-0.02365
-0.02195
-0.01773
-0.03082
-0.02810
0.00277
0.02338
0.02774
-0.00551
0.07831
0.07711
0.02945
0.00694
0.03016
0.05508
-0.04522
-0.03644
-0.01349
-0.00673
0.05074
-0.03167
-0.00079
0.02830
-0.02428
0.04238
-0.06838
0.04071
-0.05860
-0.09030
-0.03594
0.05730
-0.04099
-0.03838
0.04102
0.03088
-0.04543
0.00045
-0.01211
-0.02721
-0.04161
-0.03357
0.13167
0.00576
-0.05242
-0.03751
-0.01365
-0.00881
0.01091
-0.08764
-0.03216
-0.00790
-0.00961
-0.07748
0.03296
0.02888
0.01316
-0.04110
0.01122
0.02188
0.05415
-0.07463
0.04705
-0.00547
-0.05063
0.00091
-0.02526
-0.05602
0.01690
0.03407
-0.04055
0.02013
-0.04819
-0.06358
0.04376
-0.03089
-0.00093
0.01301
-0.03502
0.02643
0.06493
0.06284
-0.00551
0.04161
-0.00578
0.06870
0.00343
-0.08824
0.03048
0.05450
-0.01769
0.00898
-0.03693
0.02144
-0.05828
-0.00092
0.00963
-0.02334
0.00566
0.01421
0.06570
-0.07075
-0.00737
-0.00849
-0.08981
-0.00981
0.01843
-0.02957
-0.05312
-0.04330
-0.05411
0.00630
-0.04116
-0.01541
-0.10230
0.02249
-0.05918
0.06640
0.02852
0.00315
-0.01044
-0.04375
-0.06761
0.03533
-0.07295
0.00715
-0.00775
-0.03039
-0.06789
-0.06217
0.02519
-0.02742
0.08331
0.01259
-0.04773
-0.01955
0.06307
-0.05117
-0.05332
0.00962
-0.04662
-0.01431
-0.05922
-0.03089
0.00314
0.04097
-0.08248
-0.00115
-0.00164
0.04299
-0.00273
-0.00769
0.01520
0.10654
-0.03432
0.04259
-0.04334
0.03554
0.00976
-0.06464
0.00838
-0.01229
-0.03111
-0.00100
-0.00511
-0.00440
-0.04810
-0.06219
-0.01578
-0.03540
-0.05003
-0.00725
0.03976
-0.05007
0.02555
0.04469
0.05944
0.04022
-0.05601
-0.04373
-0.04264
0.06557
0.06819
-0.05524
0.01736
0.03104
0.06834
0.00714
-0.01799
0.06669
-0.05725
-0.00974
-0.00243
-0.07042
0.00147
0.11061
-0.03109
-0.06879
-0.00696
-0.03358
-0.03508
0.05385
0.01421
-0.04514
0.06663
0.01084
-0.01101
0.12016
0.05458
-0.02050
0.04732
0.02005
-0.06463
-0.01024
0.01503
-0.02892
-0.00018
0.01168
0.00918
0.09471
0.00517
-0.02185
0.02712
0.02423
-0.00749
0.01725
-0.00127
-0.00210
0.02831
-0.03587
0.01678
0.04026
0.00727
-0.01317
-0.01436
-0.06655
0.02426
0.00122
-0.03536
-0.02955
0.05475
0.05565
-0.00429
-0.02316
-0.02827
-0.00796
0.09516
-0.01170
