-0.01547
0.09501
0.01248
-0.04515
0.00782
-0.11842
0.02894
-0.03752
0.05868
0.01704
-0.03853
-0.06081
-0.09249
-0.00654
0.04409
0.02794
0.00808
-0.02193
-0.02561
0.11594
0.02216
0.00619
-0.03192
-0.01258
0.00923
-0.05439
0.03427
-0.03049
0.00167
-0.02424
-0.05219
0.02426
-0.05316
0.07692
0.06171
-0.03120
0.05110
-0.05471
0.05291
0.03006
0.03387
-0.06055
-0.03355
0.02290
-0.04905
0.01183
-0.01317
-0.01002
0.05199
0.09335
0.07513
-0.04030
-0.11365
-0.04056
0.06031
-0.05631
-0.06993
-0.04414
0.04975
0.00311
-0.03965
-0.00372
0.03015
-0.00778
0.00019
-0.03544
-0.01996
0.03958
0.02417
-0.07887
-0.01377
-0.02853
-0.03224
0.00936
0.02741
-0.00923
0.05745
-0.04927
0.01602
-0.00870
-0.00517
-0.03296
-0.00808
-0.06778
-0.05898
-0.00829
0.01074
-0.06721
0.01515
0.04842
-0.02975
0.01870
0.01701
-0.03436
-0.11684
-0.01447
-0.02809
0.03943
-0.02470
-0.05975
0.00004
0.04945
-0.00934
-0.03782
-0.05337
-0.01681
0.04917
-0.00563
-0.03233
0.00526
-0.02020
-0.11853
0.08725
0.10641
0.00155
0.00446
0.02354
0.01023
-0.03132
-0.03496
0.02929
0.07343
0.04793
0.05420
0.02924
-0.03595
0.00216
-0.02679
-0.04979
0.07633
-0.03934
-0.03470
-0.04951
-0.06600
0.04928
-0.04905
-0.03693
-0.03356
-0.01866
0.01918
0.09027
0.01018
-0.01924
0.01973
0.02885
0.07743
0.01761
0.02736
0.01315
-0.01448
-0.01695
0.04262
0.02546
-0.02653
-0.05837
-0.06257
0.01483
-0.02048
-0.06624
0.03790
0.01686
-0.03310
-0.02012
0.01797
-0.01042
0.00886
0.01278
0.02002
-0.01294
-0.06455
0.01237
0.03199
0.03067
0.03981
-0.01586
-0.05255
-0.03373
-0.02001
0.00884
0.04122
0.05585
0.01519
0.03602
-0.02161
-0.04753
-0.00470
-0.02853
-0.04030
-0.02557
0.05766
0.02541
0.06343
0.00886
0.06879
0.00133
-0.03271
-0.02840
-0.01506
0.01870
-0.05785
-0.06263
-0.07343
0.03666
0.07059
0.08740
-0.06607
0.07736
0.05906
-0.03884
0.07463
0.03236
-0.00597
-0.01743
-0.03435
-0.03978
-0.01486
0.02113
-0.07025
-0.03001
0.05718
0.04833
0.05630
0.03680
0.00422
0.03098
0.11928
0.03842
0.00669
0.01752
0.09140
-0.02767
-0.09838
-0.02227
0.04295
-0.01081
0.05879
-0.07295
0.00010
-0.01725
0.05120
0.01911
-0.01736
0.01144
0.00085
-0.00298
0.03359
-0.04222
0.00148
0.11105
-0.08482
-0.04120
0.04724
-0.04345
-0.08225
-0.04142
-0.07115
0.00727
-0.00234
-0.07507
-0.03411
0.00219
0.04186
-0.02242
-0.02698
0.03072
0.04197
-0.03995
-0.01703
-0.00865
-0.03964
0.00856
-0.00901
-0.01981
0.01812
-0.01861
0.05369
-0.04937
-0.01552
0.06547
0.06612
-0.05139
-0.00752
0.01567
0.03888
0.01952
-0.05849
-0.01841
0.02565
-0.00118
0.09981
-0.10191
0.06288
0.00561
-0.07320
-0.00796
0.01711
-0.06923
-0.03882
-0.00570
-0.01888
-0.07166
-0.00944
-0.09209
0.02316
-0.01238
-0.03626
0.10020
-0.00655
-0.02013
-0.00215
0.02192
0.02150
-0.02339
-0.10301
-0.00418
-0.05665
-0.00163
-0.01771
0.03817
-0.03826
0.00509
0.02021
0.04405
0.04608
0.02860
-0.03310
0.01376
0.01065
-0.07608
0.03795
-0.06408
-0.02658
-0.01339
0.00507
-0.04005
0.00796
-0.00574
-0.03526
0.05658
-0.01445
-0.02431
0.01954
-0.07770
0.00985
0.03608
0.07222
-0.02161
0.03815
-0.06425
0.03609
-0.01030
-0.03980
0.02913
0.02265
-0.01785
0.01881
-0.03310
0.03677
-0.03499
-0.01195
0.05227
0.00540
-0.00203
0.00660
0.03570
-0.05249
-0.04354
0.00589
-0.03803
0.01238
-0.03628
0.00385
-0.01199
-0.01762
-0.07113
0.01650
-0.05188
-0.00271
-0.05566
0.04307
-0.00624
0.05993
0.02848
-0.01123
0.04547
0.01962
-0.04259
0.11216
-0.04465
0.02787
-0.03587
0.00057
-0.06296
0.01754
-0.01320
-0.09719
-0.01710
-0.04040
-0.04996
-0.01835
0.06503
-0.07388
-0.01854
0.02175
-0.03853
-0.05792
-0.00194
-0.05018
0.01755
0.03855
-0.11589
-0.03966
-0.02053
0.06915
-0.04063
0.00383
-0.01812
0.00768
-0.01174
-0.01710
-0.02617
0.01569
0.01765
-0.00232
0.05187
-0.01402
-0.01823
-0.01354
-0.04685
-0.00554
-0.02949
-0.08846
0.04907
-0.06746
0.00907
-0.00547
0.00280
-0.05210
-0.01462
0.04161
-0.04003
0.00139
0.01779
0.03581
-0.02163
0.03968
0.11565
-0.07322
0.04120
0.01378
0.03009
-0.00034
-0.02863
0.03943
-0.06273
0.00509
-0.00601
-0.03114
-0.00277
0.03864
0.05039
-0.02339
0.00815
-0.03412
-0.11663
0.03046
0.02401
-0.01419
0.09483
0.01092
0.03395
0.11154
0.02798
0.02152
0.08207
0.06799
-0.04230
0.05309
-0.02330
-0.00658
-0.02135
0.05289
0.02119
0.08053
0.05689
-0.01011
0.03089
-0.00562
0.01984
0.01428
-0.01809
-0.05625
-0.00999
-0.01533
-0.03470
0.04726
0.02861
0.02901
0.01464
-0.01620
0.04955
-0.01299
-0.00177
0.02340
0.03966
0.01389
-0.07316
0.00310
-0.03045
-0.00251
0.04030
0.00605
