0.04781
-0.00327
-0.07637
-0.01772
0.01206
0.05757
0.03541
0.04706
-0.02157
-0.03928
-0.06478
0.02691
-0.01682
0.00552
0.01346
0.04338
0.02898
-0.01756
-0.00448
-0.05696
-0.01863
-0.07213
-0.00017
0.00646
0.05039
-0.02423
0.01803
-0.01247
0.04702
0.01954
0.05011
-0.01986
0.02042
0.01084
-0.05033
-0.00903
0.04046
-0.01525
-0.00352
-0.01161
-0.03246
-0.00758
-0.04474
-0.01829
0.05714
0.00325
0.00098
-0.00858
0.02761
0.01113
-0.00436
-0.00161
-0.00260
-0.06001
-0.07279
0.03185
0.00293
-0.01790
0.03043
0.03786
-0.07239
0.01990
-0.04191
0.02163
-0.05374
0.00444
-0.00766
0.02478
0.00700
-0.07704
-0.07306
-0.03879
0.01959
0.04145
0.02562
0.00583
0.01225
-0.02174
-0.04011
0.02759
-0.02734
-0.05465
0.03707
0.00723
0.03719
-0.05039
-0.04886
0.02972
-0.01761
-0.00651
-0.01788
-0.03497
0.04405
-0.03042
0.01870
-0.01669
-0.05155
-0.02341
-0.00794
0.04180
0.04966
0.05122
0.03166
-0.00269
0.03698
-0.01456
-0.06654
-0.06476
0.04861
-0.09024
0.03740
0.03667
-0.03272
-0.05015
0.05058
0.03097
0.01389
-0.09869
0.06464
0.01848
0.03579
0.05604
0.03356
-0.04690
-0.00335
-0.06729
0.02052
-0.05100
0.03678
-0.01434
-0.00190
0.06009
-0.01942
-0.00083
-0.03535
-0.01871
0.02965
-0.05084
0.05063
-0.03298
0.02038
0.01009
-0.06919
-0.01519
0.10515
-0.05061
-0.01651
-0.02549
0.03509
-0.01693
-0.00831
0.00622
0.06524
0.00407
0.03512
0.03093
-0.00963
0.02810
0.04711
-0.05273
0.02603
0.02142
-0.00395
-0.04048
0.06934
0.05144
0.01434
0.06987
-0.06483
0.03064
0.01530
0.03559
0.02086
-0.01182
0.07558
-0.03092
-0.01797
-0.07288
-0.01252
0.01674
0.02272
0.00327
-0.04545
-0.04151
0.01766
-0.04838
-0.01836
-0.03016
0.00352
0.01537
-0.05537
-0.00840
0.03691
-0.06664
0.03395
-0.01899
0.04364
0.05204
0.02271
-0.00076
-0.02490
-0.02447
0.07963
-0.01690
0.04890
0.00073
0.01007
-0.02364
0.01009
0.06696
-0.02433
0.00492
-0.00713
-0.00041
0.06014
0.04013
-0.02999
-0.03397
0.04763
-0.05535
-0.02893
-0.01282
-0.00860
-0.03662
-0.03193
-0.04297
0.01043
0.00170
-0.02468
0.02957
-0.02107
-0.01995
-0.02835
-0.00291
0.03531
-0.04417
0.05943
-0.04203
0.00391
-0.05604
0.04347
-0.01024
0.08129
-0.05453
0.03937
0.03251
-0.01586
-0.02767
-0.08771
0.01112
0.02619
0.02364
0.04710
0.01386
-0.02440
-0.08584
0.01992
0.01673
0.07212
0.01338
-0.02753
0.02330
-0.00167
-0.03031
0.03022
-0.04106
0.01951
-0.02638
-0.04435
-0.05883
-0.04200
0.03303
-0.01220
-0.01653
-0.04363
-0.05313
-0.01464
0.04301
-0.02763
-0.01111
-0.03770
0.02545
0.01708
0.02010
-0.01920
-0.04797
0.04101
-0.02328
-0.00985
-0.04678
-0.04599
-0.01037
-0.06542
-0.00389
0.01170
0.03503
-0.00610
0.02752
0.01662
0.03590
0.05529
-0.06119
-0.02660
-0.00659
-0.04262
0.01284
-0.01943
-0.01837
0.02901
-0.00207
-0.06588
-0.04959
-0.04659
-0.02443
-0.04203
-0.00012
-0.00930
-0.01857
0.01859
-0.02577
0.03486
-0.04060
-0.05602
-0.03497
-0.02557
0.03089
-0.00707
-0.01499
-0.04852
-0.03573
0.02932
0.00817
-0.00719
0.00287
-0.06902
-0.01371
0.01031
-0.00394
0.03320
0.01600
-0.00068
-0.04040
0.02579
0.02988
0.00527
-0.03957
0.05273
-0.01728
0.01019
-0.00326
0.01239
0.00404
0.01496
-0.03353
0.03449
-0.00204
0.01236
0.02022
-0.09003
-0.02033
-0.03324
-0.07769
-0.00770
-0.01059
-0.00454
0.05355
0.02498
-0.02673
0.01922
0.05227
0.00828
0.00458
-0.00909
-0.02035
-0.00176
-0.02741
0.00182
-0.01325
0.02546
0.00529
-0.12052
-0.04196
-0.06802
0.02980
-0.02625
0.00364
-0.00164
0.01541
-0.04444
-0.03882
0.00768
0.06821
0.00610
0.00905
0.00665
0.05350
0.07287
0.02058
0.05921
-0.03390
0.03345
0.00343
-0.00112
0.01156
-0.04279
-0.03424
-0.02535
-0.03516
-0.03085
0.03032
0.05374
-0.04041
-0.03765
-0.02321
-0.03087
-0.03174
0.04412
-0.01445
0.04580
-0.01543
-0.01913
0.04224
-0.00762
-0.03257
-0.02914
0.04278
-0.03501
0.07286
0.00564
0.01121
0.01355
0.01392
-0.07376
-0.00526
-0.00635
-0.02559
0.01781
0.03032
0.03127
-0.03375
-0.01555
-0.01046
0.00720
-0.02211
-0.00841
0.03351
-0.01605
-0.01177
0.03228
-0.03204
0.04040
-0.01739
-0.01886
0.00614
0.01216
-0.00959
0.00933
0.02958
0.05578
0.07988
-0.00690
0.02207
-0.00883
-0.04728
0.00192
-0.02998
-0.01707
-0.00314
0.03077
0.02469
-0.01101
-0.02355
0.01252
0.00819
-0.00080
-0.01286
0.01867
-0.05311
0.05700
0.01295
0.02852
-0.00332
-0.00482
-0.02722
0.01332
0.03083
-0.08125
-0.01299
0.04506
0.02705
-0.02208
-0.01832
-0.00525
-0.00684
0.06894
0.02367
-0.04988
-0.02667
0.04906
0.01358
0.00741
-0.02166
-0.00334
-0.01622
0.00821
0.02704
0.05044
0.06649
0.00997
-0.01151
0.01233
-0.04574
