0.06432
-0.03412
-0.04288
-0.00589
-0.01112
0.03624
-0.01787
0.04974
-0.05108
0.02033
0.00262
0.07211
0.01104
0.06792
-0.03712
-0.02140
0.02284
0.07182
-0.02237
0.00186
0.01166
0.01161
0.08095
-0.06081
0.00507
-0.00669
-0.01174
-0.06173
0.00111
-0.03144
0.04586
0.02224
0.02181
0.02181
-0.00628
-0.06535
-0.02698
-0.07070
-0.02191
-0.02753
-0.04635
-0.03925
-0.07576
0.03305
-0.01987
-0.00531
-0.02076
0.01969
-0.04571
-0.02241
-0.08830
-0.07186
0.05393
0.02583
-0.05091
0.00261
-0.05131
0.05089
0.00416
-0.02277
-0.01686
0.07696
-0.04991
0.08891
-0.00715
-0.00688
0.01290
-0.04902
0.08249
-0.01429
-0.04626
-0.03583
0.05593
0.08129
-0.02936
0.01786
-0.01539
-0.07477
0.03963
-0.00895
0.05176
0.00309
-0.00500
0.03511
0.01510
0.02826
0.02747
0.04112
-0.05234
-0.06531
-0.02480
-0.00607
0.04290
-0.00075
0.03522
0.03023
-0.05851
-0.00094
-0.05307
0.04522
0.07157
0.08935
0.04475
0.02645
0.05359
-0.02880
-0.01675
-0.07490
-0.04898
-0.12577
0.04695
0.03188
-0.07125
-0.08339
-0.03600
-0.01387
0.02213
0.01665
-0.00772
0.03593
0.00902
0.00344
-0.03553
0.01477
-0.07450
-0.00730
0.04508
-0.02737
0.03572
-0.05973
-0.01764
0.00757
-0.04023
-0.02210
-0.00479
-0.00776
-0.00698
-0.03804
0.04030
0.03586
-0.04355
0.07819
-0.04504
-0.01156
0.02991
-0.01391
-0.06519
-0.00590
0.04898
0.02360
0.03721
-0.00921
-0.01677
0.02734
0.07469
0.00117
-0.04164
0.00349
-0.06303
-0.07171
-0.01512
0.06161
0.01912
0.03730
0.06763
0.03609
-0.05221
0.07698
-0.06625
0.05280
-0.02749
-0.03083
-0.05664
0.00764
-0.04082
-0.01514
-0.09295
0.05290
-0.02394
0.10380
0.02698
-0.02006
0.02296
0.02407
0.08526
-0.02952
0.02931
-0.01806
0.01204
-0.05133
0.03045
0.00332
0.02713
-0.05795
0.06006
0.03260
-0.04430
0.00813
0.07204
0.06082
0.09672
0.03530
-0.00934
-0.00978
0.02878
0.03110
-0.03520
0.01486
0.03855
0.02321
-0.01090
0.01615
-0.02504
0.06866
-0.06093
0.03580
0.03710
0.01887
0.00469
-0.01635
-0.05019
0.08370
0.08226
0.02011
0.07482
0.03463
-0.02692
-0.00464
-0.00449
-0.00697
0.02052
0.01470
-0.00636
-0.03815
-0.02085
-0.01771
0.01080
-0.03874
0.07375
-0.01581
0.00799
-0.01029
0.03062
0.03743
0.02279
0.02245
-0.00271
-0.03547
-0.00715
0.02717
0.00404
-0.01926
0.04698
0.04178
0.02652
-0.07125
0.03200
0.07220
-0.00034
0.01332
0.00932
0.02009
0.03180
-0.00840
-0.04068
-0.04515
0.09365
-0.05059
0.02884
-0.02362
0.00137
-0.03696
0.05055
-0.01090
-0.01739
0.05110
0.00928
-0.03237
0.02505
-0.02378
0.03971
0.03632
-0.09495
-0.00761
0.00094
0.01983
-0.00509
-0.05823
0.02180
0.03081
-0.03221
-0.01983
0.04872
0.00283
-0.01380
-0.01093
-0.04211
-0.03774
-0.03490
0.03898
0.06105
-0.00877
0.03168
0.07177
0.00194
-0.01941
-0.06703
-0.07464
-0.09011
-0.03654
-0.07708
-0.00356
0.02828
-0.00392
0.01002
0.02260
-0.04610
0.00937
0.06355
0.02277
0.00648
-0.00862
-0.04249
-0.01334
-0.00890
0.01583
0.03289
0.00199
-0.01947
-0.02375
0.04778
0.02134
-0.09220
0.02364
0.03466
-0.00194
0.05923
-0.04322
-0.04002
-0.06048
0.06819
-0.00916
0.07830
-0.05810
-0.04852
0.04110
0.00982
-0.00393
-0.00021
0.04387
0.01318
-0.03921
0.02468
-0.01306
0.03495
0.03628
0.02736
-0.00954
-0.04093
0.00890
-0.02523
-0.03991
0.01987
0.03342
0.04889
0.01082
0.04244
0.02331
-0.03678
0.01448
-0.01276
0.01330
0.05509
0.01475
0.00134
0.04296
-0.07708
0.07412
0.01386
0.03299
-0.03327
-0.00423
-0.00281
0.03424
0.04780
-0.04148
0.02755
0.00305
-0.01745
0.05917
-0.01465
0.02369
-0.01075
0.01220
0.00483
0.08991
-0.02209
0.01682
-0.00201
-0.04760
-0.03722
-0.01586
0.02947
0.01286
0.00640
0.00748
-0.02579
-0.00493
-0.00436
-0.01600
0.04564
-0.03665
0.01452
0.00191
-0.07085
-0.00584
0.09133
0.00166
0.02508
-0.05293
-0.00043
-0.00956
-0.03983
0.02684
0.01663
0.00670
0.01193
-0.00121
0.04220
-0.07082
0.02357
0.01943
-0.00716
-0.00440
0.01411
-0.01509
-0.00468
-0.02083
0.02501
-0.02576
-0.02314
-0.02031
-0.03913
0.07358
0.00437
0.05385
-0.04846
0.01729
0.00816
-0.04689
0.04770
0.04936
0.04861
-0.01790
0.01313
-0.03535
-0.05784
0.05704
0.07252
0.07130
0.01872
0.06592
0.03280
-0.02992
0.00860
0.02110
-0.03941
-0.00188
0.06649
0.02679
0.00166
0.01608
0.05300
-0.03640
-0.03132
-0.05823
-0.02807
-0.06135
-0.01300
0.01659
0.01248
0.00245
0.02564
0.03294
0.01442
-0.03869
-0.03871
-0.00125
0.09647
-0.07957
-0.04347
-0.08084
-0.03278
0.02295
0.03213
-0.10431
0.03227
0.01533
0.02295
-0.01806
-0.01349
0.02493
-0.04844
0.00537
-0.03044
0.01657
0.01959
0.05622
-0.07980
-0.03824
0.00074
-0.01900
