0.01798
-0.03599
-0.06746
-0.04814
-0.00647
0.01444
0.01016
0.01939
0.03097
-0.02776
-0.03346
-0.00247
-0.00228
0.03696
0.06726
0.01679
0.02324
-0.00734
-0.03991
0.03555
0.00042
-0.07912
0.03210
0.00385
0.01445
-0.04754
-0.03202
0.01529
-0.00390
0.04901
0.07662
-0.03048
-0.04744
0.04296
-0.00599
-0.02029
-0.01582
-0.03755
-0.01136
0.04270
0.03322
-0.00718
-0.05355
0.02627
0.06916
0.02925
-0.00654
-0.02448
-0.02122
-0.02799
0.02144
-0.01556
-0.02454
-0.02176
-0.09122
-0.01937
-0.03082
-0.07885
0.04194
0.06265
-0.04534
0.01331
-0.02367
0.01493
-0.02047
0.01661
0.01874
-0.05355
-0.01930
-0.03086
-0.05100
-0.04811
0.00416
-0.03380
0.02378
0.01825
0.03946
-0.04139
0.01242
0.06856
-0.00733
-0.02581
0.00296
0.02416
0.04604
-0.04345
-0.01718
0.06374
-0.03896
-0.00229
0.00270
-0.04768
0.06414
-0.05304
-0.00204
-0.03487
-0.03821
0.01410
0.05733
0.02536
0.06422
0.06860
0.03805
0.05254
0.02970
0.05905
-0.06124
0.00477
0.01607
-0.02615
-0.01384
0.00941
-0.01614
-0.03365
0.03303
0.00795
-0.05385
-0.07805
-0.00116
0.00170
0.04773
0.04900
-0.02055
0.00207
0.05544
-0.06812
-0.06143
-0.00832
-0.00354
-0.00324
-0.03115
0.00772
-0.00979
0.00064
0.03783
0.00777
0.04791
-0.07826
0.01383
-0.01276
0.02764
0.01398
-0.03259
0.03948
0.11316
-0.04472
-0.04482
0.04114
-0.03295
-0.03002
-0.08925
0.01052
0.07135
0.03687
0.00437
-0.08797
0.03743
-0.01731
-0.01669
-0.07654
0.04137
0.03353
-0.01115
-0.01546
0.12096
0.06087
-0.00566
0.02929
-0.02798
-0.04564
0.01383
0.04806
0.03863
0.00792
0.00735
-0.04426
0.01660
-0.07105
-0.06103
0.00375
0.00866
0.02761
-0.02926
-0.04192
0.01818
-0.00958
-0.04110
-0.07144
-0.01675
-0.06361
-0.05165
-0.04794
0.08451
-0.03805
0.02792
-0.03606
0.07229
0.00860
0.03608
-0.01329
-0.00256
-0.01289
0.06895
-0.03863
0.01196
-0.00112
0.02381
-0.00863
0.05733
0.13126
-0.02036
0.06563
-0.07195
-0.04356
0.05662
0.02868
-0.01853
-0.01937
0.05533
-0.06614
0.03185
0.00699
0.00148
-0.02566
0.00140
-0.03139
0.04648
-0.02861
-0.05967
0.02421
-0.03998
-0.02949
-0.00321
0.03251
0.04650
0.00619
0.00576
-0.03732
-0.03812
-0.01996
0.07184
0.00231
0.07040
-0.03964
0.01484
0.05000
-0.01210
0.05182
-0.05190
0.01276
0.04445
0.06908
0.02874
-0.06097
0.04155
-0.04866
0.03991
-0.01737
0.00836
0.01805
-0.01263
-0.03656
-0.00923
-0.04484
0.05045
0.01991
0.00294
0.01308
-0.06921
-0.07586
-0.05300
-0.02677
-0.02693
-0.02183
-0.01662
-0.03955
0.01270
0.00962
-0.02051
-0.01309
-0.00287
-0.00531
0.06234
0.05195
0.01435
-0.04143
0.04266
0.00688
-0.03688
-0.02197
0.01625
0.04027
-0.00501
-0.04517
0.01109
0.07461
-0.01062
0.00575
-0.00392
0.02907
0.05949
-0.03036
-0.06044
-0.07651
-0.03202
0.02638
0.03921
-0.02511
0.02687
-0.00600
-0.10737
-0.07587
-0.02052
-0.06202
-0.06371
-0.04009
-0.06126
-0.03282
0.03087
-0.01004
-0.05917
-0.03716
0.01030
-0.06445
-0.04884
-0.03122
-0.01443
0.01449
-0.02470
0.04053
0.02113
0.00670
-0.03199
0.00304
-0.00193
-0.02168
-0.00070
0.04463
0.01799
0.00172
-0.03199
-0.07471
0.01393
0.06818
0.01120
-0.00010
0.03747
-0.00601
-0.03457
0.04326
0.05007
-0.05259
0.03406
-0.01737
0.06038
0.01066
-0.05965
-0.01413
-0.07941
-0.00351
0.01315
0.00660
-0.06321
-0.01215
-0.01265
0.01880
0.01871
0.04354
-0.00153
-0.01263
0.03525
-0.00376
0.04430
0.04814
-0.02954
-0.03063
0.00291
-0.00383
0.03564
0.00456
-0.03341
-0.04137
-0.08079
-0.01611
-0.08910
0.00901
0.01977
-0.00629
-0.02648
0.00458
0.03468
0.03593
-0.03660
0.04619
0.00849
0.01006
-0.00715
-0.01031
0.05186
-0.05620
0.04628
0.03137
0.03900
-0.00789
-0.03256
0.00814
0.02634
-0.06503
-0.04734
-0.03003
0.00115
-0.01722
0.04187
-0.02709
-0.03731
-0.02517
0.02726
-0.04420
0.04618
-0.01673
0.00323
-0.00219
-0.04808
-0.00866
0.02168
0.04811
-0.04669
-0.01627
0.00297
-0.02496
-0.01616
-0.01776
0.02772
-0.01785
0.01480
-0.03296
0.04015
0.05227
-0.05063
0.02746
-0.05152
-0.02567
-0.00105
0.08411
0.01599
0.02883
0.00691
-0.12457
0.05780
0.01903
-0.01698
-0.02880
-0.02288
0.03736
-0.01637
0.02360
-0.01859
0.02323
0.01286
0.03941
-0.01364
-0.01874
0.00603
-0.06642
0.00641
-0.01353
-0.04758
-0.01448
-0.00405
0.07033
0.00354
0.04788
-0.02454
0.02171
0.03873
0.03432
-0.00678
-0.07044
0.08902
0.03687
0.00028
-0.03681
-0.04824
0.00303
0.03144
0.04313
-0.06830
-0.02921
0.09130
-0.00925
-0.04722
-0.03923
0.02569
0.05693
-0.00865
0.04309
-0.00556
-0.07462
0.04069
0.03357
-0.00847
-0.03395
-0.03424
-0.03189
-0.00957
0.05429
0.06076
0.03894
-0.01214
-0.00111
0.03076
-0.04232
