0.04008
0.01821
-0.03392
0.08782
0.06059
0.08071
-0.07340
0.06955
0.03786
0.02959
0.04433
0.01987
0.03193
0.03956
0.01569
-0.00718
0.04138
0.04237
0.00454
-0.01070
0.02081
0.01656
0.03394
-0.03289
-0.02785
0.02485
0.03356
0.06806
0.03576
0.03992
0.06270
-0.03647
0.01386
-0.00766
0.00695
-0.02892
-0.05150
-0.03857
-0.02142
0.00517
-0.02534
-0.02207
0.04108
-0.01131
-0.01386
0.04206
-0.00344
0.00878
-0.03136
-0.05226
-0.00730
-0.04697
0.08721
-0.00713
0.00340
-0.01833
0.05808
-0.05810
0.04050
-0.00550
-0.01402
-0.01367
-0.03685
0.03401
-0.04465
-0.03424
-0.00038
-0.09057
0.03276
0.00321
-0.03430
-0.03107
-0.01990
-0.04562
0.03353
0.00752
-0.02698
-0.05750
-0.00640
0.04116
0.03653
-0.04534
0.00307
0.01954
0.01179
0.02038
-0.02439
0.01739
-0.03037
-0.05841
-0.05385
-0.00914
0.02970
-0.00470
0.05971
0.07841
-0.00541
0.02891
0.05529
0.05928
0.01306
0.06050
0.04080
0.05856
0.02161
-0.00699
-0.07548
-0.06200
0.05963
0.04015
0.00135
0.03685
-0.05933
-0.11648
-0.01277
0.00354
-0.01025
-0.00653
-0.01869
0.03124
0.03393
0.01955
-0.07687
-0.06482
-0.00240
-0.07153
0.03729
-0.05011
-0.00558
0.00079
0.00633
0.05064
0.02265
0.02020
-0.01542
0.09256
0.00403
-0.02316
0.06765
0.03223
0.01895
0.01434
-0.00588
-0.02784
0.10036
0.00685
-0.01125
0.01071
-0.03226
-0.01806
0.02384
0.05441
0.03632
0.08121
0.00625
-0.04568
-0.06381
-0.01368
-0.01200
-0.11378
0.00186
0.06088
0.03602
0.06563
0.02597
0.00636
-0.01492
-0.00292
-0.07054
0.03931
0.04730
0.02635
0.07123
0.05210
0.04704
0.00430
-0.03869
-0.00374
-0.04579
0.00701
-0.04288
0.00664
-0.08240
-0.05250
0.04745
0.01105
0.05241
0.02278
0.04706
-0.03182
-0.02782
0.07645
0.06452
-0.09355
0.02144
0.01485
-0.01304
-0.03623
0.03715
-0.05322
0.03923
0.03650
0.08494
-0.06153
0.00193
0.05725
0.02013
-0.03075
0.01558
0.04353
-0.04618
0.03204
-0.01403
0.00945
0.06087
0.05248
0.00897
-0.02550
-0.00603
-0.06743
0.00949
-0.02446
0.02933
0.05872
0.01365
-0.04692
-0.02056
-0.05779
0.02335
-0.02073
0.02078
-0.00544
0.03542
-0.00461
-0.03275
-0.06048
0.01064
0.04103
0.01483
0.00397
-0.01636
0.01640
0.04519
-0.07802
-0.01487
0.08785
-0.02046
-0.03575
-0.00745
0.10333
-0.03655
-0.03600
0.07188
0.00455
0.04398
0.02423
-0.00308
0.03676
0.07572
-0.04406
-0.05446
-0.01270
0.09650
-0.08392
0.02166
-0.11497
0.01032
0.05222
-0.04031
-0.08430
0.06946
0.04024
0.03882
-0.00430
-0.00944
0.04043
0.03231
0.04838
-0.01056
0.05943
0.03123
0.02276
-0.01733
0.00475
-0.04305
0.00842
0.02284
0.01880
-0.04509
0.02783
0.05482
-0.03492
-0.03163
0.06471
-0.03238
-0.02352
-0.02372
-0.04244
0.02770
-0.05179
0.03526
-0.00252
-0.04564
-0.05122
-0.01554
0.00711
0.03995
0.04835
-0.05653
-0.01392
-0.09718
-0.04222
-0.03596
0.01988
-0.00427
0.07350
0.02419
-0.04280
0.09230
-0.01604
-0.00640
-0.04116
0.00862
-0.06013
-0.04849
0.03482
-0.02146
0.03335
0.02663
0.00240
0.09484
0.02904
-0.02865
-0.06491
-0.03062
0.06763
0.01431
0.01423
-0.06589
-0.03836
0.02750
-0.04979
0.01130
0.06850
0.02925
-0.03669
-0.03941
0.03800
-0.01554
-0.01361
-0.01481
-0.03284
-0.03487
-0.00190
0.05421
-0.04902
-0.00805
0.04014
-0.06202
-0.00305
0.00638
0.01563
-0.04144
-0.03163
-0.00356
0.02452
-0.06351
0.03833
0.01284
0.01909
0.01841
-0.02609
-0.03264
-0.00095
-0.03057
0.00190
-0.02291
0.06465
0.01415
-0.01554
-0.06389
-0.03511
-0.02995
-0.01091
-0.02717
-0.06839
-0.00198
-0.02033
-0.03169
-0.01511
0.05501
0.01044
0.00102
0.05243
-0.00468
0.01570
-0.00913
0.07021
0.10208
-0.05267
0.00204
0.02494
0.04431
0.02627
0.07792
0.06620
-0.05129
0.00253
-0.01255
0.00995
0.05467
0.01367
0.07088
-0.02739
0.01236
-0.03127
0.08486
-0.01473
0.03489
0.00974
0.08558
-0.06171
0.01541
-0.01828
-0.04164
0.08954
-0.04163
0.00676
0.05330
-0.03813
-0.02618
0.01993
-0.02402
-0.00356
0.09217
0.00348
-0.05001
-0.07291
-0.03190
-0.00042
-0.01196
-0.00158
-0.06201
0.05568
-0.03011
0.03501
-0.10151
-0.02713
-0.03288
-0.03475
-0.00487
-0.00745
-0.01319
0.05522
0.02546
-0.01455
-0.05260
-0.01993
0.04502
0.05230
-0.02023
0.08942
-0.00290
0.05776
0.00668
-0.03570
0.00315
-0.06412
-0.03348
0.03548
-0.02606
-0.08528
0.02181
-0.00653
0.00064
0.06426
0.01816
-0.05458
0.06608
0.03095
0.00010
-0.00475
-0.05535
-0.08036
-0.07126
-0.01999
-0.07849
0.11000
-0.04542
-0.04405
0.00431
-0.05936
0.02299
0.05805
-0.00259
0.01974
0.03720
-0.04695
-0.00611
-0.00413
0.07618
-0.00116
0.03551
-0.09537
-0.03661
0.03035
0.04162
-0.01537
0.02329
-0.00771
-0.01239
0.01395
