-0.03879
-0.03622
-0.08174
-0.03755
0.01638
-0.03943
0.01800
0.01756
0.05728
0.01982
0.05730
0.02042
0.04575
-0.02493
0.02546
-0.07096
-0.01148
-0.00763
-0.05227
0.01015
-0.05853
0.01182
0.04206
-0.08781
-0.09521
-0.02629
-0.04246
-0.05694
-0.03993
-0.00409
0.00441
0.03449
-0.01543
0.00353
-0.01084
0.00854
-0.02565
-0.00276
-0.05518
0.04944
-0.01762
-0.01380
-0.01816
0.03020
0.01576
0.03608
0.05044
0.03257
-0.04564
-0.10683
-0.01857
0.03729
0.01549
0.01452
-0.05561
0.03272
-0.01324
0.01859
-0.02563
-0.00285
-0.03589
0.00641
-0.05354
-0.04952
0.00030
0.00298
-0.04218
-0.05043
-0.04412
0.01640
0.00199
-0.01046
0.00624
-0.10823
0.03421
-0.08104
-0.04163
-0.07032
-0.03223
0.03485
-0.07549
0.05430
0.01093
-0.01152
-0.04307
-0.00860
-0.01860
0.02478
-0.02163
0.00819
0.01085
0.00740
0.05138
-0.07682
0.00804
0.00961
0.00993
0.07239
-0.00973
-0.02400
0.00788
0.01436
0.04947
0.02938
0.00123
0.02197
-0.01510
0.00810
-0.05220
0.00413
0.00101
0.03590
-0.07329
-0.01807
0.00845
0.01359
0.04306
0.02629
-0.03066
-0.02001
-0.05967
-0.04512
-0.01580
0.05609
0.01966
-0.03129
-0.04165
0.00297
-0.02179
-0.06416
-0.04384
-0.01294
0.06926
-0.01287
0.01782
0.01487
-0.03086
-0.00120
0.01105
0.03212
-0.04403
0.03862
-0.04709
0.07815
0.06041
0.02021
-0.04810
0.00863
-0.00148
0.09085
0.01427
0.00630
-0.02872
0.04278
0.03413
-0.04694
0.05698
-0.02791
0.02039
-0.04471
0.08046
-0.00967
-0.03534
-0.00924
0.01302
-0.01400
0.01218
-0.01649
0.02189
0.00142
0.01721
0.03340
0.00747
-0.02244
-0.09504
0.00588
0.01447
-0.03154
-0.01504
-0.03366
0.02070
-0.00079
-0.03606
0.01982
0.05126
0.11029
0.00041
0.01951
-0.01488
-0.02941
0.00421
-0.06953
0.00946
0.00189
0.01807
-0.04215
0.07006
-0.03627
-0.00781
-0.02874
-0.01337
-0.03083
-0.02843
-0.07045
-0.03883
0.04181
0.02274
-0.06910
0.06278
0.07813
-0.00796
0.03428
-0.06142
-0.05703
-0.01114
0.01426
-0.02929
0.00267
0.03748
-0.01890
0.01625
-0.00529
-0.00250
-0.04353
0.06292
-0.01586
-0.00900
0.02145
-0.00740
0.06737
-0.05404
-0.00153
0.00496
0.01100
-0.01246
0.02292
-0.02764
-0.02910
0.01967
-0.04723
0.06398
-0.01961
0.01020
-0.07531
-0.02578
-0.01068
-0.04370
0.02541
0.02675
0.00522
0.05397
0.04532
-0.00530
-0.04345
0.07975
0.03291
0.06734
-0.01134
0.03714
-0.01073
0.03769
-0.01821
-0.00981
0.03188
0.02247
0.00425
0.00905
0.00517
-0.03491
-0.04443
-0.04716
0.00199
-0.03764
-0.01331
0.01204
-0.01635
0.03303
0.01248
0.01290
0.01386
0.05533
0.05643
0.03415
-0.03690
-0.04803
0.01842
0.00472
0.03013
-0.04095
-0.02720
0.03860
0.03905
0.05758
-0.01032
-0.03542
0.00690
0.04816
-0.02954
0.04381
0.02455
0.00122
0.07398
-0.03215
-0.08589
0.00113
-0.06088
0.07351
-0.06121
-0.03340
0.02276
-0.01762
-0.03872
-0.00346
-0.08422
0.01579
-0.01771
-0.01007
0.00358
0.03231
-0.00818
-0.03084
0.01679
0.02648
0.02450
0.01723
-0.08074
0.02798
0.03360
0.05075
0.07162
0.01919
0.06022
0.04263
0.02730
-0.04121
-0.01550
-0.01919
-0.00617
0.05812
-0.02380
0.02795
-0.05035
-0.01593
0.03295
0.01188
0.00492
-0.02546
-0.00544
0.01955
0.02408
0.03070
-0.01192
-0.00516
-0.05037
0.05328
-0.00004
-0.01238
0.01759
-0.01049
-0.00659
0.01147
0.01698
-0.10330
-0.02177
0.01498
-0.03200
0.04496
0.05900
-0.01127
-0.06667
-0.00172
-0.05255
0.01270
0.01267
-0.02157
-0.00051
0.01347
0.02081
-0.06712
-0.06183
-0.03731
-0.06821
-0.03010
-0.04658
-0.07309
0.01007
-0.00887
-0.06309
0.02446
0.00148
0.04186
-0.01063
-0.03557
0.01676
0.03761
0.00768
0.03254
-0.01708
0.00904
0.00680
-0.02389
0.04665
0.01101
0.04012
-0.00242
0.06043
-0.00975
-0.02094
-0.06378
-0.03813
-0.02059
0.03935
0.01563
-0.00261
-0.04141
0.08136
0.01635
0.04371
-0.03957
-0.00353
0.01723
-0.00377
-0.03107
0.05548
-0.00858
0.01963
-0.01019
-0.03981
0.00936
-0.01780
-0.06619
0.00557
0.06125
0.00057
-0.05899
-0.05939
-0.00744
0.01897
-0.05192
0.04197
-0.00365
0.03569
0.04055
0.06031
0.03258
0.00964
0.00201
-0.12832
-0.04166
-0.01321
-0.04334
0.08364
0.02038
-0.00883
-0.04879
-0.00182
-0.01609
0.05237
0.04365
-0.04004
-0.00207
0.01102
0.03526
-0.07706
-0.02264
0.02054
-0.05599
0.06213
-0.00785
-0.00278
-0.01239
0.03909
0.01800
0.01584
0.02857
0.02685
-0.02160
-0.02506
0.06765
0.01141
-0.02619
-0.01942
-0.01798
-0.05571
0.08013
0.00450
-0.05111
-0.02867
0.03126
-0.08480
-0.02429
-0.04235
-0.01369
0.01217
-0.00152
0.00520
0.02475
-0.02413
0.03038
0.02068
-0.08176
-0.03361
-0.02312
0.01968
-0.03240
0.08420
0.02533
-0.04923
0.03617
-0.02987
-0.02894
0.02451
