-0.03678
-0.01182
0.02079
-0.01562
0.02666
-0.03776
-0.00626
0.06127
0.05505
0.00439
0.04376
-0.04207
0.00525
0.01233
0.00886
-0.01169
-0.04216
-0.02287
-0.09434
0.00652
-0.02661
0.02687
0.01013
-0.01131
-0.04918
0.04538
-0.04905
-0.00693
0.03818
-0.01476
-0.05205
0.03196
0.00885
-0.02638
0.03680
0.10363
-0.01768
0.01133
-0.03106
0.05738
0.00247
0.05472
0.02538
-0.00415
0.01324
0.00012
0.06460
0.07872
-0.01101
-0.01559
0.02717
0.04210
0.02685
0.00761
0.01456
0.10094
-0.04590
0.01509
-0.02424
-0.06980
0.00533
-0.05016
-0.05868
-0.05994
-0.00829
-0.04244
-0.08843
0.07177
0.00515
0.02028
0.00795
0.07458
-0.08709
-0.12639
0.06403
-0.07218
-0.02001
0.03185
-0.07154
-0.02022
-0.02892
0.02695
0.00238
-0.01259
-0.01482
0.03968
0.03677
-0.00364
0.03095
0.07337
0.03425
-0.03153
0.03491
-0.05272
0.00240
0.00784
0.05386
0.02076
0.02618
-0.06266
0.01211
0.00025
0.03409
0.01821
0.02307
-0.00570
0.01537
0.01962
0.02476
0.02361
0.01832
0.06436
0.04729
-0.02433
-0.00942
-0.00186
0.03299
-0.00713
-0.04730
-0.05864
-0.00539
-0.03646
-0.03310
0.02085
0.02563
-0.01442
-0.00991
0.00414
-0.00464
-0.02718
0.02512
0.01852
0.01568
-0.02234
0.06073
-0.02506
0.01732
0.02337
0.01652
0.06297
-0.00072
-0.00820
-0.01801
0.02089
0.02831
0.03698
0.03932
0.02526
-0.06120
0.01295
0.05083
-0.06896
-0.02855
-0.00820
-0.04553
0.02589
0.02786
0.03688
0.04985
-0.04146
0.01421
-0.05125
-0.08510
-0.04257
0.00650
-0.03650
0.02666
-0.06047
-0.00502
-0.03322
0.02732
-0.04228
-0.02527
-0.02418
0.06390
0.04812
-0.03167
-0.01976
-0.05386
-0.01509
-0.00996
-0.00181
-0.05160
0.01059
0.06211
0.08263
-0.01240
-0.00671
-0.03034
0.00892
0.05322
-0.00146
-0.03935
-0.02418
0.02143
-0.02125
-0.05225
-0.01805
-0.05481
-0.03132
-0.05005
0.01169
-0.01801
-0.08372
-0.02845
-0.01040
0.00781
-0.03872
0.02759
-0.00677
-0.02171
-0.06373
0.06361
-0.09858
-0.01002
0.02836
-0.04426
0.02431
0.00641
-0.03697
0.01089
-0.04314
-0.06398
-0.00341
-0.02692
0.01046
-0.05114
0.03741
0.03589
-0.00178
-0.04437
-0.02710
-0.05064
0.00239
0.05752
-0.00104
-0.01641
-0.03058
0.02145
0.04332
-0.03238
-0.00891
-0.00215
-0.04388
0.00772
-0.02134
-0.02817
0.01266
0.00359
0.01211
0.06034
0.04219
-0.04888
-0.04216
0.05071
0.05123
-0.00285
-0.01676
0.02566
0.00599
0.00750
-0.07099
0.05813
0.05567
0.01415
-0.05313
-0.00925
0.04288
-0.01395
0.01170
-0.04954
0.04556
-0.04246
0.01011
0.03865
-0.08209
0.00205
0.03238
-0.05831
-0.00149
-0.02274
-0.02017
0.08149
-0.02456
-0.01011
-0.00068
0.04286
0.06060
-0.04495
-0.07519
0.04426
0.03337
-0.00198
0.01306
-0.01931
0.01246
0.00488
-0.03972
-0.00245
-0.01427
-0.04396
0.07317
-0.00209
-0.01589
0.05809
-0.06169
0.05373
-0.00324
0.02571
0.05761
0.00142
-0.01085
-0.05439
-0.00813
0.07305
-0.00237
0.02219
0.05386
-0.03213
-0.02957
-0.06205
0.04669
0.02013
0.01459
-0.06051
0.00412
-0.06471
0.05395
0.04126
0.01998
-0.04502
0.00055
0.08325
0.01144
0.00777
-0.00674
0.00089
0.07589
0.00221
-0.03025
0.00499
0.02801
-0.03478
0.04841
0.05300
0.01833
0.01266
0.04582
0.05449
-0.06972
0.04876
-0.01607
0.01614
-0.03338
0.03846
-0.06111
-0.03574
-0.05556
0.00246
-0.00914
-0.00979
0.01277
-0.03133
-0.00308
-0.01607
-0.02057
0.04601
0.00770
0.05140
-0.06790
-0.02526
-0.04295
-0.00617
-0.03631
-0.04390
0.01168
0.00788
-0.00746
-0.01215
-0.00944
-0.01974
-0.05181
-0.02337
0.03672
0.02847
0.01135
-0.00855
-0.01812
-0.01729
-0.03181
0.00705
0.01844
-0.01023
-0.00815
-0.03539
-0.05724
0.07007
-0.01407
0.03415
0.00701
-0.00801
0.02423
0.01623
-0.00381
-0.01382
0.05628
-0.05028
-0.01953
0.00280
-0.02437
0.01613
0.03086
-0.03988
-0.04354
-0.02550
0.02314
-0.00934
-0.00266
-0.00169
-0.02220
0.07769
0.00015
-0.00593
-0.02179
-0.01878
-0.03323
0.03209
-0.07214
-0.05594
-0.02414
0.00809
0.00644
-0.00123
0.02804
-0.02696
-0.01475
0.03112
0.04144
-0.06325
0.01998
0.01668
0.03503
0.01260
-0.02482
0.02136
-0.03977
-0.01291
-0.02157
0.01953
-0.00747
-0.00074
0.01646
0.06107
0.02490
0.07333
0.00141
0.01805
-0.01247
0.00474
-0.08770
0.01224
0.01587
0.03141
-0.02275
0.03097
0.00396
0.03964
0.01589
-0.05524
-0.00505
-0.08018
0.00388
-0.04669
-0.00402
0.00683
0.04511
0.00462
0.00496
0.01921
-0.03431
0.01563
0.06511
-0.05366
-0.04711
0.02577
-0.00005
0.05252
0.01564
-0.00874
-0.05300
0.03694
0.01459
0.04668
0.02097
0.00754
0.04746
-0.04431
-0.00347
0.02317
-0.03121
-0.08146
-0.02771
0.03613
-0.07412
0.02692
0.00872
-0.01141
-0.03944
0.08604
-0.03808
0.00966
0.03946
