-0.01885
0.06919
0.05145
0.00544
0.01637
-0.08328
-0.04330
-0.03151
0.05323
-0.06299
-0.00449
-0.06835
-0.07194
0.00125
0.01112
0.00714
0.00380
0.02673
-0.03849
0.07207
0.04404
0.02571
-0.05288
0.00141
-0.01189
-0.02059
0.05069
0.02373
0.04819
-0.00997
-0.02543
0.02494
0.00895
0.02363
0.05937
-0.03491
-0.00401
-0.07791
0.07778
0.05063
-0.01500
-0.05153
-0.02441
-0.01728
0.01980
0.02341
-0.02220
-0.02427
0.09085
0.10140
0.06629
0.01689
-0.07575
-0.00372
0.09724
-0.00666
-0.01350
-0.05722
0.05567
-0.00891
0.01084
-0.03450
0.03056
-0.02131
0.00090
0.04101
-0.05288
0.06762
0.00364
-0.09583
-0.01860
0.01462
-0.04521
0.03210
0.05977
0.00089
0.05624
-0.03252
-0.06241
-0.00336
-0.02955
-0.02950
0.03920
-0.05208
-0.01593
-0.04865
0.04742
-0.04965
0.04695
0.07150
-0.02010
-0.02350
0.08160
0.00217
-0.12477
0.03184
-0.04214
0.03600
0.00565
-0.03569
-0.00666
0.02310
0.03726
-0.05286
-0.03004
-0.01749
0.02738
-0.02763
-0.04123
-0.00326
0.00959
-0.06154
0.03030
0.11305
0.01582
0.01472
0.00190
0.00839
-0.01752
-0.03096
0.01889
0.07791
0.00200
0.08708
0.03762
-0.02423
-0.00380
-0.05872
-0.00013
0.04747
-0.00488
-0.02010
-0.05185
-0.04983
0.03313
-0.04938
-0.03498
-0.04689
-0.02917
0.00025
0.08921
0.03444
-0.07498
-0.02949
0.07097
0.05362
0.00664
0.00162
-0.01643
-0.01096
-0.00530
0.03786
-0.00027
-0.00515
-0.04504
-0.05570
0.02985
-0.02748
-0.01841
0.01099
0.00159
-0.05058
-0.04807
0.00444
0.00506
-0.00741
0.07600
0.04108
-0.02519
-0.03850
-0.00851
0.07448
0.02253
-0.03856
-0.00259
-0.06222
-0.05719
-0.02771
-0.01945
0.04957
0.10260
-0.00968
-0.02036
-0.01990
-0.01382
0.01595
-0.09971
-0.07093
-0.05334
0.07520
-0.01852
0.06725
0.00402
0.05351
-0.04868
-0.05478
-0.04102
-0.03609
0.00369
-0.07147
-0.05296
-0.02349
0.00685
0.06419
0.04002
-0.10949
-0.01522
-0.00209
-0.06060
0.10434
0.09271
-0.03603
0.01696
-0.00759
-0.06054
0.02788
-0.04664
-0.03755
-0.02316
-0.02854
0.05156
0.02629
0.01073
0.01362
-0.00287
0.08958
0.02727
0.02409
0.06215
0.06816
0.00636
-0.12597
-0.01334
0.02324
0.03543
0.05621
-0.10255
0.02472
0.03060
0.09143
0.00394
0.01838
0.04638
-0.02173
-0.00538
0.01091
-0.06452
0.00638
0.08571
-0.10485
-0.04019
0.03157
-0.06323
-0.06609
0.05659
-0.04518
0.02979
0.00912
-0.01290
-0.01431
-0.02584
0.01245
0.00608
-0.00582
0.02326
-0.00750
-0.02408
-0.01086
-0.03872
-0.02140
-0.02153
0.02539
0.02397
-0.00080
0.09390
0.05268
-0.01381
0.00520
-0.00177
0.03370
-0.03492
-0.04068
-0.01571
0.02929
0.02765
-0.03238
-0.00975
0.01720
-0.04436
0.06480
-0.08790
0.04662
-0.01225
-0.11937
-0.00441
0.06089
-0.07442
-0.05093
0.02328
-0.00973
-0.03725
-0.00523
-0.00477
0.01520
-0.03298
-0.05297
0.13513
0.01987
-0.04286
-0.02548
-0.01701
-0.00560
0.03625
-0.06893
-0.00385
-0.00824
-0.01943
-0.02892
0.03867
0.03827
0.00438
-0.00231
0.04303
0.01452
0.04655
-0.08549
0.03609
-0.00340
-0.04460
0.04818
-0.07297
-0.05790
0.02926
0.05362
-0.03126
0.02113
-0.03972
-0.04193
0.04926
-0.02319
-0.01108
0.01421
-0.02881
0.02401
0.05768
0.08108
0.00081
0.05705
-0.03522
0.02975
-0.00545
-0.08026
0.03049
0.03797
0.01056
0.02390
-0.02188
-0.00589
-0.06431
0.00959
-0.00615
-0.00480
0.01916
0.02220
0.03903
-0.07315
-0.03856
0.00376
-0.07112
0.00518
0.00510
0.00016
-0.02829
-0.06521
-0.06721
0.03136
-0.03580
-0.02172
-0.08578
0.02443
-0.06315
0.04232
0.00765
-0.00726
-0.00339
0.00609
-0.05894
0.02316
-0.04039
0.02472
-0.05695
0.01902
-0.05766
-0.02901
-0.00081
-0.02836
0.06838
-0.00394
-0.04412
-0.01175
0.05771
-0.05341
-0.05099
-0.01222
-0.04841
-0.03747
-0.05257
-0.04325
-0.00950
0.02991
-0.09333
-0.01867
0.00524
0.04091
-0.01899
-0.01251
-0.01612
0.04190
0.00894
0.02647
-0.01827
0.02934
0.00388
-0.04798
0.02255
-0.03640
-0.03083
-0.02099
-0.03660
-0.02890
-0.02478
-0.05880
-0.01099
-0.03037
-0.04136
-0.03359
0.06528
-0.02952
0.02405
0.04298
0.02728
0.04663
-0.06130
-0.03824
-0.02738
0.05201
0.08060
-0.07949
0.02503
0.01293
0.04481
0.01125
0.00293
0.07060
-0.05000
-0.01646
0.00129
-0.04142
-0.00008
0.09121
-0.02849
-0.07132
-0.02929
-0.03874
-0.04234
0.03328
0.00176
-0.05900
0.09494
-0.00583
-0.03037
0.11901
0.01571
-0.00601
0.05173
0.02462
-0.05415
-0.02796
-0.00069
-0.02514
0.00992
0.07718
0.00961
0.07523
0.01857
-0.03261
0.05885
-0.00065
-0.00583
0.00136
-0.01394
0.01421
0.03230
-0.01345
0.01260
0.05846
0.00453
0.01172
-0.00507
-0.01140
0.02479
0.00904
-0.00800
-0.03097
0.06461
0.03266
0.00002
-0.02092
-0.00855
-0.00623
0.06353
-0.01757
