-0.01289
0.08316
0.03229
-0.04373
-0.00409
-0.11362
-0.00181
-0.04944
0.05175
-0.01733
-0.02045
-0.07474
-0.08895
-0.02007
0.03865
0.01773
0.00853
-0.01970
-0.04024
0.09962
0.00741
0.01421
-0.04104
-0.00577
0.00604
-0.02553
0.01931
-0.02952
0.01058
-0.02084
-0.06845
0.04862
-0.03794
0.07023
0.05575
-0.02432
0.02459
-0.07147
0.04679
0.04797
0.01817
-0.05855
-0.03939
-0.00271
-0.03258
0.00790
0.00186
-0.00413
0.07100
0.09852
0.08365
-0.01833
-0.10914
-0.02762
0.09375
-0.02612
-0.07536
-0.04194
0.04694
0.00955
-0.02742
-0.01440
0.02893
-0.00753
0.01638
-0.01304
-0.04159
0.06375
0.00503
-0.08946
-0.00255
0.00801
-0.04515
0.02072
0.03172
-0.01829
0.05660
-0.03538
0.00990
-0.01244
-0.00705
-0.03140
-0.00075
-0.06190
-0.03407
-0.02320
0.01981
-0.06480
0.04859
0.06340
-0.00599
0.00588
0.04380
-0.02765
-0.11654
0.00253
-0.02677
0.05169
-0.00284
-0.06357
-0.00268
0.02940
0.00051
-0.04205
-0.03572
-0.01561
0.05951
-0.00806
-0.04009
-0.00863
-0.00353
-0.11582
0.09428
0.12736
-0.00918
0.02311
0.02274
-0.00056
-0.03368
-0.02831
0.02320
0.06713
0.03532
0.07026
0.04714
-0.02761
0.00938
-0.04279
-0.02853
0.06143
-0.02493
-0.03822
-0.05466
-0.06153
0.03515
-0.06170
-0.04277
-0.03855
-0.01738
0.02265
0.09392
0.01159
-0.04390
-0.01135
0.03183
0.05648
0.00896
0.02192
-0.00806
-0.00451
-0.00588
0.03750
0.01300
-0.01281
-0.05624
-0.05190
0.04166
-0.03509
-0.04935
0.02884
0.01421
-0.05021
-0.04019
-0.01404
-0.00895
-0.01380
0.04872
0.04019
-0.02828
-0.06441
-0.00672
0.04573
0.02031
0.00579
-0.01242
-0.04383
-0.04393
-0.01364
-0.00069
0.04678
0.08030
0.00665
0.02625
0.00331
-0.03584
0.01436
-0.05550
-0.04274
-0.04178
0.09195
0.01440
0.05974
0.00502
0.06576
-0.02216
-0.03129
-0.02870
-0.01743
0.00778
-0.08199
-0.05942
-0.06978
0.02426
0.07977
0.06864
-0.10790
0.04954
0.05117
-0.04796
0.08762
0.04815
-0.02920
0.00506
-0.03177
-0.04987
-0.00459
0.00355
-0.04961
-0.03897
0.03240
0.04324
0.04655
0.02515
-0.00422
0.01942
0.11894
0.02325
0.03592
0.03889
0.08890
-0.00832
-0.10874
-0.04580
0.03368
0.01382
0.04840
-0.10387
0.00184
0.01352
0.05729
0.01222
-0.00853
0.00564
-0.00606
0.01053
0.02542
-0.05278
0.00458
0.12156
-0.10674
-0.02983
0.06203
-0.04696
-0.09058
-0.01921
-0.05422
0.00847
-0.00970
-0.06924
-0.01850
-0.00785
0.02102
-0.00721
-0.01373
0.03046
0.02710
-0.03446
-0.00302
-0.01589
-0.03167
-0.01448
0.00910
-0.00392
0.00639
0.01119
0.05001
-0.03763
-0.01127
0.03386
0.06124
-0.05033
-0.00965
0.00214
0.03946
0.02728
-0.04481
-0.02307
0.02372
-0.02072
0.08165
-0.10133
0.06534
0.01466
-0.09126
0.00660
0.03901
-0.06931
-0.04986
0.00069
-0.01216
-0.06878
-0.01350
-0.05993
0.02710
-0.01597
-0.04441
0.11062
-0.00164
-0.01762
-0.00114
-0.00612
0.01191
0.00345
-0.09735
0.01349
-0.05393
-0.02473
-0.01002
0.02962
-0.00511
0.00414
0.03400
0.04021
0.03992
0.03192
-0.05872
0.00044
0.02478
-0.07365
0.05847
-0.07562
-0.01883
0.01503
0.02888
-0.02244
0.00130
-0.02323
-0.02543
0.05473
0.00030
-0.02352
0.02459
-0.07063
-0.00662
0.05666
0.08425
0.00115
0.03933
-0.03653
0.02174
0.00034
-0.05749
0.02236
0.01356
-0.01599
0.01949
-0.02971
-0.01328
-0.03273
-0.00651
0.02674
-0.01669
0.00320
0.00245
0.03009
-0.06881
-0.02923
-0.01570
-0.06148
0.00590
-0.03470
0.00426
-0.02502
-0.03942
-0.06058
0.03619
-0.04263
-0.00325
-0.06241
0.04590
-0.03846
0.03735
0.00916
-0.00135
0.04295
0.00776
-0.05414
0.09280
-0.03506
0.03538
-0.06025
0.01108
-0.05048
0.00231
-0.01197
-0.08326
0.01063
-0.04095
-0.05549
-0.01527
0.04747
-0.06399
-0.03333
0.01299
-0.04799
-0.06542
-0.01423
-0.04667
0.00869
0.03161
-0.10087
-0.03763
-0.00881
0.04086
-0.03963
0.01063
-0.01619
0.03163
-0.00956
-0.00470
-0.02578
0.01784
0.00848
-0.00540
0.04965
-0.03680
-0.01544
-0.02888
-0.04659
-0.01802
-0.01120
-0.08524
0.03579
-0.05800
-0.00998
-0.00874
0.03294
-0.04943
-0.01885
0.06108
-0.01902
0.02558
0.00233
0.01146
-0.01098
0.03681
0.11237
-0.06624
0.04471
0.00317
0.02843
-0.00390
0.01076
0.03404
-0.04613
0.00033
0.00228
-0.03931
-0.00819
0.03963
0.02024
-0.05031
-0.00408
-0.03993
-0.08048
0.01704
0.03328
-0.03576
0.09346
0.00488
0.00286
0.11339
0.00534
0.03354
0.06293
0.04357
-0.04363
0.01401
-0.02102
-0.00237
-0.00199
0.07376
0.01994
0.08881
0.04966
-0.03341
0.05245
-0.00077
0.01001
0.01175
-0.02532
-0.01589
0.00883
-0.01676
-0.02534
0.04909
0.01019
0.03956
0.02370
-0.03014
0.02892
-0.00756
-0.01289
0.00229
0.05990
0.00719
-0.07771
-0.01106
-0.01312
-0.01512
0.05794
0.00969
