-0.07502
0.01080
-0.06417
0.04824
0.02916
0.02777
-0.01365
0.01723
-0.00102
-0.04127
-0.00129
0.05002
0.02351
0.01062
0.01994
0.03169
0.01394
0.04996
-0.04781
-0.03366
-0.07578
-0.00537
-0.01705
-0.02849
0.02105
-0.03770
-0.02678
-0.02157
0.01920
0.02749
0.05012
0.00909
0.00783
0.01696
-0.08163
0.04007
0.03405
-0.04360
-0.05008
0.09124
0.01187
-0.04072
0.01246
0.01914
0.06615
-0.00159
0.04137
0.02801
-0.00535
-0.05109
0.02383
0.03955
0.04721
-0.03245
-0.06563
0.01476
-0.06905
0.01874
0.00749
-0.06624
0.01517
0.01822
-0.04180
-0.05524
-0.07338
0.08501
-0.06746
0.04613
-0.04723
0.00968
0.01855
-0.02392
0.00197
-0.01943
0.04386
-0.04718
-0.02056
0.00645
-0.03806
-0.00979
-0.01163
0.03415
-0.01707
-0.00194
0.00725
-0.02161
0.00038
0.07294
-0.02270
0.01438
0.02421
0.01202
0.04458
-0.02501
0.05435
-0.02661
0.01279
0.00399
-0.01224
0.06320
0.02031
0.05240
0.05672
-0.07125
0.00334
0.02002
-0.01111
-0.04481
-0.00956
-0.01020
0.04402
0.02594
-0.06621
0.02742
0.04628
0.03212
0.03390
-0.02209
-0.06227
-0.02216
-0.01359
0.03696
-0.00443
0.06424
-0.01068
-0.07324
-0.01763
0.03853
0.05570
-0.02577
0.03648
-0.02979
0.07196
-0.02071
0.00271
-0.01538
0.04003
-0.06557
0.02372
0.01333
-0.00941
-0.00819
-0.06288
0.04798
0.10744
-0.02682
-0.02612
-0.02817
0.06670
-0.02501
-0.00504
-0.02558
0.00561
0.01105
0.09787
-0.04811
0.09393
-0.02728
0.04558
0.01016
0.03269
0.02599
0.02685
0.01890
0.04823
0.00455
-0.05382
0.03444
-0.00382
-0.01819
-0.04296
0.05449
-0.00467
0.05107
-0.03866
-0.01119
0.04509
-0.03066
-0.03731
0.03617
-0.01230
-0.02662
-0.04466
0.02782
0.03770
0.04534
-0.01379
0.01541
0.01443
0.03957
-0.03744
-0.05080
0.02369
0.01761
0.01150
-0.01850
0.04782
-0.01294
0.03406
0.01722
-0.00594
-0.10350
0.01474
-0.03326
0.00519
-0.04606
0.01808
0.00997
0.00248
0.04579
-0.06624
0.00519
0.02367
0.03955
0.01810
0.06454
-0.05892
0.01754
0.00939
-0.11342
-0.02390
-0.02215
-0.00312
-0.02282
0.02991
-0.01540
0.00939
-0.00581
0.00573
0.06335
-0.06597
-0.02226
0.03597
0.00333
-0.01185
0.01673
-0.00458
-0.01649
0.04099
-0.03233
-0.01608
-0.00503
0.05049
-0.03415
0.03834
-0.00249
0.01651
0.02642
-0.01949
0.01351
0.02030
0.03882
-0.01931
-0.04959
0.06699
0.00496
0.09616
-0.02752
0.05338
0.01828
-0.02994
0.01250
-0.05405
0.00558
0.03809
-0.02449
-0.00565
-0.05206
-0.03875
-0.00635
-0.11776
-0.04803
-0.05097
-0.01958
0.01449
-0.03966
0.02392
0.00920
0.01810
0.02297
0.04930
-0.00504
0.02360
0.02930
0.02657
-0.00310
-0.03855
-0.00456
0.00497
-0.02666
0.00384
0.03677
0.03301
-0.05275
-0.01151
0.05125
0.01381
0.02076
0.06176
0.09079
0.02477
0.03634
0.00900
-0.03451
0.02215
-0.01739
0.03467
-0.06416
-0.04033
-0.03057
-0.00986
0.03625
0.02632
-0.04123
0.01500
-0.01687
0.01003
-0.01155
0.00565
0.03128
0.04328
-0.02769
-0.04501
0.04615
-0.00017
-0.00911
0.02085
0.03755
0.02993
0.07065
-0.02110
0.01888
0.00247
0.01683
-0.06451
-0.00692
0.00266
-0.01803
0.08831
-0.00937
-0.02906
-0.04492
0.03876
0.04377
0.02319
0.01154
0.01853
-0.02354
0.03047
0.00248
0.02274
0.01618
-0.00767
-0.03696
0.10745
0.00191
-0.01919
0.00714
0.00424
-0.03752
-0.00144
-0.04998
-0.07112
-0.04137
0.03433
-0.00873
0.00465
0.03715
-0.04145
-0.06241
0.03419
-0.09744
0.04807
-0.00667
0.03423
0.00120
-0.04048
0.03785
-0.03151
-0.05805
-0.06399
-0.03934
-0.03998
-0.00440
-0.09460
-0.00848
-0.07273
-0.05802
0.04975
-0.01570
-0.00222
0.00195
0.01755
-0.01256
-0.04771
0.02527
0.03697
0.01369
-0.01423
0.04027
0.00052
0.03156
-0.01705
-0.03476
-0.04193
0.01471
0.02961
0.00443
-0.01349
-0.02464
0.01447
-0.01995
0.04305
-0.03328
-0.00619
0.08553
-0.01687
0.02210
0.01129
-0.02829
0.00041
-0.01005
-0.04503
0.01118
-0.05500
-0.00049
-0.00879
0.01958
0.02139
0.01168
-0.05131
0.01008
-0.02825
-0.00867
-0.01776
-0.03994
0.00269
-0.00098
-0.04267
-0.00124
0.05584
0.03879
-0.02046
0.04550
-0.04097
0.02172
-0.02962
-0.09448
0.07681
-0.01110
-0.00974
0.02480
-0.05381
-0.00555
0.00542
0.00824
-0.01423
0.03445
0.02789
0.02115
-0.00626
-0.03187
0.01641
-0.04840
0.01501
0.02286
-0.04881
0.00906
0.01575
0.06299
-0.03470
0.04312
-0.05142
-0.02745
-0.02070
-0.05526
-0.03683
-0.04003
0.08831
0.05723
-0.03822
-0.04636
-0.05927
-0.01582
0.05737
-0.00680
-0.01236
-0.04222
0.06085
-0.04459
0.00392
0.01281
-0.04730
0.00875
-0.00346
-0.04572
-0.00276
0.02724
0.06264
0.07315
-0.06441
0.00105
-0.01587
0.00906
-0.06502
0.07945
0.09891
-0.04426
0.03159
-0.02273
0.05673
0.03248
