-0.04456
-0.04291
-0.02659
0.02713
0.05072
0.06116
0.02542
-0.03524
-0.04193
0.01225
0.00412
0.01431
0.01524
0.02819
-0.05369
0.03705
0.00317
0.08168
-0.01651
0.00860
-0.04489
0.00890
0.02272
-0.04097
0.01137
-0.02677
-0.04303
-0.02548
-0.00716
-0.02135
-0.05950
-0.02005
-0.03566
-0.02137
-0.00568
-0.00154
0.06912
-0.08261
-0.01968
-0.02986
0.01020
0.03041
-0.05088
-0.04076
0.03781
0.03103
-0.01114
-0.00321
0.01586
0.00884
-0.00780
-0.06027
-0.03073
-0.01435
-0.07575
-0.04310
-0.08275
0.03726
-0.00420
-0.01721
0.06798
0.00468
-0.00881
0.01298
-0.08797
0.00853
0.04477
0.02667
0.01326
0.03345
-0.04551
-0.00537
0.05456
0.06196
0.03402
-0.05242
0.02564
0.04927
0.04974
-0.03052
0.00015
0.02105
0.00651
-0.01265
0.00934
0.03661
0.09198
0.01892
-0.06134
0.00016
0.00572
-0.03473
0.02786
0.04446
0.00419
0.00762
0.08177
-0.01494
-0.03297
0.07852
0.00360
0.01575
0.01769
-0.01990
-0.05117
-0.08735
-0.02011
-0.00476
-0.02847
-0.06427
0.07067
-0.01931
-0.00003
0.01042
0.02596
-0.02134
0.04722
-0.00672
0.03110
0.02984
0.06290
0.00866
-0.02742
0.04083
0.04315
-0.02860
-0.00245
0.09223
-0.02533
-0.00126
0.01755
-0.07623
-0.04803
0.00533
-0.02311
-0.02695
0.04106
0.01175
0.01145
0.07826
-0.01221
0.02636
-0.00006
0.06129
0.02791
-0.02928
-0.04482
-0.00472
0.04826
-0.03873
-0.02809
-0.02342
-0.01829
-0.03430
0.09063
-0.08068
0.05708
0.02682
-0.05294
0.06129
-0.04299
0.01028
-0.00757
0.00244
0.02842
0.04055
0.00621
-0.01397
-0.00509
0.02577
-0.02020
0.04036
0.01416
-0.00595
0.00975
-0.01066
0.03233
0.04880
-0.03554
0.09057
0.03042
-0.00148
-0.00574
0.05382
0.02610
0.00431
-0.03475
-0.07896
0.01077
-0.00485
-0.03128
-0.02700
0.01691
-0.01206
0.04301
-0.00896
-0.04069
0.03653
0.02767
0.03894
0.01322
-0.03949
-0.06524
-0.00322
-0.02181
-0.00854
-0.05629
0.04013
0.02944
0.00033
-0.00741
-0.06818
0.02813
-0.00229
-0.00085
0.08835
-0.05002
0.03490
-0.01306
-0.01874
0.04413
0.04453
0.01304
-0.04472
0.02261
0.07877
-0.01633
-0.01112
0.04412
0.03297
-0.00299
0.04656
-0.03471
-0.00396
0.00305
0.06277
-0.01411
-0.11503
0.04457
0.06242
-0.01251
0.02055
-0.02161
0.03791
0.04874
-0.05996
0.01354
0.00211
0.04110
-0.00877
0.01424
0.01091
-0.03848
-0.04766
0.08359
-0.04335
-0.00475
-0.02989
-0.04943
0.03647
-0.05822
0.08373
-0.04818
0.01452
-0.01829
0.00287
0.03919
-0.07321
0.02985
-0.03459
-0.06910
-0.00346
0.00594
-0.02491
0.01981
-0.03685
0.01501
-0.03588
0.04481
-0.04329
0.05004
0.05188
-0.02512
0.04155
0.04195
-0.03023
-0.00917
0.02034
-0.01942
-0.02599
-0.05804
-0.03048
0.01591
-0.01417
0.03153
0.04972
-0.03855
0.08979
-0.04025
0.00343
0.07261
0.03001
0.06311
0.11141
-0.02635
0.01455
-0.03151
-0.10231
-0.05096
-0.02394
0.01425
0.04012
0.03145
-0.05964
0.04749
-0.03890
-0.02397
0.01213
-0.02993
0.03190
0.07046
0.05050
-0.02181
-0.00774
0.01142
-0.03370
-0.00248
-0.04815
-0.00522
-0.04909
-0.04720
-0.03810
0.03879
0.03620
0.01786
-0.01211
0.06429
-0.00294
-0.00319
-0.01662
0.06599
0.04215
0.06534
-0.01890
-0.01999
0.06179
-0.04028
-0.03038
0.00687
-0.02308
0.01462
-0.04973
0.00051
0.05584
0.01476
-0.00550
0.04339
-0.01082
-0.02623
0.00505
0.03369
0.00310
0.00276
0.03262
-0.02516
-0.05614
0.02822
-0.01789
-0.09003
-0.03419
0.02706
0.01970
0.01022
0.03159
-0.00978
-0.00015
-0.06297
0.03145
-0.04122
0.01712
-0.00174
0.03472
0.00857
0.04761
0.04894
-0.02461
-0.08388
-0.01120
0.01736
0.07155
-0.00727
0.05309
0.00280
-0.03058
-0.07999
0.06584
0.06835
-0.05480
0.00474
0.03622
-0.06346
0.00187
-0.08099
0.00143
0.01852
-0.02440
-0.00836
0.00523
0.04399
-0.01834
0.00780
-0.04304
0.02778
0.02340
-0.01007
-0.01034
0.00128
0.06114
0.01675
-0.03211
-0.02049
-0.06293
-0.02353
-0.04118
0.01492
0.04640
0.05372
-0.06435
-0.08306
-0.01802
0.02600
0.02948
0.00278
0.01157
-0.01091
-0.02030
0.03845
0.02130
-0.00941
-0.02261
0.00233
0.04121
-0.04184
0.07053
-0.04535
-0.02017
-0.02428
0.00872
0.09973
-0.07994
0.05171
-0.03579
0.01947
-0.01299
0.03673
-0.01845
0.02287
0.00729
0.00330
0.01352
0.01522
0.01617
0.00881
-0.01999
0.04142
0.06593
0.00653
-0.01308
0.04428
-0.02385
-0.00485
-0.00446
-0.04861
0.00082
0.00588
-0.01930
0.02764
-0.05305
0.01053
0.05395
-0.01493
0.05364
-0.00366
0.00722
0.02730
0.00653
0.01458
-0.07758
0.07035
0.00407
-0.01197
0.04641
-0.05350
0.01523
0.06492
-0.03493
-0.01766
0.04484
0.01221
0.04413
-0.00672
0.03081
0.02772
-0.05702
0.03798
0.03221
0.03233
-0.00880
-0.00890
-0.04989
-0.00744
0.03979
