-0.02807
-0.04267
-0.06156
0.03450
0.05871
0.01189
0.04875
0.05294
0.05660
-0.08265
-0.04220
0.03398
0.00633
-0.00347
0.00090
0.03487
0.01263
0.00640
0.03347
-0.04917
-0.04082
-0.01926
-0.01378
-0.04829
0.01161
-0.10901
-0.03410
-0.04057
0.01683
0.04200
0.01056
-0.01237
-0.01262
-0.01542
-0.01062
0.01541
0.04047
-0.01242
-0.06324
0.06818
0.02294
0.04057
-0.02346
0.00249
0.04817
0.00054
0.02797
0.03130
-0.04468
-0.02614
0.00460
0.00216
0.04484
0.01736
-0.05861
0.01783
0.01503
0.03643
0.02102
-0.04132
-0.01503
-0.00142
0.00384
-0.03350
-0.06101
0.08807
-0.01597
0.02574
-0.01278
-0.08612
-0.06384
-0.04670
0.00003
-0.03146
0.08337
-0.03405
0.02896
0.01448
-0.04445
0.01475
-0.01621
0.00802
-0.00744
-0.03119
0.00244
-0.00109
-0.01809
0.01420
-0.01594
0.01538
0.06459
0.02356
0.06210
-0.07362
-0.00360
-0.00514
-0.00126
0.00666
-0.07218
0.04712
0.03276
-0.02008
0.03700
-0.05031
0.01110
0.01914
-0.00272
-0.03202
-0.00115
-0.00668
0.04150
0.08008
-0.05499
-0.02832
0.04183
0.01207
0.02900
-0.00216
0.00237
0.02593
-0.07739
0.03706
0.06582
-0.01125
0.01487
-0.03081
0.01790
-0.05453
0.00840
-0.00705
-0.00247
-0.01725
0.07019
-0.02561
0.00877
0.03700
0.02241
-0.01486
0.07590
-0.03510
-0.02748
0.03032
-0.05599
0.09705
0.10894
-0.00408
-0.02499
0.03871
0.03385
0.00059
0.03080
-0.05711
-0.04877
-0.03121
0.04314
0.00657
0.01901
0.05711
0.04329
0.03199
0.03641
-0.02047
-0.02261
-0.00139
0.01456
0.08935
-0.06332
0.02303
0.00787
0.02303
-0.00025
-0.00865
0.07252
0.00265
0.03860
0.00017
0.03550
-0.07481
-0.04690
-0.03217
-0.01286
0.00128
-0.04288
-0.03075
-0.01658
0.04133
0.01622
-0.01845
0.02523
-0.00840
-0.01478
-0.04411
0.05050
0.02082
0.02525
-0.03374
0.05770
0.04673
-0.01432
-0.01433
-0.01776
-0.06253
0.07573
-0.05375
0.01999
0.00077
0.03502
0.00237
0.07274
0.06457
-0.04321
0.00600
-0.00284
-0.00743
-0.00577
0.04149
-0.04201
-0.03317
0.01122
-0.03469
-0.03333
-0.03773
-0.02548
-0.03950
0.00027
-0.00147
0.02068
-0.04227
-0.04453
0.04513
-0.03355
0.01732
0.00237
-0.01716
0.00899
0.05145
0.04968
-0.02376
-0.03076
-0.00044
0.00400
-0.01613
0.04568
-0.01123
-0.00711
-0.01490
0.00099
-0.04395
-0.07172
-0.00782
0.06006
0.04138
-0.03485
-0.00601
0.02239
-0.02659
-0.01462
-0.03841
0.05707
0.01281
-0.03935
0.03435
0.00526
0.00610
-0.01713
0.04622
-0.00665
-0.02551
-0.09648
-0.05836
-0.10124
0.01205
-0.06989
-0.01783
-0.03170
-0.09515
-0.00143
-0.01608
0.00566
-0.01265
0.01437
0.06051
0.04182
-0.00235
-0.02917
-0.01733
0.00160
-0.00947
0.00984
-0.02110
-0.02981
0.01316
0.00003
0.00232
0.01414
0.05185
0.02964
0.00522
0.01655
0.04731
0.02963
0.07424
0.01929
0.03581
-0.02212
0.02421
0.01302
-0.03652
0.01467
0.00043
-0.02721
0.04473
0.04801
0.00488
0.00584
-0.02088
0.02186
0.01103
0.00346
-0.02873
0.03517
-0.01449
-0.00289
0.02057
0.01894
-0.00768
0.06283
-0.01421
-0.02676
0.04932
-0.02814
0.03216
0.01311
0.00283
-0.10937
-0.00489
0.01297
0.00400
0.11489
-0.01399
0.02813
-0.03472
-0.00245
0.04243
-0.02353
-0.06135
0.01333
-0.00275
-0.04853
-0.03798
0.00843
0.03697
0.02559
-0.04106
-0.00836
0.01223
0.07632
0.02954
-0.01672
-0.02451
-0.01794
0.00365
-0.04235
0.06278
0.02872
0.08248
-0.02172
0.00004
0.00676
0.03453
-0.02354
-0.02510
-0.01146
0.01263
-0.04297
0.00390
-0.00064
-0.08363
0.01821
-0.02528
-0.05866
-0.04079
0.00349
-0.00366
-0.04814
0.07896
-0.01237
-0.03296
-0.00420
-0.06194
0.05951
0.02264
0.00575
-0.02495
0.01691
0.03919
0.08915
0.01636
0.04263
0.00337
0.00559
0.01113
-0.03568
-0.00542
-0.02009
-0.01478
-0.04260
-0.03994
0.03170
-0.00724
0.02781
-0.01869
-0.05375
-0.08864
-0.03885
0.02104
-0.02886
-0.02691
0.05286
0.00348
-0.06283
0.03486
0.02561
0.01784
-0.03617
-0.00152
-0.02190
0.05801
-0.04377
0.00147
-0.03616
0.04024
-0.00666
0.01007
-0.03568
-0.06579
0.05955
0.02385
-0.01715
-0.04020
0.00420
-0.07330
0.05164
0.02212
0.03662
0.01362
-0.00487
-0.06722
-0.00057
-0.00969
-0.01954
-0.02232
-0.09515
-0.02219
-0.02105
-0.02430
0.02438
0.00333
0.02321
0.03773
0.01696
0.01196
-0.01786
-0.06637
-0.05677
-0.00752
-0.02310
0.02186
0.00458
0.02030
-0.02666
0.00546
-0.01814
-0.00652
0.01507
-0.02052
-0.05454
0.00153
0.07658
0.02692
-0.03695
-0.02594
0.01385
-0.01529
0.05119
0.03917
-0.05243
-0.07005
0.02592
0.02160
-0.00430
-0.02896
-0.02322
-0.02449
0.04667
0.03236
0.02130
-0.00139
0.04293
0.08129
-0.04751
-0.02525
-0.00166
0.02113
-0.03102
0.06443
0.09779
-0.02268
0.03640
-0.01594
-0.06358
-0.03837
