-0.01871
-0.00913
-0.06789
0.04818
0.06024
-0.01829
0.00491
0.04769
0.03368
0.02183
-0.00543
0.03924
-0.03834
-0.00102
0.01042
-0.04031
0.07536
0.09836
-0.03034
0.01570
0.01005
0.05656
0.00503
-0.04891
-0.02422
-0.05086
0.00081
0.03472
0.03930
0.00401
0.02084
0.00276
0.01121
-0.01529
0.05471
-0.05414
-0.11857
-0.07430
-0.03750
0.06159
-0.02419
-0.01268
-0.04799
-0.05641
-0.00139
0.01453
-0.00904
-0.03458
-0.00676
0.00681
0.01050
-0.04005
0.09678
0.01361
-0.01925
-0.03988
-0.04303
0.00947
-0.01126
-0.00783
-0.00943
0.01069
0.00800
0.05568
-0.02642
-0.02729
-0.02768
-0.02811
-0.00632
-0.04549
-0.05505
-0.01327
-0.05773
-0.04265
0.08482
-0.01327
0.03738
-0.00402
0.05489
0.01694
-0.01645
-0.02115
-0.03140
-0.05815
0.02477
-0.00767
0.00863
0.01973
-0.01444
-0.02357
0.00291
-0.02017
0.07061
-0.04083
0.01115
0.06834
0.00789
0.02449
-0.00607
0.04990
0.02384
0.04494
0.06703
0.00768
0.06111
0.00464
-0.03989
0.00392
0.04939
0.01688
0.04774
0.00645
-0.00327
-0.05791
-0.00954
-0.01298
-0.02123
0.03180
-0.06476
0.04704
-0.00188
0.01700
-0.07145
0.02921
-0.00116
-0.02525
0.03705
-0.08692
-0.02817
0.00128
-0.01770
-0.01953
0.05996
-0.08171
0.03649
0.03646
0.04033
-0.02200
0.05472
0.01388
0.02067
0.07222
-0.04592
0.04142
0.02334
0.00958
-0.08836
0.02279
-0.04188
0.00961
-0.04932
0.02465
-0.02955
0.03141
0.08914
-0.06876
0.00361
0.01216
-0.03493
-0.02398
0.00581
0.04117
0.01866
0.04218
0.01731
0.03746
0.02306
0.04682
-0.03694
0.02167
-0.06782
-0.00673
0.05041
-0.00904
-0.04469
0.02948
-0.07896
0.00070
-0.05757
-0.01261
-0.01149
-0.04590
-0.01331
0.03784
0.06188
0.02680
-0.02190
-0.09037
-0.01301
0.05037
-0.04746
0.00914
0.06952
-0.00118
0.02081
0.00432
-0.02917
-0.03131
0.07166
-0.10991
0.04099
-0.02195
0.03240
-0.08439
-0.01141
-0.08780
-0.00201
-0.02622
0.02138
0.07415
-0.02501
0.01770
-0.03784
-0.04801
-0.01450
0.05517
-0.01258
0.01750
-0.05765
-0.05118
0.05819
0.08074
0.04050
0.07089
0.06019
-0.05449
0.02361
-0.03883
0.01241
0.02020
-0.00772
-0.02730
0.02746
-0.06652
-0.01196
0.04289
-0.04665
0.00342
0.03333
0.03737
-0.03780
-0.05955
-0.01580
-0.02378
0.03036
0.03295
0.00156
-0.06684
0.05078
-0.01170
-0.00400
0.06734
0.05097
-0.01276
0.02538
-0.02174
0.00764
0.00978
-0.01825
-0.00397
-0.00846
0.04503
0.02368
-0.00663
0.03353
-0.05662
-0.03696
0.03643
-0.05567
-0.07030
-0.02752
-0.00460
0.01519
-0.03350
0.04665
0.02011
-0.00238
-0.02820
-0.06450
0.03876
0.05425
0.04234
-0.03358
0.03195
-0.01495
0.04550
0.04174
0.02695
-0.08489
0.00437
-0.04725
-0.03828
0.06882
-0.07167
-0.00570
0.03476
0.01897
-0.04313
0.02776
0.00054
0.07937
0.05178
-0.01844
-0.00032
-0.05050
-0.01540
0.05776
-0.04668
-0.03721
-0.03979
-0.09663
0.00573
0.03397
-0.01213
0.06779
0.00647
0.01289
-0.00438
0.04741
-0.07340
-0.00616
-0.02405
0.02350
-0.02833
0.01485
-0.07372
-0.02237
0.01485
0.00085
0.06956
-0.04003
0.12655
-0.00819
0.04069
-0.04564
0.05982
-0.01815
0.00335
-0.04716
0.00858
0.03635
-0.03692
0.00971
0.04428
0.06876
0.02002
0.00884
0.03777
-0.01837
-0.03887
0.00558
-0.02268
-0.02008
-0.02431
0.03766
0.02434
0.02599
-0.01166
-0.00101
-0.01302
-0.01343
0.01587
-0.06593
0.04010
0.02119
0.04944
-0.01164
0.05661
-0.00608
-0.02175
-0.03945
0.00083
0.04787
0.06592
-0.03920
0.02341
-0.05126
0.06823
-0.07218
-0.04135
-0.04923
0.03458
-0.02240
-0.02142
-0.00077
-0.00595
-0.00714
-0.01454
-0.01344
0.04581
-0.01892
0.03702
-0.04487
0.01750
-0.01486
0.01394
-0.03423
0.01636
0.07747
-0.00835
-0.03003
-0.01476
-0.01164
0.01029
0.02543
0.03643
-0.03753
0.00738
0.01736
-0.08426
0.01750
0.02093
0.01633
-0.07157
-0.08236
0.01613
0.04338
-0.01024
0.00661
-0.03746
0.08272
-0.00422
0.02442
0.04901
0.02367
-0.00775
0.00054
-0.04650
-0.02451
-0.03166
-0.11924
-0.02492
0.03531
-0.05348
0.01704
-0.08470
-0.02189
-0.05158
-0.04265
0.01223
-0.01632
-0.00334
-0.01421
0.02995
-0.00546
-0.03522
-0.00709
-0.01277
-0.03093
-0.03624
0.01901
-0.05184
0.02158
0.03305
-0.02734
-0.02409
-0.02338
0.03088
0.03260
0.04958
0.00531
0.07489
0.01001
-0.01154
0.05453
0.08478
0.03181
-0.10256
0.01428
-0.01636
-0.06930
-0.03832
-0.03016
0.03033
-0.01770
0.06274
-0.03165
-0.07466
0.12012
-0.00704
0.05391
0.00511
-0.05859
-0.01315
0.04590
-0.06798
-0.01334
-0.02029
0.00947
-0.03510
0.01681
-0.01499
0.02563
0.02254
0.04152
-0.00497
0.04599
-0.00579
-0.00879
0.01976
-0.01004
0.00607
0.04151
-0.05283
0.01082
0.03603
0.03206
0.00649
0.02914
-0.10876
-0.06363
0.02152
