-0.02269
0.05489
0.01411
0.02893
0.01708
-0.07316
-0.03728
-0.00932
0.02848
-0.07301
-0.01201
-0.06813
-0.04227
0.00550
0.02599
0.00217
-0.01262
0.02509
0.01323
0.04417
0.04449
0.02840
-0.04453
0.01015
0.02835
-0.00530
0.06345
0.00013
0.09805
-0.00467
-0.00556
0.00581
0.01382
-0.01949
0.03672
-0.03146
0.00365
-0.05379
0.09968
0.03694
-0.03174
-0.06202
-0.03988
-0.01600
0.02898
0.02051
-0.03999
-0.02002
0.08503
0.09123
0.05454
0.00229
-0.09772
-0.02460
0.06245
0.00300
0.01330
-0.04930
0.05258
-0.02923
0.01728
-0.03591
0.01289
-0.02632
-0.02046
0.04418
-0.04372
0.03489
-0.02364
-0.09530
-0.01675
0.01573
-0.02629
0.03797
0.04927
0.00351
0.06603
-0.04494
-0.06781
0.00895
-0.00329
-0.01549
0.04198
-0.03059
-0.00047
-0.04586
0.05086
-0.00660
0.03748
0.06356
-0.02770
-0.04671
0.07358
0.03351
-0.10552
0.00269
-0.06190
0.00962
-0.02697
-0.00554
-0.00804
-0.00674
0.07053
-0.06413
-0.03957
-0.03776
-0.00206
-0.03691
-0.01725
-0.01458
0.01626
-0.03680
0.00339
0.09050
0.03606
0.00330
-0.00054
0.00660
-0.01760
-0.00477
0.03252
0.05723
0.00454
0.09285
0.01035
-0.04129
-0.00256
-0.04524
0.02255
0.05930
0.04399
-0.02836
-0.05244
-0.02227
0.01874
-0.02073
-0.00019
-0.01500
-0.01671
-0.00794
0.05403
0.04371
-0.05862
-0.03502
0.10567
0.05858
0.02810
-0.00884
0.01274
-0.04832
-0.00488
0.06211
0.03319
-0.03188
-0.02456
-0.07237
0.04352
-0.02466
0.00530
0.02395
-0.01313
-0.06809
-0.02591
-0.00305
0.01273
-0.01029
0.05880
0.04182
-0.03468
-0.03347
0.00140
0.05152
0.04649
-0.03969
-0.01826
-0.07685
-0.05299
-0.05338
-0.00197
0.08553
0.12013
-0.03538
-0.03348
-0.01902
-0.00820
0.01042
-0.08037
-0.07134
-0.07262
0.05373
-0.05272
0.05905
0.01230
0.04542
-0.01763
-0.04755
-0.04535
-0.04266
0.01731
-0.03129
-0.05625
-0.02925
0.00036
0.05977
0.01430
-0.08685
0.00257
-0.00372
-0.03887
0.07857
0.07682
-0.03321
-0.01494
0.01782
-0.06446
0.03945
-0.05795
-0.04037
0.00614
-0.04831
0.04157
0.03186
0.00462
0.01773
-0.01817
0.06617
-0.00346
0.00762
0.06268
0.03863
-0.03376
-0.11787
0.00925
0.03852
-0.01060
0.06211
-0.07246
0.02302
0.02222
0.06135
-0.02246
0.00664
0.04292
-0.02763
0.00105
0.01982
-0.10352
-0.00906
0.06088
-0.07526
-0.02176
0.02321
-0.09214
-0.04830
0.04825
-0.04727
0.04260
0.01323
0.02869
-0.04307
-0.04797
0.01413
-0.01472
0.00540
0.04167
0.00245
0.02215
-0.04130
-0.04716
0.00256
-0.02972
0.01988
0.01030
-0.00520
0.06934
0.05625
-0.00303
0.01087
0.01576
0.04471
-0.01413
-0.05123
-0.02440
0.01668
0.06428
-0.01493
-0.01993
0.00419
-0.00756
0.04805
-0.04518
0.00963
-0.02300
-0.09618
-0.05351
0.07096
-0.07352
-0.03638
0.03565
0.02213
-0.04264
-0.00323
0.01436
0.00226
-0.05972
-0.07415
0.11649
0.03820
-0.07460
-0.04591
-0.01748
-0.00732
0.05065
-0.06353
-0.04826
0.01665
0.00942
-0.07471
0.02293
0.05560
0.01179
0.00010
0.02082
0.00772
0.04895
-0.07619
0.06112
-0.01349
-0.03416
0.02255
-0.05120
-0.06588
0.02727
0.05213
-0.04372
-0.01397
-0.05204
-0.04475
0.05269
-0.03391
0.01214
0.02274
-0.03121
0.05615
0.04671
0.07285
-0.00769
0.03231
-0.02854
0.04805
0.01297
-0.08279
0.00686
0.03811
0.00981
0.03248
-0.03260
0.00690
-0.06252
-0.01375
0.01017
-0.01037
0.03036
0.04553
0.06018
-0.07572
0.00497
-0.01502
-0.09286
0.00436
0.01804
-0.03310
-0.02458
-0.08231
-0.03401
-0.00641
-0.05494
-0.01481
-0.08288
-0.00105
-0.05589
0.04229
0.00927
0.03969
-0.01269
-0.02547
-0.09330
0.01423
-0.04896
0.01656
-0.01862
-0.03103
-0.05298
-0.07477
0.00969
-0.01638
0.08011
-0.00021
-0.07399
-0.00640
0.02247
-0.03862
-0.06180
0.00961
-0.04933
0.00380
-0.05627
-0.02947
-0.00586
0.02162
-0.07754
-0.01798
-0.01111
0.02546
0.01434
0.00400
0.00231
0.07836
-0.00477
0.03484
-0.04633
0.00642
0.00558
-0.06312
-0.02470
-0.02198
-0.03296
-0.00557
-0.01124
-0.01783
0.00016
-0.03171
-0.02245
0.01120
-0.08358
-0.02861
0.05366
-0.04467
0.03066
0.06125
0.07306
0.05365
-0.09474
-0.04479
-0.02857
0.05259
0.04683
-0.06656
0.02330
0.02343
0.06763
0.03067
-0.03076
0.07513
-0.01311
-0.02400
0.00312
-0.04062
0.00629
0.12029
-0.04151
-0.07559
-0.03075
-0.01207
-0.03222
0.03174
-0.02513
-0.02071
0.09819
0.00845
-0.03964
0.11961
0.04691
-0.03503
0.06215
-0.01503
-0.06578
-0.03495
-0.01449
-0.00030
-0.01554
0.04232
0.01847
0.08141
0.02115
-0.01659
0.04391
0.02292
0.01157
0.00967
0.00993
-0.00928
0.01983
-0.02529
-0.00439
0.04422
0.02069
0.00162
-0.01612
-0.03667
0.05576
0.00644
-0.00676
-0.02807
0.03915
0.05134
0.02849
-0.01426
-0.04016
-0.00850
0.08470
-0.02878
