-0.02057
0.06047
0.02098
-0.02027
-0.00503
-0.10791
0.01369
-0.05094
0.05069
-0.02953
-0.02155
-0.07141
-0.07858
0.00075
0.05944
0.02931
-0.00348
-0.00306
-0.01060
0.10689
0.01123
0.00657
-0.03752
0.02587
0.01861
-0.05475
0.02882
-0.02728
0.01607
-0.02000
-0.04205
0.02721
-0.03389
0.04706
0.05009
-0.02733
0.03792
-0.03150
0.08311
0.02662
0.02138
-0.06971
-0.05425
-0.01542
-0.01239
0.01793
-0.00955
-0.02251
0.08297
0.12280
0.09023
-0.00124
-0.11235
-0.02408
0.06159
-0.03180
-0.04963
-0.05266
0.06359
0.00610
-0.02811
-0.02554
0.04643
-0.00341
0.00799
0.00278
-0.03203
0.02485
0.01084
-0.08113
-0.02726
0.00330
-0.03485
0.02848
0.02414
0.00510
0.05863
-0.06844
-0.00095
-0.00010
0.01029
-0.01367
-0.00173
-0.05856
-0.01305
-0.01513
0.04853
-0.04852
0.02658
0.06038
-0.03352
-0.00272
0.04790
0.00015
-0.11235
-0.02639
-0.05613
0.02223
-0.00844
-0.06041
0.00376
0.02446
0.01047
-0.06186
-0.03460
-0.02245
0.01562
-0.01485
-0.03535
-0.01540
-0.02455
-0.10706
0.04852
0.11111
0.01785
0.01833
0.02665
-0.00945
-0.04945
-0.02745
0.01188
0.06995
0.04371
0.07176
0.04820
-0.03051
-0.00269
-0.04320
-0.03940
0.07161
-0.00383
-0.04799
-0.05796
-0.06006
0.03753
-0.05795
-0.04580
-0.02004
-0.01539
0.00506
0.09953
0.04585
-0.00824
0.01493
0.05539
0.07255
0.01917
0.04478
-0.00311
-0.01793
-0.02201
0.03968
0.04065
-0.03603
-0.06763
-0.07198
0.04106
-0.01115
-0.03623
0.02785
0.00135
-0.05307
-0.02328
0.00028
-0.00899
-0.01252
0.01168
0.02366
-0.00238
-0.07160
0.00228
0.04456
0.04491
-0.00229
-0.02313
-0.05611
-0.04362
-0.03434
0.00385
0.07015
0.07286
-0.01616
0.02723
-0.01775
-0.04025
-0.00978
-0.03898
-0.04054
-0.07141
0.04894
-0.00383
0.06569
0.02861
0.06864
-0.01364
-0.04568
-0.01569
-0.03973
0.02113
-0.05448
-0.05296
-0.04974
0.03683
0.07339
0.07298
-0.08210
0.04335
0.05582
-0.03655
0.08648
0.03939
-0.01481
-0.03643
-0.03497
-0.06205
-0.00521
0.00463
-0.05696
-0.01315
0.03486
0.04700
0.06558
0.02215
0.00181
0.02583
0.10233
0.02670
0.03058
0.01705
0.07894
-0.01843
-0.11191
-0.01806
0.04393
-0.00562
0.07189
-0.07382
0.01492
-0.01207
0.05366
0.01565
-0.00674
0.01854
0.00787
-0.00592
0.02831
-0.07881
0.01003
0.08872
-0.08838
-0.03338
0.04298
-0.06620
-0.04797
-0.00511
-0.06759
-0.00502
-0.01316
-0.05545
-0.01484
-0.00944
0.00762
-0.00631
-0.01399
0.02638
0.04136
-0.01040
-0.02273
-0.01352
-0.01983
-0.02107
-0.00281
-0.01791
0.01541
0.00818
0.04826
-0.05931
-0.03106
0.04876
0.05909
-0.07269
-0.04013
-0.00818
0.02523
0.05114
-0.03567
-0.01884
0.02182
-0.01761
0.05839
-0.08224
0.07112
0.02797
-0.09419
-0.01409
0.04426
-0.08349
-0.03942
0.02126
-0.01437
-0.04661
-0.00180
-0.03506
0.01986
-0.01276
-0.05946
0.09698
0.01427
-0.02889
-0.02309
0.02464
0.01338
0.01558
-0.09421
-0.01521
-0.04671
-0.01662
-0.02662
0.00631
-0.00028
0.00340
0.01587
0.04543
0.03885
0.04212
-0.04780
0.02234
-0.00847
-0.05721
0.04584
-0.07933
-0.05783
0.00412
0.01814
-0.03605
0.00322
-0.01328
-0.03104
0.06118
-0.00120
-0.00877
0.00562
-0.07715
0.01371
0.05530
0.06700
-0.00870
0.05510
-0.04781
0.05716
0.01541
-0.06818
0.00718
0.03010
-0.01533
0.05645
-0.03393
-0.00284
-0.05897
-0.00583
0.03670
0.00470
0.02167
0.02742
0.03685
-0.06942
-0.01969
0.00071
-0.06931
0.00775
-0.02582
0.00892
-0.01505
-0.03682
-0.04086
0.01277
-0.06103
-0.03820
-0.06874
0.04574
-0.02825
0.06846
0.01429
0.02162
0.04142
-0.00911
-0.05466
0.09505
-0.05243
0.02556
-0.03506
-0.01824
-0.06451
-0.03236
-0.01289
-0.08252
0.01416
-0.05009
-0.08203
-0.01212
0.04302
-0.07287
-0.02917
0.00541
-0.06270
-0.06034
-0.00343
-0.04401
-0.00492
0.01459
-0.11152
-0.04714
-0.01638
0.05651
-0.03798
0.01083
-0.03344
0.04667
-0.01845
0.00041
-0.04373
-0.00617
-0.01304
-0.00398
0.03118
-0.03021
-0.01347
-0.00688
-0.03958
-0.02736
-0.01070
-0.07786
0.04697
-0.05031
-0.04293
-0.00695
0.02582
-0.05794
-0.01960
0.04365
-0.01710
0.01327
-0.00370
0.01057
-0.01962
0.03975
0.12837
-0.07041
0.03553
0.04047
0.03302
0.00867
0.00206
0.04980
-0.05741
-0.00751
0.01548
-0.03205
-0.01612
0.07676
-0.01688
-0.06057
0.00602
-0.02050
-0.10311
0.02205
0.00589
-0.01097
0.10382
0.00559
0.00309
0.11831
0.01421
0.01105
0.06158
0.03052
-0.05610
0.02348
-0.01880
-0.01264
-0.01522
0.03597
0.02314
0.07957
0.06691
0.00156
0.04693
-0.00971
0.04218
0.02100
-0.02714
-0.04353
0.01296
-0.00656
-0.02243
0.04506
0.03328
0.01197
-0.00413
-0.03059
0.06682
-0.01058
-0.02074
0.01955
0.04767
0.02095
-0.04004
0.00895
-0.01246
0.01025
0.05547
-0.01418
