-0.00056
-0.01551
-0.05078
-0.02174
0.05851
0.03333
0.07203
0.00287
0.00633
-0.04649
-0.01168
0.04659
0.01042
0.01331
0.00178
0.05355
0.04587
-0.04727
0.01836
-0.02905
0.02909
-0.03464
0.01804
0.00903
0.06183
-0.06523
0.00770
-0.03004
0.01786
-0.00139
0.01261
-0.02925
-0.02715
0.03893
-0.00677
0.00203
0.03422
-0.07107
0.00693
0.00649
-0.01102
0.03204
0.00490
-0.00960
0.05135
0.06142
0.02729
-0.04399
0.02849
0.01136
0.01730
-0.01228
0.01391
-0.02459
-0.04841
-0.03265
-0.00381
-0.00894
-0.01990
0.01849
-0.02198
0.02378
-0.02941
0.01152
-0.03018
0.02608
-0.03705
0.02134
0.01363
-0.05913
-0.06443
-0.03152
0.02980
0.05187
0.05805
0.02289
0.04723
0.01964
-0.06477
0.03198
-0.03705
-0.03017
-0.04189
-0.03910
0.04729
-0.02254
-0.03416
0.00676
-0.01388
0.03374
0.02193
0.00457
0.03823
-0.03470
0.01734
-0.01293
-0.01893
0.04148
-0.00492
-0.00050
0.01211
0.05051
0.03803
-0.02670
0.02523
-0.03974
-0.03396
-0.01630
0.00888
-0.03912
0.04617
-0.00364
0.01615
-0.04814
0.03052
-0.03608
-0.03110
-0.04620
0.05160
0.02306
0.00774
0.07136
0.05551
-0.04068
0.02380
-0.03138
0.02663
-0.03385
0.04901
-0.03287
0.00400
0.06916
-0.01652
0.00615
-0.02189
-0.00749
0.02742
-0.02499
0.00510
-0.01800
0.00625
0.01441
-0.05790
0.01128
0.04466
-0.08460
-0.04414
0.01504
0.07124
-0.02935
-0.00109
-0.01910
0.00443
0.04692
0.01671
0.02671
-0.00500
0.04312
0.04926
-0.00439
0.03655
0.01574
-0.02511
-0.02038
0.07351
0.04523
0.02625
0.03611
-0.00161
0.00571
-0.03017
0.02616
0.01362
-0.06318
0.07529
-0.01637
-0.02658
-0.05372
0.01329
0.01258
-0.00620
-0.00254
-0.06431
-0.01263
-0.05854
-0.01617
-0.01470
-0.04798
-0.02751
0.05456
-0.03959
-0.06099
0.02918
-0.01905
0.00160
-0.06356
0.04130
0.03854
0.00393
0.00413
0.01572
-0.05044
0.04544
-0.00747
0.04180
0.03431
-0.02031
-0.07264
0.01088
0.05681
-0.01141
0.00622
0.00735
-0.06501
0.01986
0.02343
-0.03323
-0.05941
0.05113
-0.06800
-0.03205
-0.06055
0.02132
-0.04275
0.03163
-0.00907
0.04289
0.01507
0.00963
0.03012
0.00348
-0.00784
-0.01079
0.04640
0.08609
-0.02590
0.02199
-0.08804
0.00432
0.05081
0.04885
-0.00447
0.06784
-0.01991
0.02934
-0.00883
-0.04945
-0.00218
-0.06727
-0.00482
0.03625
0.05703
0.00098
-0.03997
0.01801
-0.07650
-0.00289
-0.01470
0.05298
-0.01712
-0.08861
0.01895
-0.01434
-0.00584
0.01443
0.03407
-0.02713
-0.01538
-0.02981
-0.04833
-0.05335
0.03587
-0.00620
0.02298
0.00472
-0.05957
-0.02212
0.06403
-0.06369
-0.04943
-0.00701
0.03766
0.08998
0.00672
-0.00405
-0.09373
0.01672
-0.03849
-0.02692
0.01750
-0.02488
0.00115
-0.06448
-0.04432
0.03220
0.04697
-0.01615
0.03206
-0.03146
-0.00322
0.06720
0.02885
-0.03523
0.02924
-0.00726
0.02661
-0.04554
-0.02105
0.06276
-0.01409
-0.04520
-0.01540
0.00811
-0.01526
0.01024
-0.02705
0.01253
0.04230
0.02684
-0.02660
0.01306
-0.03060
-0.03364
-0.05414
0.00096
0.04001
0.02791
-0.00317
-0.03623
-0.01027
-0.04335
0.02100
0.00101
0.05838
-0.05369
-0.03664
0.00667
-0.01879
0.07841
0.03184
0.05362
-0.01948
0.01463
0.02519
0.00051
0.01444
0.07680
-0.05224
-0.05587
-0.03937
0.02496
-0.00437
0.06927
-0.01378
0.06053
0.00861
0.03590
-0.00397
-0.05546
-0.03923
0.00205
-0.10583
0.00455
0.00170
0.02204
0.04114
-0.01524
-0.07084
-0.01019
0.03347
-0.04746
0.01383
-0.01378
-0.01100
0.02203
0.03639
0.02989
-0.03196
0.00118
0.07034
-0.07998
-0.04562
-0.03997
-0.00202
-0.02950
0.08489
-0.00915
0.06118
0.01454
-0.00921
-0.03217
0.09011
0.01347
0.04592
0.03555
0.05774
0.07566
0.02300
0.03042
-0.00245
0.02772
-0.05168
0.02978
-0.05579
-0.04101
-0.01097
-0.01762
0.01066
-0.00661
-0.04781
0.06761
-0.04050
-0.03900
-0.02240
-0.05784
-0.05411
0.00947
-0.02503
0.05191
-0.01096
-0.03714
0.04463
-0.00581
-0.01681
-0.00048
0.04235
-0.02670
0.04656
-0.00113
-0.00034
-0.00293
0.05320
-0.03616
0.04346
0.02046
-0.05796
0.05984
0.04353
0.00347
-0.05899
-0.01014
-0.03369
0.06781
-0.00089
0.03242
-0.00536
-0.00106
-0.00225
0.08820
-0.00848
0.01715
-0.06310
-0.01693
-0.02126
-0.03539
0.00875
0.03097
0.04704
0.03497
0.03453
-0.00594
-0.02737
-0.04315
-0.06338
-0.02194
-0.04056
-0.05185
0.00755
0.03990
0.02521
-0.01200
0.02900
-0.02419
-0.00652
-0.01432
-0.00482
-0.01093
-0.02355
0.04472
-0.03367
-0.00827
0.03884
0.00145
-0.00958
-0.01710
-0.01086
-0.01172
0.01491
0.02217
-0.00904
0.02486
-0.01364
0.00878
0.02224
0.08675
0.07342
-0.03647
0.00178
0.10289
0.06407
-0.01041
-0.00950
0.00122
-0.00861
-0.00252
0.03864
0.09057
0.00461
-0.00260
-0.02104
-0.01305
-0.02268
