-0.00534
-0.03044
-0.04300
0.08812
0.04526
0.02702
0.01390
0.00997
-0.05678
0.04276
0.02736
0.08473
-0.00405
0.04593
-0.04831
0.01265
0.01961
0.09257
-0.04023
0.02703
0.03245
0.06745
0.07363
-0.03678
-0.00246
-0.03591
0.02904
0.00027
0.03337
-0.02963
0.00576
-0.02358
-0.01588
0.00094
-0.02261
-0.01103
0.00254
-0.09278
-0.00013
0.00897
-0.02206
0.01775
0.00808
-0.04041
0.01678
0.07875
0.00216
0.00842
-0.00824
0.05263
-0.04497
-0.10304
0.08444
0.02185
0.00209
-0.08573
0.00174
0.01103
0.00805
-0.07011
0.00885
0.04000
-0.00225
0.06249
0.00681
-0.02999
0.00128
-0.03715
0.03724
0.00070
-0.04712
0.02475
0.02217
0.07455
0.03698
-0.01652
0.01679
-0.01108
-0.01792
-0.04457
0.04262
-0.00629
-0.00367
-0.05250
0.00074
0.05705
0.00942
-0.05515
-0.07545
-0.08234
0.03473
0.01613
-0.00824
-0.03753
0.02509
0.08720
0.04408
0.01122
-0.01241
0.08863
-0.01107
0.05064
0.02697
0.00133
-0.05215
-0.08772
-0.03907
-0.03775
-0.04003
-0.00928
0.09023
0.00242
0.04157
-0.05824
0.01180
-0.07074
-0.03707
0.01972
-0.00438
0.03334
0.03107
0.04911
-0.00790
-0.06055
-0.03110
-0.03907
0.04323
-0.01699
0.00285
-0.07406
0.04941
-0.05461
-0.07452
0.05300
-0.05612
0.03047
-0.00486
0.01988
0.03261
0.04624
-0.01681
0.08686
-0.00108
0.02559
0.03329
0.03365
-0.03666
0.00321
0.01993
-0.01989
-0.00816
0.03673
-0.08860
0.02297
0.07937
-0.01515
-0.09631
0.01979
-0.09328
-0.00668
-0.04619
0.07110
0.04661
0.06976
-0.02909
0.06332
-0.04058
-0.01764
-0.07549
-0.02204
-0.09376
-0.04162
0.06209
0.03720
0.08377
0.04472
-0.05271
0.05664
-0.02708
0.07033
-0.01182
-0.07765
0.00966
0.00292
0.01003
-0.05397
0.04096
-0.06725
0.06861
-0.00225
-0.02944
0.01539
0.05194
0.00349
-0.00090
0.03441
-0.09836
0.01131
0.02326
0.00496
0.00509
0.00910
-0.03535
-0.03232
0.06312
-0.00919
0.00667
-0.02266
0.01813
-0.02469
0.02539
0.05248
0.02218
0.01500
-0.02091
0.09576
0.00900
-0.05648
-0.04374
-0.04738
-0.00062
0.01355
0.05982
0.03405
0.05686
0.03339
0.00087
-0.02159
0.06210
-0.01468
0.02334
0.06819
0.04588
-0.01097
-0.05177
-0.02556
-0.01394
0.01685
0.05502
0.07159
-0.04415
-0.00400
-0.02764
0.01145
0.00596
-0.02125
-0.01238
-0.05827
0.01685
0.04329
-0.04314
-0.01716
-0.00764
0.00388
0.06993
-0.05096
-0.04777
0.00381
-0.00743
0.02435
-0.05704
0.05733
-0.01405
-0.04806
-0.05591
-0.06351
-0.02341
-0.03386
0.02251
-0.09964
0.05112
0.03894
0.06099
-0.00875
0.03652
0.03370
0.03859
0.04047
0.05833
0.04933
0.08575
0.00497
-0.06051
0.00059
0.01532
-0.00578
0.04161
-0.00527
-0.02705
0.07721
-0.05688
-0.05518
-0.00384
0.04761
-0.01629
-0.02818
-0.09698
0.01429
-0.06536
-0.04854
0.07247
0.04124
0.01660
0.09128
0.03209
0.01450
-0.02998
-0.02402
-0.06688
0.00274
-0.01105
0.04173
0.01611
0.05979
0.03451
0.09083
0.00476
-0.00034
0.03971
0.05261
0.06364
-0.02705
0.02177
-0.00016
0.06029
-0.00602
-0.00113
-0.04608
-0.03384
-0.04992
0.00585
-0.00965
-0.00500
0.00775
-0.03339
0.04396
0.03112
-0.00315
-0.03397
-0.02173
0.06151
0.00075
0.05111
0.02166
0.05680
0.05206
-0.02911
0.01206
0.01888
-0.01933
-0.01304
-0.05739
0.02518
0.02540
0.02646
0.01300
-0.00682
0.00374
0.00604
0.02302
0.03697
-0.07926
0.02751
0.05331
0.06144
0.01930
-0.05462
0.00305
-0.03765
-0.01972
0.01044
0.00300
-0.00714
-0.00819
-0.03442
0.07921
-0.05225
0.05424
-0.02572
0.01066
-0.03583
0.02560
0.04686
-0.01922
0.01214
-0.00626
-0.02370
0.00693
-0.01954
0.05956
0.00593
0.04387
0.02494
0.02473
-0.01690
0.06505
0.01554
0.03759
0.05784
-0.01256
-0.01334
-0.01865
-0.01666
0.01857
0.08395
0.00452
-0.09598
0.02893
0.00455
0.00185
0.00344
-0.05720
0.01334
0.01402
0.01901
-0.06758
0.10963
0.01379
0.02558
-0.07382
-0.01182
-0.00585
0.02227
-0.04156
-0.01093
0.04563
0.08930
0.01282
-0.00062
-0.02331
-0.03784
0.09350
-0.01509
-0.03379
0.05462
-0.02881
-0.03215
-0.04653
0.01234
-0.05298
-0.01875
-0.01718
-0.07591
0.06694
-0.05568
-0.01534
-0.03062
0.05398
0.00983
-0.06525
0.06502
-0.05583
-0.02290
0.04195
0.03518
0.02543
0.03254
-0.03343
0.06353
0.02545
0.00127
0.06695
-0.03550
0.03417
0.00627
0.05110
0.04559
-0.03473
0.05393
0.05150
0.02799
0.00723
0.04164
-0.00300
-0.01884
-0.00645
-0.00123
-0.02767
0.05196
0.02748
0.01559
0.04695
-0.00937
0.02260
-0.05875
-0.06354
0.02278
0.05541
0.01848
-0.01046
0.03464
-0.03280
-0.00941
-0.02182
0.06862
-0.04285
0.02688
0.06615
0.05406
0.02931
0.03510
0.01637
0.04430
-0.05407
-0.03030
0.05951
0.02256
0.04205
-0.02961
-0.07279
-0.01011
0.01886
