-0.08712
0.00168
-0.05097
0.02403
0.03568
0.04508
-0.02967
0.01705
0.02165
-0.03763
-0.02819
0.07726
0.04427
0.00242
0.01543
0.04844
0.01861
0.01754
-0.04533
-0.07967
-0.10395
-0.01485
0.02885
-0.01534
0.02548
-0.01211
-0.02960
-0.04421
-0.00324
0.02172
0.02167
0.03003
0.01079
0.00900
-0.10470
0.04131
0.04763
-0.05149
-0.09921
0.06784
0.03050
-0.03312
0.00579
0.03379
0.07220
-0.01799
0.06064
0.04511
-0.05130
-0.06906
-0.02289
0.06145
0.07505
-0.01891
-0.07845
0.03314
-0.04642
0.01106
-0.00300
-0.07115
0.01800
0.00774
-0.05191
-0.03103
-0.05440
0.09052
-0.08354
0.04695
-0.05137
0.02714
0.03541
-0.04202
0.03555
0.00514
0.01878
-0.01851
-0.04960
0.01264
-0.04564
-0.00690
0.02202
0.02668
-0.03599
-0.00119
0.00511
-0.01357
-0.05528
0.08649
-0.02606
-0.01775
0.05181
0.03737
0.06042
-0.03362
0.05586
-0.00384
-0.00951
0.01595
0.00559
0.04049
0.00694
0.02768
0.00719
-0.05218
-0.00347
0.04158
-0.00441
-0.06283
-0.02826
-0.02764
0.03587
0.02328
-0.08741
0.03037
0.04100
0.04923
0.00888
-0.01923
-0.03954
-0.02094
-0.00281
-0.00216
0.02235
0.02921
0.01115
-0.06816
0.00829
0.03912
0.04078
-0.07660
0.02638
-0.03331
0.07422
-0.00987
-0.03776
-0.00935
0.02572
-0.10249
0.00378
-0.02444
-0.07172
-0.01235
-0.07510
0.04392
0.10224
-0.06053
-0.00793
-0.03001
0.05016
-0.02879
-0.02976
-0.01649
-0.00158
0.02790
0.09651
0.00221
0.05393
-0.03026
0.08271
-0.00315
0.06676
0.05360
0.04521
-0.00321
0.03120
-0.00936
-0.06933
0.04606
0.01217
-0.01528
-0.05173
0.02328
-0.01210
0.05141
-0.03821
-0.00386
0.04876
-0.01800
-0.04975
0.02167
-0.01358
-0.00967
-0.05639
0.03938
0.05451
0.00721
-0.02228
0.04850
0.04793
0.02555
-0.04363
-0.06107
0.00931
0.00478
-0.01091
-0.01795
0.09828
-0.03041
0.01901
0.03442
0.02672
-0.11328
0.01651
-0.03184
-0.03623
-0.02550
0.04115
-0.01501
0.01943
0.04643
-0.05517
0.05852
0.01453
0.05068
0.05460
0.05359
-0.04356
0.01443
-0.00342
-0.11624
-0.06649
-0.03004
-0.00243
-0.04783
0.02477
-0.02980
-0.00376
-0.00522
0.00596
0.04346
-0.07375
-0.02056
0.06768
0.01747
-0.02529
0.01267
0.03770
-0.02324
0.03133
-0.02805
0.00282
0.00307
0.01752
-0.04123
0.00979
0.00093
0.03580
0.01215
-0.03799
0.01991
0.05187
0.02292
0.01352
-0.02596
0.06168
0.02709
0.07974
-0.02296
0.03447
0.03927
-0.00420
0.00468
-0.06814
0.00484
0.01305
-0.00420
-0.01034
-0.06071
-0.05059
0.00310
-0.10268
-0.03945
-0.03627
-0.04329
0.01427
-0.03828
0.03642
0.04654
0.05254
0.03036
0.06380
-0.00553
0.02881
0.03376
0.01428
0.01466
-0.02646
-0.00016
0.03246
-0.04933
0.00930
0.04405
0.04524
-0.01618
-0.00828
0.03617
0.03213
0.02821
0.05849
0.12094
0.01099
0.02875
0.01256
-0.01379
0.03705
-0.00575
0.01892
-0.08374
-0.04263
-0.04332
-0.02860
0.03642
0.01785
-0.02060
-0.00182
0.01607
0.01029
0.04038
0.00405
0.03586
0.05297
-0.04652
-0.04138
0.05000
-0.02591
-0.00223
0.02513
0.04144
0.02297
0.06434
0.02435
0.02113
0.02195
0.00183
-0.08182
0.00975
0.00513
-0.00401
0.12648
-0.01782
-0.05537
-0.05216
0.04002
0.03637
0.02238
-0.03746
0.03053
-0.01619
0.02418
0.01609
0.01807
0.03139
-0.02143
-0.05932
0.08876
0.02015
-0.01998
-0.02987
0.03595
-0.01388
-0.00332
-0.08469
-0.05013
-0.03082
0.03321
0.01755
0.00524
0.03044
0.02246
-0.03528
0.05412
-0.06536
0.05378
-0.01413
0.06774
0.02640
-0.01119
0.00553
0.00368
-0.05570
-0.07036
-0.05292
0.00763
-0.02193
-0.11469
0.00064
-0.05678
-0.05065
0.08952
-0.04943
-0.00279
-0.02196
0.05549
0.00185
-0.03364
0.01254
0.05639
0.02010
-0.02796
0.01543
-0.02105
0.03871
-0.02177
-0.04528
-0.04337
-0.00520
0.04134
0.02352
-0.02936
0.00360
0.03998
-0.01765
0.03434
-0.04570
0.02312
0.11258
-0.01551
-0.00440
0.00910
-0.02416
-0.02308
0.00774
-0.00452
0.03563
-0.06883
0.00321
-0.03064
0.02609
0.03041
-0.01093
-0.05273
0.03179
-0.03040
0.01381
-0.01452
-0.06224
0.01915
0.00097
-0.04121
-0.00681
0.04767
0.02136
-0.01753
0.04331
-0.04293
0.02406
-0.05544
-0.10278
0.06740
0.00587
-0.04571
0.03181
-0.05459
-0.04474
0.00943
0.02473
-0.00797
0.04829
0.02121
-0.00390
0.00477
-0.04280
-0.02189
-0.04556
0.04584
-0.00228
-0.07119
0.01043
0.02561
0.06561
-0.03112
0.02818
-0.08013
-0.00487
-0.01390
-0.05342
-0.02957
-0.02460
0.08470
0.07187
-0.02417
-0.06740
-0.06668
-0.03396
0.04533
-0.01542
-0.00178
-0.05311
0.06044
-0.04913
0.00790
0.01646
-0.04645
-0.03432
0.00318
-0.07421
-0.03583
0.01843
0.06460
0.07334
-0.09738
0.00056
-0.05587
0.04269
-0.07783
0.07851
0.07122
-0.07463
0.04610
-0.03011
0.04203
0.01369
