0.04238
-0.01891
-0.05507
0.07017
-0.02953
-0.00098
0.00888
0.01734
-0.05493
0.06388
0.04840
0.07746
0.02743
0.01304
0.05105
-0.03719
0.05841
0.03257
-0.03624
0.02964
-0.02431
-0.01670
0.00383
0.00271
0.01850
-0.02863
-0.01140
0.00377
0.02900
-0.00415
0.02197
0.03524
-0.04971
0.01334
-0.06740
-0.05975
-0.11270
-0.03642
-0.06656
0.02024
-0.07835
-0.00520
-0.03627
-0.01944
0.02002
0.05078
0.07533
-0.04718
0.05817
-0.00899
0.03139
-0.03894
0.09960
0.04505
-0.02068
-0.02903
-0.06795
0.06919
-0.03909
0.06198
-0.02258
0.01694
-0.01752
0.03654
0.04627
0.03673
-0.05500
-0.05868
0.02080
0.01369
-0.01788
0.05848
-0.00645
0.02791
0.00602
0.02754
-0.02022
-0.04670
0.05938
0.06443
0.03080
-0.00613
-0.02132
-0.01744
0.04155
-0.01443
-0.03287
0.05805
0.04536
0.02636
0.00957
0.05840
0.01699
0.00180
0.02770
0.01228
-0.00757
0.03277
0.00882
0.03806
0.00549
0.00611
0.06302
-0.03566
0.09143
0.04027
-0.05800
-0.04676
-0.02568
-0.01026
0.00119
-0.00319
-0.03999
-0.03511
-0.04329
0.00280
-0.00371
-0.03908
-0.11638
0.04450
-0.01351
0.05066
-0.01693
-0.03599
0.00620
-0.05733
0.01183
-0.08048
0.05140
-0.03152
-0.00304
-0.00155
0.08145
0.01288
-0.02838
-0.00962
0.00348
0.00412
0.03336
0.01876
0.03152
0.07421
0.00482
0.00606
-0.00723
0.03875
-0.08110
0.01122
0.02731
0.05608
-0.01581
0.01259
-0.04088
0.12611
0.03831
-0.04285
-0.02047
-0.00299
-0.05637
-0.06574
0.06331
0.02904
0.02622
0.03115
0.04272
-0.03152
-0.02592
0.01256
0.01906
0.02384
-0.07600
-0.00455
-0.01228
-0.00796
-0.08125
0.01364
-0.00197
0.03495
-0.01691
-0.01880
-0.05152
-0.05491
0.00257
0.01096
0.02291
-0.01203
0.07592
-0.04853
-0.06195
0.02967
-0.04446
0.01783
0.09736
-0.00244
-0.02380
0.06602
0.01051
-0.09010
0.09341
-0.05329
0.09521
0.02729
0.01209
-0.01894
0.03968
-0.04937
0.00504
-0.01800
-0.00529
0.04325
-0.09392
0.02270
-0.05091
-0.00189
0.00384
0.03962
0.01777
0.05484
-0.05049
0.02495
-0.02257
0.05436
0.05919
0.01047
0.07889
-0.05528
0.00501
0.08338
-0.00831
0.04941
0.02597
-0.03653
0.00678
-0.10398
-0.03260
0.01567
-0.05506
0.06097
0.02663
-0.02585
0.00555
-0.00738
-0.00831
0.04122
0.06127
0.05359
-0.04881
-0.03048
0.05324
0.02898
-0.00248
0.10327
0.06402
0.04004
-0.04482
0.01529
-0.01580
0.05802
0.02418
-0.00034
0.00493
-0.03425
0.00475
-0.02535
0.04380
-0.07061
-0.04673
0.03574
-0.01656
-0.01132
-0.01745
-0.06343
0.02102
0.06077
-0.01459
0.02705
-0.05106
-0.02561
-0.08327
0.06194
0.01088
0.04217
-0.13666
-0.01185
-0.02007
0.04267
-0.02665
0.00007
-0.09976
-0.02352
-0.01463
0.01130
0.07415
-0.00702
0.00473
-0.01904
0.01515
-0.02999
-0.01608
0.01287
0.11158
0.02237
0.04254
-0.04156
0.05136
-0.03267
0.00430
0.00224
-0.02990
-0.03015
-0.05016
0.02299
0.02246
0.05122
0.10348
-0.01573
-0.02660
-0.01248
-0.00009
-0.02497
-0.01023
-0.05534
-0.01337
0.02429
0.02622
-0.02290
-0.04000
0.04013
-0.02285
0.07046
0.03464
0.12392
-0.06173
-0.00571
0.01021
0.02891
-0.02787
-0.01468
-0.01109
0.05848
0.05550
-0.00347
0.00374
-0.03427
0.09516
-0.01019
-0.00018
0.03461
0.04248
0.02562
0.06829
-0.01120
-0.04065
-0.04416
0.00673
0.10690
0.02248
0.00810
0.01961
0.00001
-0.04750
-0.05872
-0.06067
0.00248
0.01262
0.01671
0.02576
0.00419
-0.02531
0.00912
-0.04583
-0.00246
0.07406
0.05216
0.05370
0.06187
-0.01891
0.04606
-0.06071
-0.04280
-0.04542
-0.00831
-0.05417
-0.02937
-0.02575
-0.01070
-0.02493
0.00635
-0.02719
0.02024
-0.01322
-0.01998
-0.03918
0.00106
0.02803
0.02023
-0.04307
-0.00872
0.01308
0.01025
-0.05819
0.04881
0.09481
-0.01374
-0.06260
-0.02960
0.07381
0.02305
-0.03685
-0.03232
0.06843
-0.01295
0.01987
-0.04917
-0.06016
0.04359
0.00101
0.02203
-0.01921
-0.02631
0.05510
0.04210
-0.04131
0.10508
0.04384
0.02685
-0.00505
0.01308
0.08314
-0.04821
-0.03272
-0.00129
0.03411
-0.07061
-0.01403
0.01193
-0.06267
-0.04714
-0.01437
-0.01769
-0.04732
-0.02400
0.01210
0.03839
-0.01476
0.00994
0.01295
0.02200
-0.04086
-0.03484
0.03751
-0.02522
0.06800
-0.02129
0.01698
0.00301
0.01794
0.07310
0.05962
-0.01300
-0.03964
0.01427
0.05355
0.00048
-0.00241
-0.00233
-0.00594
-0.04214
-0.00368
-0.03837
-0.03956
-0.03784
0.03019
-0.02080
-0.06121
-0.00817
-0.03254
-0.06939
0.09728
0.01170
0.04070
0.02545
-0.02745
-0.01260
0.03873
-0.10019
-0.08085
0.01876
0.03784
-0.03109
-0.06210
-0.03417
-0.02621
0.02901
0.02909
-0.09449
0.03981
0.02787
0.01623
0.01084
0.00485
-0.00702
-0.02297
-0.01511
-0.06698
0.00467
-0.00581
0.05807
0.05679
-0.04463
-0.01758
0.00399
