0.00561
0.05068
0.01860
0.01341
0.00064
-0.08124
-0.07397
0.02139
0.04495
-0.09411
0.02329
-0.07210
-0.02585
-0.00040
-0.00854
-0.00986
-0.02112
0.02602
-0.02303
0.08117
0.03012
0.02634
-0.03365
-0.05828
-0.01427
-0.01654
0.08693
0.03057
0.07624
0.01821
0.03395
0.00958
0.00972
0.01325
0.04320
-0.02998
-0.03633
-0.04046
0.08159
0.03453
-0.03269
-0.06167
0.00344
-0.00316
0.04104
0.00583
-0.05765
-0.01821
0.05827
0.05373
0.03455
-0.00676
-0.05354
0.00566
0.04911
0.03091
-0.00884
-0.03626
0.05423
-0.01517
0.03751
-0.04719
0.02963
0.02277
0.00338
0.04525
-0.03778
0.01236
-0.01476
-0.09078
-0.03452
0.00145
-0.01467
-0.00591
0.01967
-0.03073
0.03334
-0.07949
-0.04873
-0.01003
-0.00732
0.00505
0.05039
-0.02851
0.00621
-0.03332
0.03657
-0.02482
0.05183
0.07525
-0.01834
-0.05451
0.08148
-0.03641
-0.12132
0.02795
-0.03150
0.05222
-0.00099
-0.05486
0.00237
0.01885
0.05864
0.00861
-0.02839
-0.01270
0.03413
-0.01773
-0.01619
0.01421
-0.00704
-0.00974
0.02513
0.07419
0.04062
0.00338
-0.03556
0.04002
0.00591
-0.02533
0.00703
0.03643
-0.02234
0.08021
-0.00439
-0.03575
0.00534
-0.05567
-0.01744
0.04643
-0.00196
-0.00852
-0.05637
-0.02790
0.04515
-0.02209
-0.02367
-0.03048
-0.02253
0.02384
0.07419
0.03254
-0.09634
-0.02948
0.06538
0.03768
0.03193
0.01679
-0.02881
0.00671
0.02480
0.07348
0.01543
-0.00094
-0.03652
-0.05054
0.02162
-0.08065
-0.00973
0.00574
0.01513
-0.04235
-0.00169
-0.03170
0.00171
-0.03412
0.05969
0.02355
-0.02963
-0.02738
-0.00621
0.07106
0.03524
-0.02331
0.00087
-0.05132
-0.07606
-0.04797
-0.00108
0.05361
0.10082
0.00911
-0.05453
-0.03055
0.02213
0.04855
-0.07924
-0.03643
-0.03999
0.05172
-0.02061
0.04861
-0.01930
0.01761
0.00223
-0.03298
-0.04769
-0.03651
0.02403
-0.07134
-0.03668
-0.02332
-0.01586
0.04783
0.03104
-0.06099
-0.00739
-0.00898
-0.03489
0.08843
0.07561
-0.01206
0.01373
-0.00757
-0.06724
0.03119
-0.06663
0.00082
0.01235
-0.03546
0.02741
0.03172
-0.00969
0.04211
0.01263
0.08150
0.02601
0.01230
0.03543
0.02238
0.00932
-0.13012
0.03091
0.02556
-0.00931
0.04182
-0.09213
0.01895
0.02360
0.06064
0.00357
0.02096
0.04062
-0.07389
-0.02015
0.02302
-0.11329
0.00202
0.05090
-0.05895
-0.06453
0.01492
-0.07621
-0.04594
0.06674
-0.01985
0.05532
0.01496
0.03065
-0.02482
-0.02745
-0.02745
0.00636
-0.00475
0.05480
-0.01108
0.01199
0.00109
-0.03512
-0.02838
-0.00685
0.03970
0.05547
-0.00667
0.09304
0.09354
0.04612
0.00125
0.00898
0.03240
-0.03100
-0.03268
0.01020
0.00501
0.03918
-0.02856
0.00335
0.04888
-0.01987
0.06335
-0.03019
0.01571
-0.04859
-0.08693
-0.03341
0.05759
-0.06649
-0.03889
0.04497
-0.00388
-0.04449
0.01456
-0.01774
-0.04292
-0.04581
-0.03690
0.13577
0.03198
-0.07649
0.00418
-0.03501
-0.02550
0.03151
-0.06802
-0.03388
0.01302
-0.02583
-0.05421
0.05629
0.05520
-0.01563
-0.04863
0.03750
0.01032
0.04498
-0.08653
0.05169
0.01084
-0.01123
0.01893
-0.00794
-0.06342
0.02339
0.03304
0.01034
0.03273
-0.03878
-0.04130
0.04151
-0.05853
0.01136
0.00887
-0.02049
0.04344
0.01896
0.08745
-0.00617
0.03367
-0.02388
0.06564
0.00460
-0.10194
0.05878
0.03025
0.00584
-0.01670
-0.04156
0.00428
-0.06292
-0.00649
-0.00877
-0.02492
0.01720
0.01029
0.06925
-0.09938
-0.00625
-0.01513
-0.07065
-0.01589
0.00055
-0.03165
-0.05664
-0.05688
-0.04623
0.01925
-0.01555
0.01554
-0.07923
0.02016
-0.05932
0.03019
0.00048
-0.02775
-0.02309
-0.04432
-0.03406
0.02094
-0.04029
0.01321
-0.01150
-0.01762
-0.08679
-0.05020
0.03257
-0.00448
0.07600
0.04219
-0.04996
-0.03808
0.05716
-0.04230
-0.03746
-0.00313
-0.01455
0.03280
-0.10511
-0.05106
-0.01943
0.00353
-0.05762
0.02433
0.00619
0.02285
0.01853
-0.02846
0.01822
0.09433
-0.02805
0.04102
0.00163
0.03385
0.02595
-0.03985
-0.00817
-0.02007
-0.04211
-0.03014
-0.00590
-0.03869
-0.04478
-0.05740
-0.01681
-0.01158
-0.05388
-0.00527
0.04590
-0.04901
0.01184
0.07222
0.04500
0.05183
-0.08155
-0.02587
-0.03363
0.07142
0.04051
-0.09006
0.02699
0.03002
0.06845
0.01705
-0.00396
0.09543
-0.02685
-0.00839
-0.02052
-0.06704
-0.00374
0.08638
-0.03511
-0.07369
-0.01279
-0.00817
-0.03199
0.04422
0.01502
-0.06083
0.07214
0.03606
-0.03138
0.11143
0.04983
-0.03771
0.04413
0.02600
-0.06425
-0.03448
0.00172
-0.04166
-0.00231
0.03702
0.00285
0.07943
-0.01584
-0.02413
0.04043
0.05920
-0.01454
-0.02195
-0.00540
0.00776
0.01350
-0.01224
-0.01102
0.06007
0.01221
-0.02749
0.01150
-0.04783
0.02752
0.00202
-0.06074
-0.04836
0.03233
0.04563
0.03269
-0.06276
-0.04557
-0.00768
0.10800
-0.00328
