-0.01789
0.06390
0.02855
-0.00273
0.01541
-0.10087
-0.01272
-0.03759
0.05499
-0.02381
0.00459
-0.08158
-0.08415
-0.01631
0.03097
0.01489
-0.00893
0.00380
-0.03196
0.09229
0.00940
0.02068
-0.05723
0.01233
-0.01183
-0.02733
0.03621
-0.01014
0.03077
-0.02001
-0.04038
0.01675
-0.01443
0.04462
0.03928
-0.00392
0.02884
-0.04500
0.09137
0.04962
0.00144
-0.06626
-0.01293
-0.01013
0.00713
0.03094
-0.01773
-0.01458
0.09270
0.10872
0.11194
0.02121
-0.09137
0.01364
0.07929
-0.02500
-0.03151
-0.05577
0.03442
-0.02535
-0.00194
-0.05065
0.01903
-0.03231
-0.00547
-0.00414
-0.04614
0.06267
0.01388
-0.06465
-0.00803
0.00568
-0.06020
0.00088
0.03489
-0.01501
0.04524
-0.04872
-0.04912
0.00422
-0.02790
0.00734
0.01714
-0.06539
-0.03255
-0.00137
0.04792
-0.07241
0.04807
0.08291
-0.02855
-0.01507
0.04208
0.00165
-0.12310
0.01897
-0.01871
0.04237
-0.00329
-0.05369
-0.03323
0.02314
0.02619
-0.07753
-0.04242
-0.03169
0.01873
-0.00881
-0.03503
-0.00288
0.00590
-0.09686
0.04631
0.10693
0.03750
0.03613
0.03818
-0.01873
-0.04633
-0.04376
0.01212
0.07919
0.01855
0.09168
0.05053
-0.03904
-0.02757
-0.04267
-0.02691
0.06793
-0.00759
-0.02216
-0.05429
-0.04638
0.03449
-0.06735
-0.04773
-0.03067
-0.01701
0.01671
0.09243
0.01925
-0.03380
0.00243
0.05395
0.08097
0.04571
0.02579
-0.01870
-0.02166
-0.00764
0.04313
0.01140
-0.02259
-0.06210
-0.05746
0.04455
-0.00548
0.00133
0.02618
0.00902
-0.06197
-0.03604
-0.00981
-0.01391
-0.01355
0.03144
0.01849
0.00098
-0.04598
0.00850
0.05642
0.03190
-0.00152
0.00594
-0.03723
-0.04768
-0.03056
-0.00655
0.04671
0.07292
-0.00881
-0.01428
-0.03202
-0.01764
0.01272
-0.05881
-0.04506
-0.04988
0.07413
-0.00895
0.06224
-0.00468
0.05641
-0.04150
-0.06503
-0.02707
-0.04620
0.00163
-0.06908
-0.06407
-0.04822
0.02068
0.06699
0.05813
-0.08472
0.03988
0.02606
-0.05692
0.09479
0.04486
-0.03725
0.00500
-0.04146
-0.05353
0.00979
-0.02078
-0.04231
-0.01287
-0.00572
0.05275
0.01290
0.02621
0.01092
0.00137
0.08342
0.02079
0.03768
0.05879
0.06381
-0.00594
-0.11810
-0.00275
0.05622
0.01671
0.04718
-0.10155
0.01475
0.01210
0.07500
0.00253
0.00204
0.02177
-0.01240
0.00423
0.01059
-0.06500
0.00113
0.09053
-0.08736
-0.03460
0.04061
-0.05403
-0.07280
0.03789
-0.05439
0.02240
-0.02129
-0.03686
-0.02475
-0.00720
0.01011
-0.00694
-0.01952
0.02369
0.01218
-0.01996
-0.02136
-0.04160
-0.01918
-0.03491
0.03321
-0.01944
0.00363
0.05104
0.05506
-0.02759
-0.00244
0.03755
0.05183
-0.07109
-0.03432
0.01188
0.03401
0.03270
-0.03683
-0.00706
0.05381
-0.03791
0.05848
-0.07557
0.07181
0.01126
-0.08942
-0.01058
0.05319
-0.08326
-0.02598
0.02407
-0.02285
-0.06257
0.00925
-0.04452
0.01222
-0.00542
-0.07821
0.12086
0.02664
-0.02909
-0.00945
0.02804
0.00161
0.01401
-0.07903
0.00587
-0.02904
0.00595
-0.03493
0.02876
0.02565
0.01751
0.03504
0.05999
0.03792
0.03344
-0.05802
0.00774
-0.00788
-0.05023
0.04165
-0.07567
-0.05709
0.03748
0.04366
-0.02713
0.01955
-0.02980
-0.02388
0.06735
-0.02078
-0.00859
0.00936
-0.05638
0.02217
0.06806
0.05313
-0.01714
0.04088
-0.01723
0.01920
-0.00789
-0.05990
-0.00359
0.02513
0.02375
0.03055
-0.03339
-0.00347
-0.06929
0.00082
0.03971
-0.00437
0.02419
0.02401
0.03474
-0.10010
-0.02920
0.01592
-0.04162
-0.02248
0.00201
-0.01214
-0.03101
-0.07537
-0.07324
0.02439
-0.05949
-0.02017
-0.07304
0.01106
-0.02902
0.05683
0.00681
0.01160
0.01355
-0.01371
-0.08104
0.06456
-0.04860
0.02132
-0.03518
-0.00503
-0.05491
-0.01336
-0.04421
-0.08341
0.03731
-0.02884
-0.04730
-0.00201
0.05895
-0.06404
-0.03650
-0.01139
-0.04627
-0.04085
-0.02337
-0.04141
-0.01491
0.01223
-0.09487
-0.02307
-0.02036
0.03666
-0.01867
0.00316
-0.03661
0.04408
-0.00335
0.01105
-0.01222
0.00521
-0.00422
-0.03180
0.00770
-0.01663
-0.01659
-0.01162
-0.03530
-0.03238
-0.00727
-0.05629
0.01918
-0.04423
-0.03382
-0.03038
0.03431
-0.06284
-0.01901
0.05677
0.00884
0.04220
-0.04394
0.00252
-0.06048
0.04561
0.09803
-0.07934
0.05063
0.00425
0.02637
0.02326
-0.02492
0.06117
-0.05076
-0.00117
0.00199
-0.04588
-0.01768
0.06023
-0.01957
-0.06894
0.00086
0.00079
-0.09921
0.02109
0.02389
-0.01411
0.07494
0.00382
-0.00158
0.11296
-0.00102
0.00770
0.05494
0.04388
-0.04952
0.00398
-0.01447
-0.03502
-0.02284
0.05939
0.01543
0.04356
0.03076
-0.01691
0.05718
0.01926
0.00253
-0.00630
-0.00383
-0.00519
0.03114
-0.00318
-0.01356
0.07341
0.00995
0.01358
-0.00164
-0.00953
0.05913
-0.00199
-0.00636
-0.00798
0.08353
0.04043
-0.02825
-0.02367
-0.00026
-0.01373
0.06776
-0.00141
