-0.01612
0.05497
0.01632
0.02436
0.00753
-0.09542
-0.04027
-0.00584
0.02088
-0.07788
-0.00740
-0.08048
-0.05718
-0.02765
0.00044
0.00955
-0.02766
0.00594
-0.01451
0.08752
0.06257
0.04392
-0.06249
-0.00510
-0.00506
0.00309
0.10901
0.00598
0.06620
0.01106
0.02397
0.02178
0.00020
0.01634
0.04281
-0.03522
-0.00450
-0.04180
0.09737
0.04278
-0.02282
-0.05939
0.00368
-0.02370
0.01764
0.00474
-0.05160
-0.01865
0.06200
0.10582
0.05564
0.00850
-0.07327
-0.01605
0.07522
0.00345
0.00204
-0.04659
0.07789
-0.01817
0.03882
-0.04058
0.05327
-0.00718
-0.00093
0.04791
-0.04953
0.01969
-0.01851
-0.09556
-0.04155
-0.00141
-0.02851
0.03826
0.02750
0.01477
0.04031
-0.07837
-0.04699
-0.02818
0.00772
-0.00327
0.04134
-0.04895
-0.00890
-0.04950
0.04257
-0.03935
0.05194
0.04203
-0.03228
-0.04382
0.06538
-0.00191
-0.12300
0.01263
-0.04472
0.01020
-0.00242
-0.04531
0.00170
-0.00001
0.05013
-0.03885
-0.03374
-0.03428
0.01159
-0.04464
-0.01973
-0.01320
0.00871
-0.01648
0.02442
0.08529
0.06496
0.00343
-0.03669
0.02332
-0.01434
-0.02712
0.00622
0.06116
0.00218
0.07403
0.00703
-0.03952
0.00294
-0.05423
0.01268
0.06776
0.02201
-0.02855
-0.05182
-0.04236
0.02591
-0.03938
-0.02650
-0.02111
-0.01790
0.01631
0.09404
0.04340
-0.07030
-0.01751
0.05978
0.05148
0.03849
0.01718
-0.01177
0.00782
-0.00344
0.07565
0.01892
-0.03712
-0.03659
-0.05118
0.02517
-0.04518
-0.01266
0.02020
0.00404
-0.06311
-0.00270
-0.01326
-0.00922
-0.00418
0.04040
0.02729
-0.01633
-0.06430
0.00643
0.04818
0.05496
-0.01230
-0.00115
-0.04556
-0.08564
-0.05467
0.01092
0.06580
0.08704
-0.02938
-0.00985
-0.04829
-0.02518
0.03594
-0.08022
-0.03744
-0.05376
0.05717
-0.02591
0.06559
0.00793
0.03828
-0.00499
-0.04202
-0.02709
-0.02757
0.01632
-0.07493
-0.07525
-0.04444
-0.00430
0.05455
0.05323
-0.07532
0.02044
0.00642
-0.06153
0.05342
0.09355
-0.00364
0.02058
0.01568
-0.06265
0.02698
-0.04774
-0.03163
-0.00971
-0.03803
0.02179
0.02583
-0.00221
0.04786
0.03317
0.06814
0.01557
0.00167
0.06201
0.03428
0.00454
-0.09669
0.00745
0.02654
-0.01457
0.04726
-0.08784
0.03688
0.00637
0.03534
0.00622
0.01458
0.01824
-0.02868
-0.01372
0.02602
-0.09106
-0.00426
0.05116
-0.09177
-0.08099
0.02204
-0.08148
-0.05072
0.05729
-0.06776
0.00851
0.00205
0.01190
-0.03180
-0.01206
-0.02091
-0.00592
0.00555
0.02576
0.00300
0.00770
-0.01966
-0.03231
-0.03544
0.01396
0.04843
0.02433
-0.00708
0.07841
0.09378
0.02574
0.01191
0.01605
0.05074
-0.03029
-0.06319
0.00850
0.00404
0.03909
-0.01973
0.00334
-0.00265
-0.01296
0.08761
-0.05817
0.03506
-0.03900
-0.08176
-0.03348
0.06659
-0.08876
-0.05973
0.04650
0.01291
-0.02625
0.01004
-0.00313
-0.01384
-0.05296
-0.03958
0.11471
0.04634
-0.06805
-0.00965
0.00255
-0.02505
0.03790
-0.07683
-0.05400
0.01442
-0.01319
-0.05714
0.04102
0.04961
-0.00152
-0.01314
0.01597
0.01667
0.05106
-0.07134
0.06408
-0.01403
-0.04762
0.03774
-0.03946
-0.07082
0.01327
0.03863
-0.02746
0.00132
-0.04723
-0.05625
0.05585
-0.03699
0.00511
-0.00310
-0.01982
0.04021
0.02475
0.07373
-0.00272
0.02853
-0.02934
0.04975
-0.02762
-0.08302
0.04398
0.01363
-0.01893
0.02298
-0.02987
-0.01132
-0.06945
-0.00719
0.01699
-0.01375
0.02931
0.01962
0.09191
-0.07141
-0.02016
-0.00361
-0.08697
-0.01094
0.01385
-0.00432
-0.04700
-0.06021
-0.05709
0.00199
-0.04620
-0.01961
-0.07187
0.01139
-0.06031
0.04884
0.02754
-0.02352
-0.00091
-0.01927
-0.01853
0.01390
-0.05761
0.03033
-0.00983
-0.01284
-0.07164
-0.06018
0.02003
-0.01062
0.05348
0.04641
-0.07418
-0.04257
0.05238
-0.06185
-0.04794
0.02302
-0.04432
0.01381
-0.09194
-0.02410
-0.01019
0.01908
-0.07851
-0.01898
-0.00881
0.02409
-0.01170
-0.00440
-0.01134
0.06285
-0.02686
0.04259
-0.03547
0.01374
0.03243
-0.06171
-0.02299
-0.04164
-0.01274
-0.00603
0.01250
-0.00511
-0.04224
-0.06193
0.00062
-0.01345
-0.04735
-0.02313
0.03745
-0.03665
0.03640
0.08327
0.02793
0.04728
-0.08326
-0.02766
-0.01655
0.06348
0.06372
-0.05808
0.03511
0.01186
0.06033
-0.00142
-0.01215
0.07359
-0.03726
0.00757
-0.00776
-0.08191
-0.01956
0.10707
-0.01583
-0.06018
0.00567
0.00274
-0.05951
0.03343
0.02319
-0.03537
0.07168
0.01273
-0.02817
0.13213
0.03749
-0.01128
0.03952
0.03315
-0.06946
-0.01246
-0.02322
-0.04696
-0.01001
0.02574
0.02796
0.10045
0.03148
-0.02458
0.03979
0.04268
-0.01417
0.00412
0.02231
-0.00573
0.04155
-0.01195
-0.00718
0.06978
0.04624
-0.02148
0.02571
-0.04219
0.05663
0.01108
-0.03132
-0.02718
0.02363
0.04483
0.03142
-0.03860
-0.04644
0.01804
0.10783
-0.00048
