-0.03077
0.08263
0.02575
-0.01587
-0.01366
-0.10742
0.03395
-0.04311
0.04017
0.00341
-0.03693
-0.06280
-0.08834
-0.00535
0.03796
0.03493
0.00855
-0.01330
-0.03282
0.11627
0.01505
0.00494
-0.03073
0.00766
0.01208
-0.05894
0.05020
-0.01816
0.00875
-0.02484
-0.04418
0.04371
-0.04242
0.06011
0.03276
-0.03849
0.03624
-0.05549
0.06616
0.01688
0.03663
-0.05658
-0.02059
-0.00445
-0.01964
0.02545
-0.00655
-0.00184
0.06142
0.11462
0.08006
-0.01068
-0.09845
-0.03029
0.06733
-0.05899
-0.05786
-0.03534
0.06784
0.01535
-0.04001
-0.02525
0.05832
-0.00055
0.00138
-0.00690
-0.03598
0.03014
0.01282
-0.07762
-0.01987
-0.01745
-0.01688
0.04516
0.01228
0.01844
0.06023
-0.06374
-0.00315
-0.01116
0.01371
-0.02311
-0.01082
-0.06974
-0.03178
-0.01390
0.02947
-0.07861
0.01779
0.03532
-0.04258
0.01317
0.02948
-0.02598
-0.10788
-0.00581
-0.05406
0.02463
-0.00187
-0.04599
0.00325
0.03709
-0.01887
-0.05419
-0.04806
-0.01232
0.03635
-0.01061
-0.03896
-0.01640
-0.01413
-0.10788
0.06773
0.09855
0.01406
0.02413
0.00253
-0.00707
-0.03864
-0.04222
0.02892
0.07885
0.06267
0.04147
0.04309
-0.05251
0.01682
-0.03097
-0.04281
0.06204
-0.02122
-0.05634
-0.06375
-0.04914
0.02409
-0.04764
-0.04438
-0.03328
-0.01934
0.00659
0.10289
0.02554
-0.01121
0.01455
0.03553
0.08946
0.02721
0.03670
-0.00895
-0.01125
-0.02269
0.05530
0.01323
-0.02854
-0.05978
-0.05355
0.00391
-0.02451
-0.06830
0.03409
0.02642
-0.01777
0.00143
0.00936
-0.01251
0.00027
-0.00231
0.02506
-0.02364
-0.07993
-0.00314
0.03372
0.05206
0.01186
-0.01499
-0.04841
-0.03542
-0.03346
0.00636
0.05107
0.05136
0.00449
0.05137
-0.03753
-0.04877
-0.02572
-0.03373
-0.05454
-0.03792
0.04730
0.00730
0.07973
0.02565
0.05966
0.00311
-0.03329
-0.02207
-0.04947
0.01398
-0.07071
-0.06298
-0.05768
0.03791
0.06846
0.08592
-0.08683
0.05846
0.05088
-0.05977
0.07552
0.05981
0.02337
-0.02123
-0.03060
-0.04174
0.00764
0.03218
-0.07032
-0.03221
0.03852
0.05705
0.06405
0.03473
-0.00482
0.02867
0.11208
0.04656
0.03474
0.02151
0.08694
-0.01523
-0.10370
-0.01948
0.05119
-0.03809
0.06808
-0.06910
0.00959
-0.01893
0.05000
0.02491
-0.01443
-0.00687
0.00600
0.01012
0.02706
-0.06957
-0.00936
0.09904
-0.10221
-0.05213
0.04790
-0.04876
-0.05255
-0.01639
-0.06175
-0.01788
-0.01516
-0.07346
0.00074
0.00158
0.01945
-0.01352
-0.02211
0.00738
0.03321
-0.03771
-0.02723
0.00677
-0.03419
0.00665
0.00221
-0.01394
0.01586
0.00397
0.05864
-0.05602
-0.00014
0.07086
0.08490
-0.05665
-0.02819
-0.00414
0.02098
0.02814
-0.04129
0.00539
0.02402
-0.02957
0.07177
-0.09066
0.08240
0.01165
-0.07706
-0.00629
0.03545
-0.08848
-0.03903
-0.00141
-0.01176
-0.04269
-0.01669
-0.05615
0.01285
0.00280
-0.03286
0.09420
0.00245
-0.02932
-0.02352
0.01956
0.00362
-0.02506
-0.09210
-0.02539
-0.04078
-0.01633
-0.02937
0.02824
-0.01089
0.00613
0.01793
0.04656
0.04668
0.05079
-0.04652
0.01235
-0.01010
-0.08210
0.03108
-0.06828
-0.04031
0.00192
0.00747
-0.03444
0.01713
0.00868
-0.03211
0.05896
-0.01831
-0.03120
0.00433
-0.06240
0.00556
0.05363
0.05650
-0.00862
0.05552
-0.04309
0.06062
0.00704
-0.05264
0.01697
0.02575
-0.02541
0.04917
-0.04545
0.02295
-0.04762
0.01863
0.05946
-0.00791
0.01505
0.01520
0.04082
-0.04388
-0.05354
0.00374
-0.05337
0.00808
-0.00948
0.02059
-0.01069
-0.01804
-0.04792
0.03637
-0.06762
-0.02683
-0.05138
0.04568
-0.03091
0.07930
0.02542
-0.01676
0.03352
0.00750
-0.02911
0.10033
-0.05722
0.02684
-0.02298
-0.01314
-0.06680
-0.00976
-0.00742
-0.09521
-0.00856
-0.04444
-0.05275
-0.02260
0.05615
-0.07743
-0.03043
0.01528
-0.06287
-0.06934
0.00091
-0.03588
0.00912
0.03657
-0.10778
-0.05829
-0.01735
0.06116
-0.04602
0.00625
-0.04138
0.03193
-0.01283
-0.00136
-0.03390
0.00404
0.01527
-0.01245
0.03825
-0.03500
-0.00789
-0.00376
-0.01962
-0.01548
-0.03774
-0.08307
0.06466
-0.06956
-0.01391
-0.01919
-0.00819
-0.06207
0.00103
0.02666
-0.04776
0.00522
0.00205
0.02838
-0.03221
0.04454
0.12738
-0.06007
0.03573
0.01273
0.02951
-0.02288
-0.01185
0.02479
-0.06074
0.01163
0.02207
-0.04430
-0.00962
0.06536
0.01065
-0.03480
0.00650
-0.02005
-0.10251
0.04441
0.02806
-0.01754
0.09767
0.01447
0.02453
0.11212
0.01688
0.02858
0.06805
0.06697
-0.04130
0.06266
-0.01525
0.00019
-0.00487
0.02845
0.01278
0.08239
0.05447
-0.01467
0.03626
0.00615
0.03723
0.03169
-0.03096
-0.04098
-0.00081
-0.03012
-0.02847
0.03374
0.03244
0.01588
0.02046
-0.02268
0.04831
-0.01852
-0.01510
0.03693
0.02920
0.01927
-0.05102
0.00706
-0.01590
0.00786
0.04197
-0.00736
