-0.02279
0.06070
0.03739
0.03864
-0.00533
-0.03911
-0.05926
-0.01202
0.02621
-0.06202
0.00384
-0.05225
-0.05684
-0.00026
0.01310
-0.01027
-0.00759
0.03224
0.01043
0.01228
0.00772
0.01864
-0.04364
-0.00804
0.01305
0.00285
0.03311
0.01343
0.09092
-0.00906
-0.00949
0.01217
0.03817
-0.03317
0.00496
-0.02321
0.00899
-0.07722
0.10457
0.02157
-0.02328
-0.07552
-0.02833
-0.02156
0.04824
0.01906
-0.04307
-0.01195
0.10607
0.06193
0.06893
0.01890
-0.08345
-0.01015
0.07271
0.00708
0.00270
-0.02626
0.03487
-0.01908
-0.00585
-0.03220
-0.00477
-0.00775
-0.03645
0.04905
-0.04899
0.05755
-0.02410
-0.08660
0.01147
0.02888
-0.00783
0.04326
0.03379
-0.01235
0.05345
-0.03939
-0.08101
0.01769
-0.00351
-0.01562
0.04110
-0.01632
0.01681
-0.03873
0.04821
-0.01545
0.05990
0.08017
-0.02148
-0.03593
0.07760
0.04585
-0.10727
0.04000
-0.06067
0.03917
-0.02126
0.01291
-0.00056
-0.00993
0.05927
-0.07520
-0.02746
-0.03632
0.01951
-0.03655
-0.01247
-0.02390
0.04390
-0.03232
-0.01117
0.10402
0.02637
0.04031
0.01863
-0.02605
-0.00222
0.01067
0.03238
0.04541
0.00291
0.08970
0.01830
-0.05303
0.01312
-0.03350
0.01702
0.04470
0.03388
-0.02565
-0.05190
-0.00179
-0.00734
-0.00345
-0.01423
-0.02257
-0.01144
-0.00757
0.03702
0.02718
-0.05922
-0.03903
0.10170
0.03930
0.03389
-0.00689
0.00969
-0.04578
0.02025
0.07320
0.03236
-0.02821
-0.00268
-0.04142
0.04362
-0.04071
0.01210
0.01794
0.00871
-0.06710
-0.03065
-0.01428
0.01757
-0.03237
0.06685
0.06336
-0.05760
0.00961
-0.00849
0.05563
0.02125
-0.04273
-0.02700
-0.07564
-0.03509
-0.04317
-0.00416
0.07632
0.11061
-0.02531
-0.03676
-0.01790
-0.00367
-0.01508
-0.07366
-0.06375
-0.05443
0.07057
-0.04524
0.07156
-0.00095
0.01797
-0.01602
-0.05385
-0.03464
-0.05762
0.02288
-0.04198
-0.04559
-0.02323
0.00671
0.06685
0.00533
-0.09978
0.00035
0.00124
-0.04426
0.09324
0.06027
-0.03574
0.00912
0.01382
-0.05803
0.02550
-0.05570
-0.01227
0.01009
-0.05076
0.04589
0.03388
0.03039
-0.00647
-0.03975
0.05849
-0.01406
0.02414
0.06601
0.04210
0.00142
-0.12394
-0.00861
0.06399
-0.01594
0.04307
-0.06991
0.02606
0.01616
0.06612
-0.04007
0.01771
0.06054
-0.01001
0.02133
0.00936
-0.09095
-0.02328
0.06660
-0.07615
-0.01607
-0.00247
-0.05640
-0.02603
0.04109
-0.03096
0.04724
0.01032
0.05514
-0.02320
-0.04962
0.03348
0.00623
-0.01038
0.05022
-0.00896
0.02882
-0.04055
-0.05185
0.01226
-0.04543
0.01809
0.01468
-0.00870
0.07853
0.04157
-0.01082
0.01319
0.02920
0.04514
-0.03467
-0.01842
-0.04455
0.00554
0.04563
-0.00657
-0.02909
0.04014
-0.00320
0.01767
-0.02720
0.02115
-0.03021
-0.08459
-0.05627
0.07714
-0.04661
-0.03394
0.01803
0.03197
-0.05967
-0.01344
0.01754
0.01173
-0.03520
-0.08249
0.10297
0.03975
-0.07110
-0.06669
-0.01377
-0.01084
0.03925
-0.04713
-0.01990
0.00344
0.01576
-0.09969
0.02112
0.06939
0.03935
0.01693
0.01370
0.02584
0.05699
-0.08866
0.06892
-0.01016
-0.03128
0.01339
-0.03678
-0.05804
0.03325
0.05880
-0.02199
0.00334
-0.03863
-0.02450
0.04605
-0.05450
0.01776
0.01429
-0.01049
0.03460
0.05153
0.04588
0.00923
0.01406
0.00740
0.04740
0.02377
-0.08190
-0.03253
0.05998
0.02580
0.03801
-0.02296
0.01951
-0.05856
-0.00137
0.00117
-0.01789
0.03628
0.04469
0.04695
-0.08887
0.00005
-0.02153
-0.09841
0.01826
0.03950
-0.05766
-0.03175
-0.08586
-0.02015
0.01791
-0.04974
0.00362
-0.05987
0.00979
-0.06602
0.04832
-0.00428
0.06787
-0.00659
-0.04949
-0.11673
0.01182
-0.05774
0.01302
-0.01582
-0.04164
-0.03445
-0.08419
0.00466
-0.02011
0.07644
-0.02755
-0.06717
0.01667
0.02233
-0.05323
-0.06769
0.00562
-0.05678
-0.01872
-0.02664
-0.01887
0.00872
0.03089
-0.04264
-0.01657
0.00359
0.01863
0.02139
0.00194
-0.00687
0.11279
-0.00405
0.04322
-0.03508
0.00327
0.00443
-0.07948
-0.02780
-0.01274
-0.04923
0.00761
-0.00249
-0.05008
0.02888
-0.00392
-0.01105
0.01294
-0.09416
-0.02911
0.04308
-0.06261
0.01037
0.04529
0.08799
0.07135
-0.09901
-0.05351
-0.06924
0.05948
0.02962
-0.05677
0.02053
0.00162
0.05757
0.03098
-0.02385
0.06669
-0.01872
-0.03136
-0.00269
-0.04295
0.01142
0.11882
-0.06651
-0.08884
-0.03381
-0.01750
-0.02456
0.02459
-0.01728
-0.01944
0.08465
0.00787
-0.03814
0.08913
0.05131
-0.04828
0.06036
-0.02680
-0.05775
-0.04510
-0.00148
0.02387
-0.00778
0.04586
0.01564
0.07587
-0.00480
-0.02469
0.02683
0.02765
0.01386
-0.00230
-0.02208
0.02499
-0.00283
-0.03270
-0.00099
0.02784
-0.01246
0.00248
-0.02928
-0.03230
0.03662
0.02173
-0.02366
-0.01821
0.05789
0.03743
0.00236
-0.02517
-0.02063
-0.03542
0.08240
-0.02808
