-0.02400
0.07230
0.03568
-0.01592
-0.00922
-0.10835
-0.01592
-0.06036
0.04038
-0.01628
-0.01026
-0.07189
-0.08735
-0.01557
0.04796
0.01940
-0.00815
-0.00060
-0.00090
0.08072
0.02444
0.01522
-0.05956
0.02315
0.00785
-0.03288
0.00062
-0.01705
0.01297
-0.01182
-0.04457
0.02684
-0.00796
0.03201
0.05515
-0.05385
0.02704
-0.06286
0.08283
0.04137
0.01322
-0.05913
-0.05605
0.01303
-0.00335
0.02448
-0.02567
-0.02656
0.08942
0.10890
0.08374
0.00040
-0.11673
-0.04533
0.07884
-0.02666
-0.04716
-0.04993
0.03711
0.00596
-0.01231
-0.00654
0.02614
-0.03103
-0.00277
0.01775
-0.03798
0.04631
-0.01763
-0.07589
0.01376
0.03170
-0.05338
0.04360
0.04179
-0.00227
0.05629
-0.02377
0.00927
0.01068
-0.00427
-0.02125
-0.01634
-0.04415
-0.01890
-0.04077
0.05541
-0.00897
0.03370
0.05986
-0.02289
-0.03108
0.05284
0.01873
-0.11673
-0.01558
-0.02920
0.04020
-0.00435
-0.02452
-0.00029
0.01755
0.01740
-0.06407
-0.02644
-0.02533
0.02504
-0.00513
-0.03064
-0.00962
0.01503
-0.10903
0.04287
0.12479
0.01377
0.02684
0.04009
-0.00153
-0.04208
-0.00565
0.02119
0.07278
0.01396
0.10864
0.05530
-0.00818
0.00131
-0.03188
-0.00348
0.07448
-0.00244
-0.06487
-0.02025
-0.05490
0.04060
-0.06038
-0.03003
-0.01681
-0.01672
0.01470
0.08151
0.02890
-0.02478
-0.01149
0.05935
0.05353
-0.00138
0.03097
0.00879
-0.02859
-0.02960
0.04082
0.03421
-0.04714
-0.04735
-0.08624
0.05786
-0.02336
-0.03695
0.03834
-0.00842
-0.07407
-0.04180
0.01605
-0.00462
-0.01050
0.05256
0.05350
-0.00863
-0.04803
-0.00155
0.05230
0.02576
-0.01442
-0.05330
-0.05656
-0.02502
-0.00943
0.01155
0.05897
0.09556
-0.03450
0.03918
0.01757
-0.02453
0.00500
-0.06534
-0.04859
-0.06800
0.07436
-0.00524
0.04983
0.03494
0.07713
-0.01896
-0.04761
-0.01150
-0.04070
0.01921
-0.05119
-0.04002
-0.05829
0.02315
0.06424
0.04064
-0.09988
0.02594
0.05459
-0.04481
0.08417
0.04197
-0.03236
-0.01208
-0.01811
-0.05223
0.00478
-0.00660
-0.05231
-0.01685
0.01251
0.05019
0.06690
0.02192
0.00552
0.00905
0.08598
0.02519
0.01843
0.03854
0.09105
-0.02363
-0.11488
-0.03190
0.02992
0.00153
0.08537
-0.08695
0.03239
0.01210
0.06161
0.00203
0.01552
0.02822
0.01631
0.00795
0.01323
-0.04557
0.02920
0.11572
-0.10612
-0.02493
0.04876
-0.05840
-0.06956
0.00053
-0.04384
0.01374
0.00116
-0.04053
-0.01695
-0.02554
0.02175
-0.02455
0.00641
0.03969
0.03869
-0.00973
-0.01583
-0.01893
-0.01183
-0.03314
-0.00557
-0.01310
0.01639
0.01916
0.03363
-0.04122
-0.02708
0.03288
0.03626
-0.04162
-0.02944
-0.00631
0.02409
0.07698
-0.02143
-0.03231
0.00399
-0.02025
0.06453
-0.08202
0.05926
0.03130
-0.08864
-0.01202
0.05827
-0.07034
-0.04818
0.02828
0.00848
-0.05939
-0.00671
-0.02106
0.02803
-0.03269
-0.04514
0.11354
0.00229
-0.03148
-0.02873
0.00987
0.02080
0.04950
-0.08885
-0.00373
-0.06507
-0.01850
-0.04412
0.00374
0.00199
-0.00043
0.03296
0.01283
0.02669
0.03898
-0.07543
0.03112
-0.00132
-0.05468
0.06701
-0.09305
-0.02833
-0.01029
0.05313
-0.02541
-0.00230
-0.05009
-0.03167
0.04439
-0.00160
-0.00437
0.02353
-0.04265
0.02818
0.02849
0.07698
-0.00289
0.02214
-0.03943
0.05271
0.00227
-0.06233
-0.00271
0.05733
-0.00514
0.04763
-0.01955
-0.00283
-0.03224
-0.03165
0.00982
0.01743
0.01439
0.01650
0.01844
-0.07290
-0.03023
-0.00141
-0.09811
0.01089
-0.00385
-0.00628
-0.02014
-0.04571
-0.03094
0.00252
-0.05326
-0.02154
-0.06700
0.03501
-0.01795
0.05126
0.00797
0.04408
0.03204
-0.00215
-0.05603
0.04866
-0.04039
0.03931
-0.04657
-0.02046
-0.04267
-0.03875
-0.00453
-0.07115
0.01588
-0.04940
-0.08812
0.00217
0.04842
-0.06250
-0.03271
0.00770
-0.06445
-0.05965
0.00437
-0.03834
0.00002
0.00876
-0.10278
-0.03838
-0.01239
0.04142
-0.02080
0.02863
-0.02971
0.06100
-0.01039
0.01974
-0.03805
-0.00497
-0.00419
-0.01935
0.03063
-0.03571
-0.00722
-0.02843
-0.04754
-0.02130
-0.00034
-0.06450
0.02940
-0.04110
-0.04716
-0.00231
0.04306
-0.03285
-0.01930
0.07059
0.01510
0.04043
-0.02522
-0.00370
-0.00925
0.01883
0.11500
-0.07918
0.03349
0.01203
0.03286
0.01527
0.00481
0.06423
-0.05815
-0.02409
0.00716
-0.02658
-0.02118
0.06615
-0.00758
-0.07559
0.00054
-0.03859
-0.06910
0.02915
-0.00753
-0.01591
0.10372
-0.01237
0.00665
0.12503
0.01415
-0.01908
0.05199
0.00360
-0.06421
-0.00878
-0.00240
0.02164
-0.03822
0.05701
0.02621
0.11203
0.07106
-0.03143
0.05105
-0.02677
0.04369
-0.00675
-0.01752
-0.00389
0.00194
-0.01952
-0.02435
0.04348
0.03674
0.01882
-0.01810
-0.03065
0.04100
0.02332
-0.01184
0.00952
0.03432
0.02055
-0.05433
-0.00719
-0.02507
-0.00945
0.05256
-0.01936
