-0.05317
-0.04769
-0.05585
-0.02887
-0.03260
-0.07107
-0.02195
-0.00944
0.02503
-0.04722
-0.00990
0.01536
0.02363
0.02420
0.03535
0.05141
-0.00524
0.01357
-0.05438
-0.00323
-0.02365
-0.05545
-0.00445
-0.00093
0.00317
-0.04014
-0.05224
-0.06145
0.03584
-0.02653
0.02589
0.03774
0.00444
0.06048
-0.09710
0.01992
0.03213
-0.01625
-0.04089
0.07183
-0.00967
-0.01859
-0.02708
0.03659
0.05634
-0.02160
0.04201
0.02248
-0.06986
0.01576
0.00236
0.07275
0.03373
-0.00379
-0.07500
-0.01022
-0.07097
-0.01175
-0.01630
-0.01264
-0.01465
0.03050
-0.06051
0.01183
-0.01384
0.05728
-0.05867
0.08230
-0.06308
-0.02453
0.00896
-0.06236
0.02758
0.04120
0.00883
-0.01875
0.00046
0.04670
-0.06135
-0.03180
0.02039
0.05549
-0.01826
0.01800
0.01769
-0.02035
-0.00424
0.09136
-0.04853
0.01452
0.06327
0.01288
0.02693
-0.01326
-0.01082
0.01028
-0.00372
-0.01752
-0.00079
-0.01331
0.00242
0.03769
0.01309
-0.06281
0.00234
0.00845
-0.01133
-0.04393
-0.05020
-0.06319
0.06457
0.02873
-0.03708
0.05987
0.06361
0.08742
-0.00101
-0.03598
-0.02562
0.01517
0.02627
0.03499
0.02845
0.04469
0.00339
-0.04107
-0.04485
0.01500
0.05402
-0.05626
0.01549
0.01106
0.02663
-0.01042
0.03063
-0.05350
0.02078
-0.13296
-0.02359
-0.05399
-0.06394
0.01713
-0.05813
0.02812
0.07504
-0.04900
-0.02978
0.03222
0.02129
-0.05095
-0.05273
-0.01442
0.00197
-0.01598
0.07722
0.00537
0.03269
0.00832
0.05949
-0.04384
0.05511
0.03965
0.03897
-0.04854
0.09131
0.02932
-0.08143
0.06561
-0.00314
-0.03140
-0.05285
-0.01108
-0.01896
-0.01093
-0.03572
-0.04527
0.01067
-0.02768
-0.04120
0.00973
0.04714
-0.01961
-0.01186
-0.00218
0.02104
0.02143
-0.08270
-0.03443
-0.02080
0.00772
-0.05162
-0.07528
0.02920
0.05039
-0.00594
-0.01336
0.04622
0.03328
0.00551
0.04995
0.02638
-0.09900
0.01562
-0.01153
-0.04510
-0.05426
0.03458
0.00241
0.03302
0.06386
0.00384
0.08618
-0.01661
0.05365
0.03716
0.01366
-0.00616
0.03137
0.02096
-0.11345
-0.00898
-0.00846
0.00639
-0.07963
0.01471
-0.04312
0.02431
0.03653
-0.03957
0.01637
-0.07280
-0.02751
0.04724
0.01670
0.00418
0.03822
0.01028
-0.04954
0.04960
-0.03189
0.02949
0.00564
0.00631
0.01873
-0.01713
0.02258
0.01967
0.06739
-0.06718
-0.01958
0.01575
0.03697
0.02932
-0.04359
0.01520
-0.02501
0.04991
-0.08179
0.00776
0.03069
-0.02820
-0.07442
-0.11017
0.01383
-0.01201
0.02442
0.01468
-0.09129
-0.04454
0.01222
-0.09277
-0.02411
-0.01958
-0.01844
0.03373
-0.02875
0.00951
0.04612
-0.00013
0.02498
-0.03125
-0.04611
0.06595
0.04794
0.07043
0.03463
0.04527
-0.04034
0.02259
-0.06241
0.01565
0.07131
0.05003
-0.03168
-0.01111
0.06038
0.02336
0.02405
0.04976
0.13241
0.00722
0.01077
-0.00750
0.01468
0.02975
-0.00952
-0.01015
-0.06793
0.03158
-0.05555
-0.06873
0.03623
0.03848
-0.03770
-0.01182
-0.03116
0.01219
-0.00216
0.05096
0.06199
-0.03970
-0.01552
-0.03086
0.01329
-0.02649
-0.03042
-0.00128
0.05896
-0.01451
0.06924
-0.03718
0.00620
-0.02617
0.04117
-0.04658
-0.03801
-0.02427
-0.03388
0.08473
0.01818
-0.04107
-0.06319
0.02699
0.00103
0.07826
-0.03879
0.02873
-0.02298
0.05351
0.05306
0.05476
-0.02644
0.00658
-0.00152
0.08723
0.02479
-0.07414
-0.06918
-0.01331
0.02974
0.02406
-0.09818
-0.04627
-0.00216
0.02820
-0.00042
0.03701
0.04132
0.02261
-0.10555
0.06140
-0.00610
0.05671
0.00767
0.03088
0.01451
-0.01101
-0.03558
0.01316
-0.03639
-0.04224
-0.03481
0.00977
0.00461
-0.09760
-0.01269
-0.05400
-0.00870
0.04887
-0.04564
-0.01643
0.01880
0.06189
-0.00806
-0.02888
0.00216
0.00930
0.03292
-0.00499
-0.04317
0.02934
0.01394
0.02434
-0.05828
-0.05806
-0.03497
0.06365
0.03537
-0.04069
-0.04086
0.04005
-0.02041
0.00352
-0.04745
-0.04854
0.08686
-0.03067
-0.03318
0.00238
-0.03255
-0.04588
0.04661
-0.03864
0.01284
-0.07745
-0.00879
-0.01490
-0.00808
0.00886
0.01210
-0.00799
0.00031
-0.00271
0.02523
-0.01336
-0.03788
0.04898
0.00423
-0.03789
0.02967
0.05154
0.02368
0.01109
0.03681
0.00608
0.01729
0.00198
-0.07671
0.11707
0.04107
-0.07260
0.02595
-0.04433
-0.01074
0.00991
0.06442
-0.01085
0.03053
0.01566
0.02906
0.05275
-0.09522
0.01485
-0.10242
0.04029
-0.00902
-0.03481
0.01932
-0.02731
0.13263
0.00629
0.06647
-0.08447
0.00762
-0.00112
-0.03399
-0.03472
-0.05132
0.08428
0.04022
0.00999
-0.08870
-0.06326
0.03470
0.02655
-0.02873
0.03194
-0.04400
0.10105
-0.02465
0.00039
0.00720
0.02977
0.00926
0.03539
-0.05100
-0.02189
0.02198
0.07997
0.00370
-0.11425
-0.00059
-0.08522
0.04396
-0.01353
0.05471
0.03202
-0.03234
0.00135
-0.02391
0.09686
0.01253
