0.02567
-0.03736
-0.03331
0.07908
-0.01915
0.02815
0.00960
0.02706
-0.02835
0.03926
0.03758
0.09969
0.05204
0.08081
0.02096
-0.04004
-0.02220
0.00853
-0.02738
-0.02870
-0.04951
0.02148
0.06334
-0.01683
0.00585
-0.04822
-0.03276
0.00578
0.04088
-0.09017
0.01983
-0.01350
0.00863
-0.08475
-0.04846
-0.00094
-0.07381
0.01871
-0.03261
-0.05685
-0.02783
0.02580
-0.01076
-0.08889
0.06023
0.06657
0.01060
-0.01318
-0.01998
-0.01416
0.02399
-0.04749
0.03298
-0.03432
-0.08551
-0.00923
-0.00671
0.00534
-0.04309
0.04967
-0.03592
-0.01423
0.01325
0.09192
-0.02469
-0.00534
0.00486
-0.07649
0.01117
0.01256
0.00605
0.05466
0.03639
0.03855
0.01622
-0.05811
0.00288
-0.01308
0.04322
0.06755
0.06811
0.03496
-0.05633
-0.01664
0.05242
0.02815
0.03549
0.01370
-0.06350
-0.01897
0.00449
0.02182
0.03225
-0.05191
0.00564
0.04750
-0.00012
0.00048
0.01860
0.03262
0.02229
0.02273
0.04080
0.02436
0.03619
-0.00206
-0.09218
0.00077
-0.00983
-0.02996
0.06583
0.02692
0.01077
-0.02205
0.05570
-0.03016
0.01537
-0.03592
-0.04989
0.01941
-0.00829
0.03492
-0.04267
-0.08726
0.00355
-0.07027
0.02973
-0.03387
-0.00174
-0.02663
0.03484
-0.02890
0.02165
0.03342
-0.06654
0.04018
0.00907
0.05143
0.06151
0.04051
0.00932
0.08927
0.07791
-0.00298
0.00740
0.01828
-0.08387
0.06021
-0.03353
-0.02286
-0.04377
0.02937
-0.07311
0.01433
0.08342
-0.02981
-0.02508
0.00372
-0.08525
-0.03193
0.03026
0.05674
0.11273
-0.04751
-0.00264
-0.04148
-0.01424
-0.00456
-0.05525
0.03796
-0.12105
-0.02452
0.07327
-0.05631
0.01734
-0.00534
0.01508
-0.00122
-0.00945
0.04137
-0.02825
-0.07540
-0.02913
-0.03348
0.02160
-0.04364
0.01362
-0.06972
-0.01040
0.02056
-0.09538
0.01688
0.11694
-0.01149
0.03569
0.08265
0.01250
-0.07997
0.06710
-0.07844
0.03885
0.01167
-0.00539
-0.05701
-0.02339
-0.02044
-0.00620
-0.00861
0.05547
0.02130
-0.06219
0.07689
-0.08103
-0.04681
0.05740
0.05800
-0.01896
-0.00057
-0.04511
-0.02388
0.01094
0.09093
0.02925
0.01593
0.03694
-0.04637
-0.00422
0.03348
-0.00948
-0.01385
0.00836
0.01803
0.03208
-0.06773
-0.10891
0.01506
-0.02112
0.01341
0.06310
0.00456
-0.01841
-0.01448
-0.03350
-0.03680
0.01413
-0.00199
-0.03586
-0.03551
-0.01057
0.06094
-0.01374
0.02998
0.01716
0.08257
0.03408
0.02792
-0.07381
0.01642
-0.02920
0.07695
-0.00907
0.01601
-0.02337
-0.05160
0.02459
-0.03776
-0.00910
0.02046
0.05064
-0.00232
-0.02138
0.00421
0.07167
-0.00237
0.01826
-0.01676
0.02961
-0.00358
0.02218
0.06122
0.01857
0.06099
-0.09192
-0.07796
0.02503
0.07562
0.04593
0.05937
-0.07349
-0.06313
0.04278
-0.04830
0.07194
0.04197
-0.01928
0.02178
-0.02714
0.03513
-0.01517
-0.02874
0.07237
0.03260
0.04763
-0.06572
-0.00197
-0.03249
-0.03168
-0.05478
-0.00738
-0.01703
-0.06105
-0.00212
0.01583
0.08363
0.06020
0.00405
-0.00142
-0.02959
-0.06642
0.04652
0.01261
-0.03400
-0.01711
-0.02690
0.07987
-0.04564
-0.07267
0.00538
0.01877
-0.01773
0.03853
0.07456
-0.01741
0.00914
-0.01211
0.00448
-0.00538
0.04326
-0.04395
0.06222
0.06562
-0.06275
0.04456
0.02968
0.09070
-0.03748
-0.02853
0.01040
0.05137
0.02975
0.05026
-0.07069
-0.03982
0.01487
-0.02099
0.04668
-0.03308
-0.00431
0.00340
0.00192
0.04918
-0.03468
-0.02660
0.02966
-0.04163
0.00458
0.02045
0.01883
-0.02053
-0.05738
0.01312
-0.01502
0.04297
0.07636
0.07610
0.06096
-0.01968
0.03794
-0.04710
0.00734
-0.08376
0.03766
-0.03580
0.01140
-0.02061
-0.10006
-0.02669
0.00259
-0.03861
-0.03228
0.07055
-0.05511
-0.00800
-0.01149
0.00836
0.02395
0.01495
0.00534
0.03109
0.04749
-0.12824
0.04176
-0.00529
0.01426
0.01191
0.02951
0.00814
0.02590
0.00238
-0.03650
0.02672
0.01743
0.01844
-0.03811
0.01388
0.01337
0.01482
0.08700
-0.03546
-0.06486
0.02172
-0.00397
-0.03428
-0.01148
-0.01234
0.04821
0.02404
-0.05091
0.06690
-0.05462
-0.06193
0.05635
0.05620
-0.04783
-0.05986
-0.01325
-0.08139
-0.03802
-0.04392
-0.00190
0.00618
0.01578
-0.00616
0.00587
-0.05554
-0.02429
-0.03695
0.02765
-0.02019
-0.05080
-0.00460
-0.08035
0.05115
0.01370
-0.00196
0.02192
0.09342
0.02267
0.04304
-0.02301
-0.07482
-0.01014
0.03731
0.02430
0.03016
0.00509
0.00643
-0.01823
-0.04300
0.01670
-0.01112
-0.06681
0.03354
-0.02841
-0.06445
-0.00628
0.05649
-0.06039
0.12233
0.05691
0.02818
0.01384
-0.07401
-0.01509
-0.01475
-0.05780
-0.01972
0.02242
0.06232
0.00156
-0.05263
-0.02613
0.00949
-0.06440
0.05672
-0.07581
0.00930
-0.02598
-0.03398
-0.05018
0.03908
-0.00014
-0.02241
-0.06013
-0.03731
0.03997
0.02357
0.03442
0.04551
-0.09108
-0.04034
0.00143
