-0.08173
-0.03378
-0.06158
0.00289
0.01708
0.01960
0.00950
0.00543
0.03478
-0.03407
-0.02491
0.04692
0.02634
0.01300
0.00684
0.03742
0.02667
0.04639
-0.04823
-0.04868
-0.09009
-0.01480
0.04828
-0.03720
-0.02511
-0.01750
-0.05284
-0.05280
0.01978
0.01643
0.01559
0.03692
-0.00379
-0.00496
-0.08169
0.01299
0.04663
-0.05056
-0.07496
0.07167
-0.01681
-0.01634
-0.01799
0.04843
0.07888
-0.02802
0.06990
0.05336
-0.03724
-0.03774
-0.04897
0.08804
0.05442
-0.00757
-0.05590
0.04409
-0.03896
0.00855
0.01656
-0.03399
0.00916
-0.00518
-0.04342
-0.02821
-0.04959
0.07680
-0.09691
0.05254
-0.05665
-0.01171
-0.03876
-0.03797
0.05754
-0.00963
0.02352
-0.03562
-0.02324
-0.02254
-0.06263
-0.03362
-0.03740
-0.00078
-0.01932
0.00581
-0.01799
-0.01471
-0.06553
0.06966
-0.04310
-0.02249
0.05780
-0.00595
0.08826
-0.02801
0.01104
0.00433
-0.02281
0.01177
0.01995
0.02539
0.02549
0.01296
0.02186
-0.05496
0.01093
0.00781
-0.04974
-0.08604
-0.04636
-0.05970
0.03334
0.06464
-0.08764
0.01949
0.04293
0.04791
0.01540
-0.03821
-0.04193
-0.03785
0.00665
-0.00103
0.04803
0.05997
0.01520
-0.07265
-0.01640
0.02146
0.05270
-0.04490
0.00020
-0.02578
0.06447
-0.00993
-0.02409
-0.03233
-0.00884
-0.10682
0.04329
-0.01930
-0.06866
0.02515
-0.06680
0.05376
0.10161
-0.03664
-0.00004
-0.03275
0.02223
0.03151
-0.00676
-0.01351
0.01183
0.01165
0.07630
-0.01133
0.02603
-0.00807
0.07474
-0.05081
0.06952
0.02878
-0.00236
-0.00834
0.05774
0.02623
-0.04544
0.03638
0.00987
-0.02122
-0.02347
0.01686
0.01327
0.02183
-0.05090
-0.03938
0.00506
-0.00328
-0.03144
0.02302
0.00431
-0.00516
-0.03556
-0.00558
0.04104
0.01309
-0.02544
-0.00671
0.00627
-0.01329
-0.02859
-0.04303
0.00239
0.01881
-0.02750
-0.03471
0.06031
-0.01221
0.01800
0.01475
0.01265
-0.05926
0.00543
-0.07600
-0.03773
-0.03600
0.03137
-0.04199
0.02604
0.05389
-0.02550
0.04719
0.02135
0.03271
0.02516
0.06004
-0.03118
-0.01055
-0.00470
-0.08432
-0.03226
-0.03016
0.02428
-0.07522
0.02472
-0.02822
0.00910
0.00281
0.01850
0.05527
-0.05377
-0.02449
0.02478
0.02978
-0.01292
0.02247
0.03802
-0.03433
0.04606
-0.03684
0.02261
-0.02923
0.03344
-0.02798
-0.03071
-0.00621
0.00196
0.02304
-0.05589
0.00228
0.06594
0.02761
0.01281
-0.01593
0.04938
-0.00166
0.03702
-0.02895
0.06005
0.01493
0.00199
-0.01714
-0.04235
0.06312
0.00485
-0.00212
-0.00610
-0.08463
-0.06738
-0.02081
-0.07268
-0.02419
-0.03590
-0.01252
0.02514
-0.04022
0.01700
0.07309
0.02282
0.03530
0.04793
-0.01384
0.01820
0.02700
-0.00284
0.00106
-0.01681
-0.00497
0.01755
-0.03381
0.00041
0.06333
0.01714
-0.00977
-0.00740
0.07054
-0.01501
-0.02336
0.05187
0.09769
0.01307
0.06807
0.04007
-0.00154
0.03545
-0.02302
0.04979
-0.06113
-0.04368
-0.03784
-0.03655
0.00712
0.00639
-0.05834
0.00775
0.01990
-0.00602
0.02624
0.01307
0.01846
-0.00099
-0.02984
-0.01199
0.07219
-0.03520
-0.00710
0.00844
0.01967
-0.01606
0.07086
-0.01043
-0.00329
0.00747
0.01084
-0.09596
-0.01038
0.03374
0.00509
0.11675
-0.02697
-0.03363
-0.05781
0.03384
0.04009
0.01953
-0.02534
0.02172
-0.01938
0.03384
0.03733
0.04267
0.00355
0.01909
-0.07033
0.09142
0.02608
-0.01282
-0.02738
-0.01469
-0.00579
-0.03034
-0.07045
-0.05470
-0.00984
0.05187
0.03231
0.02305
0.04299
0.00094
-0.03505
0.03125
-0.02119
0.04670
0.00575
0.02042
0.03294
-0.01633
-0.01136
0.00506
-0.05944
-0.08708
-0.03613
0.01314
-0.00776
-0.07891
0.03105
-0.03576
-0.06456
0.02491
-0.04211
0.03024
-0.00377
0.03691
0.01797
-0.01362
0.02508
0.06882
0.01580
-0.03034
-0.03100
-0.00137
0.00340
-0.02850
0.00747
-0.06301
-0.01745
0.00213
0.00952
-0.05323
0.01585
0.01787
0.00721
-0.00666
-0.03391
-0.01085
0.10718
-0.01465
-0.01706
0.03087
-0.02116
-0.02408
0.01724
-0.00526
0.01293
-0.04454
0.01851
-0.00101
0.03781
0.00085
0.01682
-0.05852
0.02819
-0.01329
0.01113
-0.04572
-0.05022
0.05428
0.02028
-0.02660
0.02161
0.02798
0.04043
-0.02334
0.00579
0.00296
0.01683
-0.03135
-0.11954
0.05299
-0.00949
-0.01984
0.06910
-0.03310
-0.02575
0.00848
-0.01492
-0.02454
0.05112
0.04953
0.02262
0.00314
-0.01509
-0.00608
-0.04170
0.00547
0.00221
-0.04813
0.01405
0.03876
0.05564
-0.05598
0.05266
-0.05254
0.00570
0.01376
-0.04185
-0.04777
-0.04561
0.07264
0.05253
-0.01958
-0.04792
-0.03429
-0.00623
0.07045
0.02166
-0.03148
-0.04818
0.06075
-0.06690
-0.00313
-0.01118
-0.05105
-0.02333
0.04435
-0.03491
-0.02009
0.03374
0.05995
0.05817
-0.10587
-0.01393
-0.05129
0.05833
-0.06872
0.09019
0.07386
-0.04033
0.05269
-0.02944
0.00222
-0.01119
