0.05077
-0.07300
-0.04016
-0.01927
-0.03820
-0.02926
-0.01076
0.02043
0.00457
0.00847
0.09648
0.00581
0.04096
0.00320
-0.00079
-0.04159
-0.07512
0.00382
-0.04090
0.02291
-0.09650
0.03005
0.00712
-0.04586
-0.06910
-0.02378
-0.12144
-0.06193
-0.00525
-0.03908
0.05924
0.07618
0.07953
-0.00537
-0.00390
-0.00932
0.00731
0.01008
0.01865
0.04389
0.00581
0.00457
0.00228
0.05060
0.01982
-0.00413
-0.01589
0.06015
-0.06608
-0.05563
-0.02736
-0.01026
-0.00806
0.05024
-0.03241
0.07945
-0.02969
0.00656
-0.04286
-0.02785
0.00120
0.10173
-0.08243
-0.04347
0.01322
0.02960
0.03063
-0.04649
0.01763
0.02077
0.09007
0.01464
-0.03923
0.00634
-0.04592
-0.05556
-0.00689
0.00433
-0.03102
0.02007
0.02850
0.14014
-0.08068
0.08191
0.07321
-0.00030
0.07545
0.05500
-0.05611
-0.02124
0.04656
-0.06638
0.06855
-0.05270
0.01946
0.00600
-0.02483
0.02121
-0.04792
0.04703
0.00340
0.06699
0.04832
0.00467
0.02683
0.01882
0.00647
0.01574
-0.04586
-0.02925
0.06899
0.04714
-0.08406
-0.03786
-0.01730
0.05977
0.10504
0.02121
-0.02029
0.02586
-0.09123
-0.02763
-0.02246
0.07595
-0.06978
0.03452
-0.00968
-0.07827
0.02152
-0.02238
-0.00987
-0.05452
0.02421
-0.00462
-0.01463
-0.03942
-0.01912
-0.03414
0.08248
0.03389
-0.04579
0.00302
-0.01484
0.01546
0.02750
0.00079
-0.08305
0.03644
-0.00654
-0.03299
0.08412
-0.05339
-0.05539
0.00032
0.03915
-0.01404
0.01986
0.01884
-0.00438
-0.05594
0.00099
0.00562
-0.01878
-0.05518
0.05766
-0.03636
-0.03494
0.04949
0.01171
0.05277
-0.07820
0.00451
-0.09180
-0.04733
-0.00589
0.02825
0.04753
0.04960
0.00462
-0.00639
0.01456
-0.02118
0.00626
0.01667
0.09942
0.06092
0.02228
0.00420
-0.01830
-0.00748
0.03766
-0.07304
0.03975
0.00665
0.05591
0.01605
0.01744
0.01483
0.03329
0.06855
0.05606
0.02499
0.01778
-0.07031
-0.02042
0.03351
-0.03577
0.02963
0.06029
0.10243
-0.05237
-0.03291
-0.06627
0.00001
-0.06522
0.04233
-0.00584
0.00829
-0.00250
-0.04025
0.00261
0.00773
0.02492
0.02251
-0.04789
-0.04817
0.03253
0.02722
-0.04984
0.01398
-0.00868
-0.01942
-0.00145
-0.06041
-0.04535
0.01691
-0.04191
0.03274
0.06535
-0.01795
0.04250
0.01840
0.02479
-0.01355
-0.00865
-0.06249
-0.00908
0.05584
-0.05925
0.05371
0.05031
0.03156
-0.01076
0.02654
0.04544
0.04322
0.04156
-0.00026
0.04295
0.05639
-0.01143
-0.05854
0.01128
-0.02236
-0.01284
0.00514
0.06084
0.04857
0.01236
-0.02798
-0.07727
-0.04563
-0.01361
0.01351
0.00502
-0.00408
0.01414
-0.03845
-0.01547
-0.01303
0.00800
0.08437
-0.03043
-0.05095
0.06102
-0.00329
0.01510
0.02238
0.00199
-0.04469
0.02123
0.02641
0.04117
0.04247
0.01028
0.03066
0.01096
-0.02161
-0.00425
0.02865
-0.03475
0.04360
0.03053
-0.05232
0.00399
-0.03450
-0.01352
-0.04770
-0.02517
0.00653
-0.02593
0.00533
0.08090
0.02650
-0.00270
-0.01797
-0.03859
0.00276
0.01732
0.03588
-0.04616
0.00473
0.02349
0.04088
0.00314
-0.03166
-0.02850
0.05158
0.02207
0.00791
-0.00030
0.02038
-0.03035
0.08443
0.07757
-0.00943
-0.01753
-0.01927
-0.00075
0.00419
0.06792
-0.01923
0.02177
-0.05389
-0.01003
-0.05249
-0.00671
-0.03905
0.05796
0.08561
0.04536
0.00397
-0.01646
0.05090
0.04617
-0.01052
-0.00456
-0.06175
0.04810
0.01250
-0.05297
0.00993
-0.01906
-0.01420
-0.04915
0.03046
0.03601
0.05789
-0.02915
-0.06419
0.01836
-0.09011
-0.03548
-0.01081
0.01796
0.04214
-0.02256
0.02223
0.07900
-0.03598
0.02408
-0.06523
-0.07713
0.05624
-0.04219
-0.04342
0.02453
-0.04967
0.01975
-0.03194
0.05338
-0.03751
-0.01730
-0.05546
0.03390
0.02928
0.02037
-0.01500
0.00829
-0.00963
-0.01554
0.04662
0.02368
-0.01084
0.00361
0.02320
-0.02058
-0.07813
0.00018
-0.11729
0.06085
-0.00316
0.04051
-0.12261
-0.01571
0.05672
0.03222
0.05604
-0.01464
0.00372
0.01601
0.00268
-0.11683
0.06618
-0.00708
-0.02200
0.04015
-0.01717
-0.00342
-0.01131
0.03593
0.05543
-0.03843
-0.01570
-0.06982
0.01619
0.02481
0.00015
-0.08554
0.03172
-0.00030
-0.01176
-0.05269
0.03604
0.01760
-0.02035
0.00469
-0.03867
-0.03750
-0.01725
-0.00315
0.05612
0.01318
0.00340
0.00386
-0.02713
-0.02325
0.02643
0.00063
-0.00228
-0.02621
-0.02689
0.03437
-0.02988
-0.02911
-0.00692
-0.01314
0.01455
-0.04076
0.03378
0.04953
0.07331
-0.01191
-0.09231
-0.05217
-0.09453
-0.03162
-0.04652
0.04479
0.04856
-0.02818
-0.00985
-0.01923
0.04103
0.00557
-0.04910
-0.02611
0.00401
0.06279
-0.09380
-0.00876
-0.03651
0.00364
-0.02338
-0.01285
-0.09957
0.01972
-0.05413
-0.05592
-0.07210
-0.07620
0.01260
-0.09093
0.03486
-0.03858
0.00026
-0.00670
0.01372
0.00304
-0.03115
0.00661
-0.01413
