-0.01985
0.05479
0.02014
0.01445
0.02009
-0.07840
-0.04737
-0.01232
0.03323
-0.06957
-0.01100
-0.05933
-0.06923
-0.01415
0.01481
0.00425
-0.01582
0.01773
-0.01633
0.06423
0.03964
0.04540
-0.05437
-0.00566
0.00125
-0.00773
0.07741
0.00748
0.05997
-0.01333
-0.00319
0.01326
0.01011
0.02596
0.03942
-0.02967
0.00117
-0.05973
0.08291
0.05030
-0.01455
-0.06322
-0.01563
-0.01982
0.02237
0.01823
-0.02793
-0.01720
0.07475
0.09617
0.06960
0.01967
-0.07916
-0.02496
0.09020
0.00945
-0.00872
-0.05651
0.05918
-0.02616
0.00949
-0.02856
0.03239
-0.01858
-0.00179
0.03790
-0.05387
0.04888
-0.01307
-0.10476
-0.01966
0.00644
-0.03815
0.03095
0.05665
0.00258
0.05892
-0.05809
-0.06200
-0.02188
-0.01132
-0.00715
0.04212
-0.05145
-0.02046
-0.04051
0.04347
-0.05002
0.04664
0.05893
-0.02549
-0.02851
0.07462
0.00366
-0.13402
0.02405
-0.05129
0.02782
-0.00711
-0.03966
-0.00050
0.01224
0.05811
-0.05865
-0.04259
-0.03199
0.01757
-0.04001
-0.03035
-0.01099
0.01473
-0.04844
0.02515
0.11763
0.05103
0.02046
-0.00384
0.01791
-0.01327
-0.02053
0.00992
0.06248
0.01603
0.08385
0.01469
-0.03381
0.00085
-0.05462
0.01265
0.04734
0.02155
-0.02813
-0.05727
-0.04490
0.01538
-0.04113
-0.03005
-0.03192
-0.01971
-0.00039
0.08101
0.04148
-0.06876
-0.02863
0.08755
0.04316
0.02508
0.00652
-0.00246
-0.01391
-0.00793
0.05735
0.01389
-0.02205
-0.03485
-0.06077
0.04621
-0.04342
-0.00660
0.01681
-0.00399
-0.05733
-0.03248
-0.01431
0.00297
-0.00604
0.05396
0.04323
-0.03964
-0.04277
-0.00351
0.06741
0.03982
-0.01997
0.00086
-0.05727
-0.06572
-0.03863
-0.01295
0.08120
0.10746
-0.02131
-0.01602
-0.02354
-0.01354
0.01482
-0.08735
-0.05317
-0.04154
0.07476
-0.02485
0.06407
0.00773
0.05116
-0.02861
-0.04744
-0.02506
-0.02349
0.00645
-0.06512
-0.06670
-0.05039
0.00666
0.05827
0.03894
-0.10253
0.01500
0.00782
-0.05210
0.08833
0.09000
-0.02206
0.00951
0.00737
-0.06585
0.02673
-0.05954
-0.04171
-0.01513
-0.04788
0.03111
0.02550
0.01618
0.02958
0.01076
0.08023
0.00932
0.00550
0.07752
0.05154
-0.00487
-0.11644
0.00805
0.03467
0.00785
0.04632
-0.09774
0.02446
0.02636
0.06617
-0.01071
0.00507
0.03789
-0.03520
-0.00912
0.02417
-0.08195
-0.00640
0.07113
-0.08716
-0.04988
0.03062
-0.07243
-0.05701
0.05802
-0.05926
0.02900
0.00695
0.00570
-0.03067
-0.02984
0.01029
-0.01074
-0.00809
0.02141
0.00047
0.00550
-0.02764
-0.04022
-0.01769
-0.01966
0.04142
0.01110
-0.02481
0.08462
0.06480
0.00240
0.00469
0.01972
0.05900
-0.02463
-0.05571
-0.01216
0.00701
0.04087
-0.01325
-0.01465
0.01020
-0.01516
0.07717
-0.06249
0.03767
-0.02026
-0.09849
-0.03012
0.06854
-0.07918
-0.04985
0.04179
0.00641
-0.04281
0.00473
-0.00673
0.00918
-0.04185
-0.06671
0.12227
0.03758
-0.06886
-0.02227
-0.00898
-0.00797
0.03821
-0.06412
-0.02464
0.00965
-0.00183
-0.05440
0.04641
0.05540
0.02703
-0.00656
0.02975
0.01350
0.05728
-0.08091
0.06189
-0.01290
-0.04169
0.04471
-0.06140
-0.06293
0.03131
0.05435
-0.03773
0.01030
-0.04419
-0.04396
0.05199
-0.02474
-0.00218
0.00920
-0.02620
0.04320
0.04733
0.07952
0.00195
0.04506
-0.02537
0.04122
-0.01389
-0.08541
0.02293
0.03150
0.00639
0.02140
-0.03000
-0.01917
-0.06957
-0.00291
0.01661
-0.02589
0.02893
0.02800
0.05862
-0.07239
-0.02233
-0.00174
-0.07418
-0.00674
0.00954
-0.01471
-0.03928
-0.08346
-0.06631
0.01592
-0.05182
-0.01447
-0.07219
0.01229
-0.07541
0.04598
0.01618
-0.00162
-0.00741
-0.01658
-0.05554
0.01321
-0.04244
0.01345
-0.04539
-0.00332
-0.05032
-0.05648
0.00807
-0.01412
0.06598
0.01682
-0.05314
-0.01131
0.05009
-0.05545
-0.05531
0.00434
-0.04258
-0.00961
-0.06970
-0.02895
-0.00369
0.02777
-0.08612
-0.01781
0.01075
0.03344
-0.00606
-0.00904
0.00112
0.06009
-0.00861
0.02676
-0.03586
0.02450
0.01413
-0.05455
-0.00820
-0.04678
-0.03012
-0.00420
-0.01233
-0.03088
-0.02315
-0.05124
-0.01396
-0.02132
-0.06055
-0.03470
0.05875
-0.04323
0.01871
0.06522
0.03726
0.04824
-0.08013
-0.03997
-0.02716
0.05090
0.06412
-0.07308
0.02717
0.01020
0.05642
0.02573
-0.01419
0.07978
-0.04643
-0.01473
-0.00163
-0.06175
-0.00365
0.10514
-0.02826
-0.07143
-0.01795
-0.01872
-0.04760
0.02432
0.00313
-0.03682
0.08817
0.01258
-0.03101
0.13288
0.03276
-0.00550
0.03990
0.00984
-0.05754
-0.02602
-0.00617
-0.02890
-0.00874
0.05058
0.01638
0.08507
0.02835
-0.02890
0.04825
0.01518
-0.01299
0.00608
0.00090
-0.00194
0.04101
-0.01501
-0.00391
0.05476
0.02466
-0.00097
0.00630
-0.02155
0.04640
0.01542
-0.02617
-0.03162
0.04711
0.03661
0.00912
-0.02728
-0.03191
-0.00692
0.08943
-0.01406
