-0.02547
0.06647
0.00751
-0.02649
-0.01227
-0.11051
0.01020
-0.04134
0.03200
-0.00366
-0.04509
-0.05054
-0.09072
-0.01701
0.03662
0.04114
0.00169
-0.00877
-0.01350
0.10687
-0.00031
0.01482
-0.03648
0.01500
0.03400
-0.05808
0.03552
-0.02717
0.00472
-0.00984
-0.05006
0.02206
-0.04207
0.07166
0.03396
-0.03490
0.03413
-0.05422
0.05526
0.03245
0.02019
-0.05302
-0.03189
0.00288
-0.02089
0.03208
0.00075
-0.00874
0.07545
0.12253
0.08418
-0.01261
-0.10791
-0.03647
0.07872
-0.03138
-0.06846
-0.03266
0.05882
0.00250
-0.03650
-0.01137
0.05731
0.00288
0.01470
-0.00260
-0.03948
0.04206
0.00988
-0.08046
-0.01956
-0.00161
-0.02025
0.04547
0.01389
0.00833
0.05224
-0.05956
0.02383
-0.01812
0.02047
-0.02588
-0.00046
-0.06026
-0.03808
-0.00587
0.01471
-0.06505
0.03177
0.04609
-0.01973
0.01396
0.03910
-0.02266
-0.11281
-0.01737
-0.04183
0.03836
0.00164
-0.05440
0.00592
0.02952
-0.00359
-0.05384
-0.04699
-0.02323
0.03515
-0.02078
-0.03115
-0.01516
-0.02186
-0.11281
0.08146
0.11902
0.01846
0.02586
0.01632
0.00278
-0.04182
-0.03033
0.01982
0.06275
0.07087
0.05102
0.04902
-0.02716
0.01265
-0.03161
-0.03843
0.06232
-0.01082
-0.05933
-0.06511
-0.05506
0.02275
-0.06522
-0.05137
-0.01819
-0.01203
0.01233
0.08953
0.02833
-0.01277
0.00045
0.05146
0.06080
0.02609
0.03858
0.00379
-0.00901
-0.02004
0.04194
0.03392
-0.01273
-0.07668
-0.06546
0.03103
-0.03868
-0.06542
0.03081
0.01071
-0.03211
-0.02188
-0.00755
-0.00966
-0.00362
0.00115
0.02908
-0.02722
-0.07767
-0.01222
0.03406
0.04679
0.03210
-0.01299
-0.04652
-0.02574
-0.01273
0.00339
0.06038
0.05980
-0.00456
0.05674
-0.00212
-0.03910
-0.01851
-0.01814
-0.04168
-0.03781
0.06200
0.01561
0.07014
0.02517
0.07401
-0.01124
-0.02894
-0.01337
-0.02385
0.01924
-0.05197
-0.06137
-0.06035
0.02859
0.06930
0.09155
-0.09687
0.06898
0.07133
-0.04589
0.07325
0.03947
0.00964
-0.01742
-0.02417
-0.05063
0.00647
0.01033
-0.06046
-0.03136
0.03956
0.02338
0.06257
0.03645
-0.00212
0.03191
0.11477
0.02816
0.02749
0.03723
0.08990
-0.00519
-0.11186
-0.01168
0.04654
-0.01764
0.05266
-0.07760
0.01183
-0.01318
0.05062
0.01565
-0.01379
0.00177
0.00529
-0.00118
0.03721
-0.07373
0.01146
0.10550
-0.09292
-0.03839
0.05461
-0.05115
-0.04725
-0.02576
-0.06021
-0.00914
-0.00615
-0.05919
-0.00682
-0.01511
0.01106
-0.02474
-0.01619
0.01605
0.03709
-0.02425
-0.01580
-0.00042
-0.01792
-0.01085
-0.00898
-0.02007
0.01076
-0.00854
0.05456
-0.04252
-0.00773
0.06326
0.08044
-0.05160
-0.04153
-0.00968
0.02119
0.04858
-0.04078
-0.02449
0.01603
-0.01500
0.08505
-0.09210
0.07286
0.00974
-0.07488
-0.00689
0.03376
-0.08928
-0.03490
0.00748
-0.00390
-0.04846
-0.00532
-0.04229
0.03714
0.00723
-0.03774
0.09950
0.00366
-0.03877
-0.01708
0.01813
0.02423
-0.00889
-0.08193
-0.00536
-0.04874
-0.03401
-0.02490
0.02600
-0.00049
0.01846
0.00567
0.04760
0.05273
0.03466
-0.03117
0.01938
-0.02163
-0.07982
0.04576
-0.07122
-0.04892
-0.00276
0.00488
-0.02804
0.01442
-0.00007
-0.02080
0.05716
0.00209
-0.02091
0.02866
-0.06699
0.00205
0.04243
0.07333
-0.00756
0.05526
-0.02776
0.06810
0.01551
-0.05452
0.01685
0.02371
-0.03173
0.03327
-0.04128
0.00012
-0.04271
-0.01413
0.04088
-0.03288
0.02562
0.01593
0.04906
-0.05543
-0.03192
-0.01478
-0.06684
0.01797
-0.03854
0.01696
-0.02451
-0.04172
-0.03907
0.03307
-0.06691
-0.02966
-0.04580
0.06293
-0.02640
0.06992
0.02479
0.00322
0.03697
0.00400
-0.03613
0.09225
-0.04785
0.03045
-0.05036
-0.01387
-0.05189
-0.02158
0.00258
-0.07867
0.00692
-0.04629
-0.05904
-0.01626
0.06108
-0.08208
-0.02641
0.01002
-0.05226
-0.07687
-0.00645
-0.02919
-0.00034
0.03151
-0.11215
-0.05271
-0.00808
0.06306
-0.03608
0.00070
-0.01115
0.04355
-0.01914
0.00053
-0.04768
0.01929
0.01355
0.00628
0.04560
-0.03692
-0.00109
0.00427
-0.03674
-0.02444
-0.01133
-0.08097
0.04263
-0.06313
-0.02544
0.00636
0.02312
-0.05758
-0.01948
0.04407
-0.04425
-0.00544
-0.00281
0.01801
-0.01622
0.04422
0.11957
-0.06288
0.03997
0.00776
0.05233
0.00898
0.00612
0.04238
-0.05387
-0.00863
0.01958
-0.04629
-0.00972
0.05719
0.00095
-0.05593
-0.00315
-0.01588
-0.09355
0.02939
0.02046
-0.02792
0.10609
0.01845
0.01421
0.12866
0.01642
0.02415
0.04712
0.03572
-0.05006
0.03001
-0.01121
0.00970
-0.01455
0.03706
0.02455
0.09836
0.06806
-0.01777
0.03284
-0.00008
0.03405
0.02564
-0.03388
-0.04186
-0.00317
-0.01572
-0.02620
0.03486
0.03417
0.04041
0.01729
-0.02554
0.05360
-0.00856
-0.02656
0.03440
0.02800
0.01175
-0.07026
0.01250
-0.01847
-0.00166
0.06197
-0.01962
