-0.01988
-0.04018
-0.10286
-0.04169
0.03122
0.01898
0.04725
0.02115
-0.01370
-0.01987
-0.01238
0.05037
0.03417
-0.01273
0.00843
0.03339
0.02743
0.00450
-0.02419
-0.04732
-0.05461
-0.03240
0.03640
-0.06907
-0.00862
-0.03909
-0.01024
-0.07684
0.04369
-0.00915
0.01062
0.01955
-0.00832
0.02911
-0.08697
0.00693
0.06977
-0.02130
-0.05533
0.03225
-0.05555
0.00152
-0.02635
0.04232
0.08796
-0.00914
0.06982
0.02082
-0.04899
-0.02658
-0.04457
0.02762
0.03429
-0.02009
-0.08185
0.03493
-0.04087
0.04566
-0.01464
0.00211
-0.00042
0.02080
-0.07284
-0.02268
-0.05001
0.03725
-0.04637
0.05771
-0.04639
-0.03426
-0.05020
-0.05735
0.05680
0.01654
0.02999
-0.04429
-0.00206
0.00871
-0.06851
-0.04481
-0.05026
0.03430
0.00956
-0.02812
-0.03195
-0.02728
-0.08229
0.06111
-0.03658
0.00653
0.04138
-0.01656
0.03694
-0.04572
0.00956
-0.01031
-0.01422
0.02937
-0.04875
-0.01109
0.01617
0.01250
0.03532
-0.05477
-0.00031
-0.02281
-0.03743
-0.09174
-0.05747
-0.08440
0.03292
0.05202
-0.05242
-0.01036
0.09534
0.05765
0.04116
-0.03602
0.05280
0.00478
0.00219
0.01567
0.08843
0.00245
-0.02125
-0.06216
-0.01683
-0.01242
0.06230
-0.05942
0.00400
0.03123
0.02051
-0.00675
-0.03842
-0.06714
0.00408
-0.07343
0.03348
-0.04257
-0.05891
0.02121
-0.09294
0.04237
0.06349
-0.05179
0.00312
-0.04080
0.06330
0.03291
0.00287
-0.02049
-0.02031
0.00976
0.08732
0.01318
-0.02235
0.00496
0.09358
-0.04436
0.06302
0.01452
-0.01294
-0.04753
0.07203
0.04183
-0.02351
0.03323
0.01210
0.02720
-0.02660
0.01297
-0.00524
-0.01594
0.00069
-0.02729
0.00656
-0.01997
0.00750
-0.00027
0.03558
-0.00274
-0.04259
-0.01217
0.03242
0.00530
-0.01047
-0.01690
0.01790
0.02067
-0.02748
-0.06942
0.01493
0.02855
0.01550
-0.03870
0.05293
0.04771
-0.00207
0.02434
0.01439
-0.10070
0.02818
-0.04495
-0.02423
0.01478
0.03682
-0.05588
0.03723
0.04045
-0.02190
0.02111
-0.00876
0.01224
0.03165
0.02634
-0.03639
-0.01491
0.01873
-0.04024
-0.05856
-0.03766
0.01102
-0.08813
0.02186
-0.03595
0.01853
0.03441
-0.00997
0.05238
-0.06234
0.00330
0.01817
0.01112
0.01170
0.01178
0.04487
-0.09668
0.04740
-0.04296
0.04120
-0.01386
0.04688
-0.03012
-0.00725
-0.01802
-0.03892
-0.02436
-0.08074
0.01733
0.05407
0.06519
0.00672
-0.03366
-0.02030
-0.06577
0.03611
-0.00967
0.07127
-0.00833
-0.02546
-0.01895
-0.07658
0.04585
-0.01543
0.01469
0.03348
-0.08671
-0.05227
-0.04794
-0.05246
0.02700
-0.02631
-0.01197
-0.01837
-0.05779
0.01162
0.07753
-0.00138
-0.00535
0.01463
0.04196
0.04331
-0.00548
0.00945
-0.02106
0.03631
-0.03093
0.00473
-0.06105
-0.01993
0.03354
-0.04496
0.01886
-0.00999
0.04822
0.02275
0.04287
0.04477
0.06555
0.05152
0.04595
-0.02086
0.01833
0.00569
-0.01318
-0.00878
-0.05202
-0.01161
0.02944
-0.02160
0.00232
0.00297
-0.03043
0.00776
-0.00018
0.00608
0.01479
0.03168
-0.00280
0.02597
-0.04073
-0.05805
0.04131
-0.01418
0.00125
0.02994
0.02108
-0.02678
0.02075
-0.00494
0.01818
0.00604
0.02260
-0.09740
-0.03726
0.01263
-0.04739
0.11591
0.01730
0.01276
-0.02734
0.01347
0.03640
0.01482
-0.01196
0.01213
-0.05494
0.03510
0.01813
0.05378
0.01163
0.03343
-0.04219
0.05285
0.02338
0.03331
-0.00586
-0.04266
-0.01161
-0.02664
-0.13718
-0.05600
0.00245
0.02695
0.04246
0.05910
-0.00624
0.02550
-0.01495
-0.02046
-0.00291
-0.00319
-0.01939
0.01999
0.03097
0.02406
-0.03287
0.00019
-0.05971
-0.08869
-0.07629
-0.00312
-0.02295
-0.05325
0.03986
-0.03534
-0.02561
-0.00312
-0.06448
0.00930
0.05380
0.02611
0.00538
0.01545
0.07203
0.09601
0.04264
0.02222
-0.00754
-0.00553
0.01854
0.02421
0.01255
-0.04714
-0.02524
-0.02167
-0.00461
-0.01933
0.00794
0.07867
-0.00992
-0.05508
-0.02445
-0.03694
0.06152
0.01160
-0.00188
0.03527
-0.04090
-0.04818
0.07171
0.01120
0.01489
-0.06884
0.04205
-0.00645
0.05303
-0.02590
0.03747
-0.03057
0.05275
-0.06174
0.00866
-0.04088
-0.02645
0.04403
0.02806
0.01905
0.00753
0.00882
0.00484
0.02026
-0.01448
0.02184
0.00067
-0.02341
-0.05008
0.05784
-0.02804
0.02216
0.04921
-0.06068
-0.03270
0.00404
0.01039
-0.00831
0.06588
0.05176
0.02694
0.02629
-0.02002
0.01008
-0.05155
-0.01217
-0.02185
-0.04409
0.05807
0.01927
0.05699
-0.01411
0.02714
0.00090
0.01353
-0.01011
-0.03898
-0.00540
-0.03549
0.05523
0.00829
0.00831
-0.02456
-0.01529
-0.01258
0.04745
0.01863
-0.05631
-0.03502
0.06315
-0.02317
-0.00468
-0.02061
-0.04817
-0.03279
0.06986
-0.02347
-0.01343
0.02788
0.08913
0.04620
-0.09050
-0.01946
-0.03968
0.02676
-0.04476
0.07305
0.06174
-0.01112
0.00526
-0.03157
0.00520
0.00102
