0.02215
-0.05673
-0.06273
-0.00200
0.01295
-0.00136
0.03320
0.03737
-0.01314
-0.01070
0.06229
0.04632
0.01745
0.02571
0.04106
-0.06991
-0.03502
-0.02979
-0.01128
-0.07553
-0.05722
0.06315
0.04350
-0.05900
-0.01976
-0.04990
-0.03653
-0.04040
0.09997
-0.08698
0.02347
0.00849
0.08939
-0.02662
-0.02439
0.04263
-0.02465
0.05252
0.01525
-0.01941
0.00579
-0.05843
0.00749
-0.03298
0.05796
0.01476
0.00239
-0.02213
-0.04358
-0.03053
0.03237
-0.03349
-0.00736
-0.00731
-0.03045
0.04129
-0.00723
0.02116
-0.03059
-0.01817
-0.04198
0.02690
-0.05959
0.02696
-0.00139
-0.01527
0.02182
-0.02143
-0.03042
-0.01260
0.02856
0.03644
0.00448
-0.00890
0.02889
-0.06885
0.03951
-0.00240
-0.07022
0.04402
0.04255
0.11009
-0.03369
0.00008
0.06886
0.02772
0.00912
-0.00435
-0.01852
0.01067
0.04358
-0.02294
0.03702
-0.04556
-0.00340
0.03042
-0.03986
0.07544
-0.05832
-0.04196
0.02255
0.00583
0.09249
-0.00480
-0.00493
-0.00891
0.00645
-0.01945
-0.03181
-0.01006
0.02655
0.05692
-0.00246
-0.05196
0.04836
-0.00633
0.05377
-0.01561
0.04009
0.06276
-0.05842
-0.00427
-0.02453
-0.02635
-0.10369
-0.01861
0.05775
-0.09671
0.04599
-0.04091
0.06561
0.02715
-0.01364
0.04593
-0.06332
-0.02201
0.00536
0.01809
0.04485
-0.00711
-0.04879
0.08122
0.01922
0.01290
0.01117
-0.01067
-0.04745
0.00927
-0.01389
-0.04343
0.04578
0.00064
-0.08284
-0.01883
0.06056
-0.00773
-0.07067
-0.01954
0.03466
-0.02882
0.02368
-0.02051
0.04710
-0.07814
-0.00545
-0.03849
0.00044
0.01129
-0.03356
0.07041
-0.10446
-0.02717
-0.00942
-0.07689
0.01755
0.04776
0.00719
-0.00421
0.03631
-0.00721
0.06792
-0.07884
-0.05577
0.01721
0.04397
-0.00811
0.03290
-0.02074
0.01258
0.08374
-0.01289
-0.03575
0.02261
0.02627
0.05374
0.01028
0.00353
0.01419
-0.02076
-0.02083
0.01760
-0.02736
0.06079
-0.06144
-0.06029
0.00948
0.04311
-0.01616
0.09938
0.05612
-0.01924
0.01528
-0.09468
-0.02866
-0.04346
-0.01702
-0.06188
-0.02660
-0.03879
0.00285
-0.02521
0.02084
-0.01100
0.01965
-0.05212
-0.07436
-0.00115
0.02255
-0.02741
-0.04311
-0.04704
-0.02810
0.01754
-0.01887
-0.08927
-0.02690
0.00620
0.00503
0.03217
0.01536
-0.00537
-0.02275
-0.00373
-0.05296
-0.02514
-0.03478
-0.06185
-0.04934
-0.07970
0.06206
0.04101
0.04851
-0.04260
0.01425
-0.03171
0.00544
0.00365
-0.00716
0.06969
0.00686
-0.01564
0.00124
-0.01525
-0.03263
0.02673
0.03114
0.06460
0.04739
0.01555
-0.05062
-0.01287
0.04109
0.02461
-0.01243
0.03913
-0.03551
0.02111
0.01248
0.00879
0.03782
0.00418
0.07395
-0.03323
-0.12731
0.06456
0.02796
0.01930
0.07629
0.02842
-0.07957
0.05574
-0.04384
0.00979
0.01269
-0.06228
0.02761
0.03141
0.01981
0.03329
-0.02148
0.00635
0.04335
0.00447
-0.05572
-0.00093
-0.08615
-0.01158
-0.01687
0.01318
0.03594
-0.01976
0.04089
0.08155
0.08350
0.02942
0.01125
0.02505
0.00750
-0.00561
0.04186
0.02232
-0.04362
0.01408
-0.00798
0.07785
-0.08917
-0.01271
0.02650
0.05298
-0.02872
0.00561
0.05285
0.01831
0.06930
-0.04287
-0.02359
-0.05771
-0.03322
-0.00073
0.04173
0.09378
-0.02224
-0.04148
0.01343
0.07202
-0.04046
-0.03529
-0.03975
0.04539
0.01425
0.08422
-0.06808
-0.03283
0.03464
0.02030
0.03888
-0.02021
-0.01192
0.00074
-0.00441
-0.04742
-0.08402
-0.00104
0.06419
-0.01337
-0.00029
0.05979
0.00284
0.00266
-0.06194
-0.00392
-0.11606
-0.06193
-0.02428
0.04068
0.05629
0.01619
0.02303
-0.03394
-0.01396
-0.05396
-0.03404
-0.05851
0.04963
-0.01782
-0.05896
-0.03674
0.03224
-0.00537
-0.08479
0.02261
-0.04256
0.00761
-0.04953
0.04393
0.01674
0.06295
0.03987
0.04286
0.04731
-0.08728
0.04421
0.03752
0.00534
0.02539
0.06470
-0.03783
-0.05765
0.02199
-0.06800
0.06468
0.01023
-0.00696
-0.06942
0.03980
0.01271
0.06617
0.10801
-0.05008
-0.06419
-0.01980
0.04489
0.00016
0.01362
-0.09302
0.00717
-0.01858
0.02648
0.00162
-0.06532
-0.01852
0.10355
-0.04514
-0.00250
-0.08429
-0.01568
-0.02042
-0.03408
-0.03494
0.02016
0.02973
-0.01528
-0.00226
-0.05391
-0.01976
-0.03170
-0.00311
0.03524
-0.05299
0.01197
0.00747
0.00230
-0.01897
0.01096
-0.03281
0.01563
0.03238
0.02038
0.02170
0.01763
-0.06708
-0.03405
0.02878
0.00968
0.01359
-0.05983
-0.02134
0.01673
-0.03452
0.03704
0.00996
-0.01555
0.06025
-0.03818
-0.05229
-0.05450
0.06429
-0.02006
0.09055
0.01789
0.03733
-0.00296
-0.08604
-0.00996
-0.03295
-0.06302
-0.01275
0.04359
0.01166
-0.01526
-0.00939
-0.05173
0.05160
-0.08956
0.01399
-0.05464
0.02254
-0.03158
-0.01319
-0.05591
-0.01792
-0.00652
-0.03506
-0.02681
-0.02339
0.04793
0.02359
-0.00425
0.01120
-0.07881
-0.00106
-0.00440
