-0.01561
0.04587
0.00098
-0.00336
0.02328
-0.09607
-0.02201
-0.04164
0.03901
-0.07295
0.00303
-0.05869
-0.06020
-0.01914
0.03615
0.01230
-0.02075
-0.00383
0.00610
0.05707
0.02914
0.04244
-0.05699
0.02806
0.01745
-0.01525
0.05442
-0.02112
0.05937
-0.00198
-0.02859
0.00553
0.00210
0.02124
0.03352
-0.01677
0.01623
-0.01397
0.09054
0.04988
-0.02191
-0.07263
-0.05972
-0.01920
0.00230
0.00680
-0.03370
-0.03263
0.08236
0.12109
0.06887
-0.01067
-0.13009
-0.02992
0.08485
0.01219
-0.01091
-0.07396
0.05092
-0.01164
0.01938
-0.02466
0.03558
-0.01996
0.02680
0.02366
-0.03845
0.03813
-0.02564
-0.09567
-0.01730
0.01976
-0.03842
0.03256
0.05687
-0.00238
0.06374
-0.03285
-0.02281
-0.00143
-0.00625
-0.00721
0.03274
-0.05003
0.00275
-0.05522
0.03627
-0.03138
0.05028
0.04226
-0.00972
-0.02667
0.05086
0.03288
-0.13520
-0.02609
-0.04517
0.01462
-0.01816
-0.03760
-0.02082
-0.00740
0.05233
-0.06675
-0.03487
-0.03061
-0.00452
-0.02602
-0.01787
-0.01230
0.00234
-0.05979
0.04139
0.12961
0.05758
0.01634
0.01703
0.01356
-0.02001
-0.01462
0.01192
0.06404
0.01609
0.08333
0.01572
-0.02005
-0.02052
-0.06908
0.01847
0.07790
0.02828
-0.03873
-0.04922
-0.03779
0.00452
-0.06198
-0.02636
-0.01198
-0.01500
-0.01135
0.07968
0.05612
-0.04351
-0.02577
0.06692
0.04643
0.01083
0.00930
-0.00679
-0.03353
-0.03561
0.04127
0.02547
-0.04004
-0.03255
-0.07349
0.05095
-0.01812
-0.00861
0.03028
-0.02507
-0.07243
-0.02622
-0.03290
-0.01116
-0.01942
0.06830
0.04813
-0.01487
-0.04544
-0.00993
0.04526
0.04807
-0.01061
0.00008
-0.04704
-0.04411
-0.03420
0.00890
0.07809
0.13505
-0.05101
-0.00867
-0.00786
-0.02707
0.00699
-0.07188
-0.04386
-0.07677
0.08094
-0.05650
0.03592
0.02285
0.07417
-0.03377
-0.03724
-0.01367
0.00690
0.02142
-0.04777
-0.06279
-0.06256
0.02419
0.06549
0.03664
-0.09794
0.03963
0.01619
-0.01612
0.07021
0.06803
-0.04439
-0.02823
0.00818
-0.05897
0.00710
-0.05621
-0.04950
-0.02219
-0.02812
0.01659
0.03613
0.01584
0.02101
0.00898
0.05327
-0.00137
0.02059
0.05887
0.04365
-0.04447
-0.10678
-0.00674
0.01243
0.00593
0.05761
-0.10283
0.03515
0.01132
0.05597
-0.00293
-0.00088
0.02616
-0.02410
-0.00579
0.03746
-0.08664
-0.00208
0.07146
-0.08852
-0.02626
0.06090
-0.08873
-0.05631
0.01599
-0.07481
0.00625
0.00099
-0.01707
-0.04336
-0.03230
0.00548
-0.04651
-0.00331
0.02411
0.02839
0.01923
-0.02688
-0.05361
-0.02024
-0.02154
0.02111
-0.00220
-0.00832
0.04921
0.07094
-0.00070
-0.01780
0.00445
0.04207
-0.02110
-0.03846
-0.03107
0.01939
0.07227
-0.00592
-0.03125
0.00004
0.00073
0.06688
-0.08763
0.00681
-0.00169
-0.09194
-0.02304
0.06150
-0.07290
-0.03357
0.05107
0.00513
-0.03754
0.01523
-0.00831
0.01756
-0.08351
-0.06944
0.10812
0.03424
-0.04900
-0.01497
0.00950
0.00715
0.08933
-0.06183
-0.01829
-0.00428
0.00966
-0.03613
0.01145
0.04299
0.01114
0.00334
0.02571
0.01339
0.06088
-0.06885
0.04308
0.00117
-0.03234
0.04362
-0.04964
-0.06150
0.02400
0.06237
-0.04893
-0.01906
-0.07563
-0.05274
0.05807
0.03110
0.01650
0.01670
-0.05900
0.03494
0.07044
0.06172
-0.03229
0.03097
-0.04245
0.02187
-0.00275
-0.08033
-0.00060
0.02116
-0.02359
0.05064
-0.02700
-0.04443
-0.05243
-0.02091
-0.00274
-0.02299
0.02716
0.04382
0.04382
-0.07247
0.00616
-0.00970
-0.08144
-0.00648
-0.01376
-0.01401
-0.03331
-0.08318
-0.04075
-0.01489
-0.03592
-0.03482
-0.08940
-0.01085
-0.04966
0.03687
0.00860
0.02286
-0.00107
-0.01949
-0.07846
0.04402
-0.03298
0.01186
-0.03294
-0.02676
-0.04706
-0.07497
-0.00505
-0.02730
0.07515
-0.01128
-0.07224
-0.00871
0.02015
-0.01978
-0.04149
0.00529
-0.02860
-0.01956
-0.05484
-0.04603
-0.00357
0.03104
-0.08732
-0.01508
-0.00806
0.01550
0.00853
0.00838
0.00188
0.06016
-0.01922
0.01458
-0.05535
0.01379
-0.00073
-0.04154
-0.01068
-0.03003
-0.02795
-0.00697
-0.03057
0.00057
-0.00085
-0.05069
-0.03578
-0.01851
-0.07730
-0.02567
0.05963
-0.04761
0.00843
0.09748
0.03888
0.04162
-0.07013
-0.04976
-0.01835
0.02807
0.06362
-0.05726
0.02017
0.02961
0.06230
0.01130
-0.02890
0.08752
-0.04511
-0.01614
0.00309
-0.05155
-0.01592
0.10044
-0.01730
-0.09124
-0.01488
-0.00989
-0.05597
-0.00346
0.00667
-0.03701
0.07438
-0.01730
-0.03448
0.10858
0.03328
-0.01571
0.02291
-0.01535
-0.05090
-0.02876
-0.01556
-0.03576
0.00001
0.05731
0.00768
0.08029
0.03687
-0.02186
0.05431
-0.00180
-0.02526
0.02974
0.01866
-0.01220
0.04326
-0.02485
-0.00772
0.05784
0.01665
0.02236
-0.01301
-0.05040
0.06918
0.02626
-0.00597
-0.03454
0.06966
0.02109
-0.00332
-0.00347
-0.02525
-0.00422
0.09044
-0.01565
