-0.00387
0.05905
0.00208
-0.03890
-0.01666
-0.10434
0.01069
-0.07225
0.03377
-0.01242
-0.03741
-0.02617
-0.10634
-0.00754
0.05395
0.02027
0.02135
-0.02572
-0.00150
0.10709
-0.00442
0.00069
-0.02697
0.01811
0.02857
-0.07539
0.03335
-0.01986
-0.00565
-0.01271
-0.05392
0.02022
-0.04718
0.07803
0.02249
-0.03719
0.02215
-0.01925
0.05228
0.03709
0.02831
-0.06292
-0.07731
-0.00651
-0.03808
-0.01107
0.00956
-0.01977
0.06725
0.12041
0.06967
-0.02302
-0.10670
-0.03405
0.06825
-0.02642
-0.08614
-0.01443
0.06834
0.02258
-0.03982
-0.00154
0.06460
0.02071
0.06127
0.00532
-0.00255
0.02428
-0.00582
-0.08596
-0.01671
0.00278
-0.01539
0.05212
-0.00366
0.00150
0.05605
-0.05905
0.06229
0.00755
0.01737
-0.01887
-0.01361
-0.03456
0.00015
-0.02834
0.00885
-0.05428
0.01669
0.03522
0.00298
0.02467
0.02447
-0.03103
-0.10679
-0.03956
-0.03662
0.05458
0.00672
-0.06544
0.01474
0.02713
-0.02503
-0.05942
-0.01263
0.01101
0.03649
0.00882
-0.02473
-0.02306
-0.01062
-0.10679
0.07599
0.13030
0.01268
0.03645
0.03452
-0.00800
-0.02708
-0.02024
-0.00568
0.06899
0.06511
0.05427
0.03865
-0.01661
0.02170
-0.05462
-0.05441
0.06981
-0.04593
-0.04601
-0.04046
-0.07100
0.00094
-0.07863
-0.06170
-0.00956
0.00026
-0.00331
0.09167
0.03337
0.00383
0.01384
0.01532
0.04887
-0.02095
0.04264
-0.00096
-0.01011
-0.03396
0.05116
0.02762
-0.02241
-0.05609
-0.05165
0.05223
-0.03779
-0.07687
0.03768
0.01947
-0.02510
0.01648
-0.02067
-0.02130
-0.00230
0.01324
0.03939
-0.02051
-0.05824
-0.03282
0.01740
0.03973
0.00708
-0.02975
-0.03800
-0.02516
-0.01631
0.02225
0.05199
0.07283
-0.02232
0.04881
0.01104
-0.05593
-0.02141
-0.04062
-0.01168
-0.05479
0.07829
-0.00803
0.03468
0.02211
0.08142
-0.00756
-0.00008
0.00595
0.00296
0.02956
-0.04444
-0.05246
-0.07742
0.03055
0.07306
0.09439
-0.10540
0.06282
0.07472
-0.01891
0.07923
0.01417
0.00709
-0.04741
-0.02769
-0.06585
-0.01521
0.01619
-0.03758
-0.05133
0.05602
0.00485
0.08025
0.04739
-0.01282
0.04288
0.10861
0.03113
0.03631
0.00827
0.08116
-0.00728
-0.10626
-0.01716
0.01118
-0.00916
0.04274
-0.07191
0.01156
-0.02399
0.03007
0.03235
-0.03105
-0.00107
0.00726
0.01013
0.04059
-0.07031
-0.00096
0.09110
-0.10649
-0.02534
0.07355
-0.04112
-0.03506
-0.04482
-0.06835
-0.01542
-0.00092
-0.07387
-0.00223
-0.00200
0.02159
-0.03208
-0.02475
0.01968
0.06325
-0.00735
-0.01003
0.00595
-0.01489
-0.02116
-0.01307
-0.02700
0.00713
-0.04536
0.05925
-0.06001
-0.04064
0.05465
0.04880
-0.04202
-0.00917
-0.02516
0.04126
0.05853
-0.02399
-0.03323
0.01878
0.00847
0.06872
-0.10431
0.05331
0.04982
-0.09122
-0.00325
0.02860
-0.06484
-0.01202
0.01926
-0.01098
-0.02890
-0.00688
-0.06761
0.03880
-0.01885
-0.04137
0.07925
-0.00772
-0.02555
-0.01134
0.02028
0.02101
0.01978
-0.07621
-0.00252
-0.06070
-0.03745
-0.00711
0.00454
0.00656
0.02000
0.01643
0.04004
0.05470
0.06002
-0.05202
0.01677
-0.00234
-0.06163
0.06403
-0.06155
-0.02234
-0.01742
0.01227
-0.02516
-0.00890
-0.02733
-0.03760
0.05507
0.04365
-0.00367
0.01307
-0.08395
-0.01477
0.04561
0.06242
-0.02086
0.03083
-0.03222
0.05318
0.01311
-0.06372
-0.00067
0.00688
-0.05306
0.05365
-0.02941
-0.00834
-0.02991
0.00683
0.02188
-0.02553
0.00178
0.01803
0.02757
-0.04913
-0.01729
-0.02694
-0.05625
0.01405
-0.06389
0.02471
-0.01141
-0.01012
-0.00077
0.01765
-0.06682
-0.02510
-0.04976
0.04805
-0.02495
0.05743
-0.01010
-0.00076
0.03738
0.00085
-0.01795
0.12578
-0.01760
0.03757
-0.05850
-0.00389
-0.04639
-0.02444
-0.00643
-0.06650
-0.01912
-0.07141
-0.05052
-0.01326
0.04325
-0.04688
-0.01303
-0.01816
-0.04207
-0.08513
0.00529
-0.05116
0.00637
0.02055
-0.10346
-0.04947
-0.01284
0.05390
-0.04193
0.00370
-0.01428
0.04678
-0.03955
-0.02306
-0.04234
0.02305
0.00484
0.04467
0.05903
-0.05383
-0.01668
0.00323
-0.03868
-0.01973
-0.01371
-0.08700
0.05785
-0.07634
-0.04581
-0.01570
0.00528
-0.06061
-0.02608
0.04905
-0.03078
-0.01331
0.02377
0.01997
-0.02396
0.04927
0.12533
-0.04369
0.02264
0.02532
0.05347
-0.00524
0.00330
0.04189
-0.05989
-0.00451
0.02190
-0.03459
0.00320
0.04436
0.01582
-0.07052
-0.01068
-0.03219
-0.09149
-0.00282
0.02522
-0.02158
0.09309
0.01518
0.01008
0.09764
0.03128
0.01963
0.03683
0.01944
-0.02481
0.01348
-0.01118
-0.00204
0.01126
0.05427
0.01236
0.08763
0.07481
-0.02064
0.04188
-0.02025
0.04376
0.03741
-0.03347
-0.03044
-0.01641
-0.00091
-0.04338
0.02919
0.03143
0.03439
0.00061
-0.02602
0.04271
0.02935
-0.04164
0.05262
0.04511
-0.02965
-0.07225
0.01939
-0.03402
0.00974
0.06920
-0.00491
