-0.00027
-0.02860
-0.05655
0.03223
0.03920
0.05346
0.00143
0.02314
0.02725
-0.03735
0.01239
0.01986
0.01446
0.00118
0.06864
0.00676
0.00627
0.02279
0.00766
-0.02650
-0.07029
-0.05356
-0.00641
-0.00158
-0.01438
-0.05104
-0.04133
0.02217
0.00666
0.00969
0.02806
-0.03017
-0.01555
-0.00632
-0.01516
0.00031
0.03984
0.02055
-0.02889
0.02079
0.01169
0.00335
-0.00073
-0.01401
0.06494
-0.00174
0.05524
0.00012
-0.00412
-0.03561
0.02378
0.06950
0.03179
-0.00247
-0.07021
0.03811
-0.00331
0.00328
-0.00464
0.02474
-0.03727
0.00794
-0.04890
-0.03061
-0.05618
0.04162
-0.00677
0.00383
-0.00638
-0.02889
-0.03092
-0.00582
-0.03396
-0.05268
0.02670
-0.05507
-0.02228
-0.04398
-0.04328
0.03070
-0.04213
0.03135
-0.01305
0.02354
0.00545
-0.00332
-0.01811
0.04368
-0.03010
0.04725
0.02868
0.01540
0.05699
-0.04942
0.03423
0.01023
-0.00108
0.01476
-0.00491
-0.00345
-0.01005
0.02393
0.03181
-0.01052
0.01460
0.01407
-0.06811
-0.01189
-0.00801
0.01209
0.01580
0.05434
-0.09764
-0.00282
0.03243
0.03642
0.07403
-0.03506
-0.03800
0.00337
-0.05122
0.04491
0.04804
-0.00303
0.03995
-0.00759
-0.02123
-0.03324
-0.02294
-0.02618
-0.03034
0.04615
0.09853
-0.03584
-0.00593
-0.00750
-0.01963
-0.02529
0.05077
0.00693
-0.01299
-0.02112
-0.01187
0.05418
0.07455
-0.02304
-0.04978
0.01966
0.03984
-0.01078
0.03339
-0.01529
0.02190
0.01082
0.01376
-0.02497
0.04787
0.03543
0.07895
-0.01403
0.05227
-0.01277
-0.00289
0.00067
0.02414
0.02646
-0.04076
-0.01881
0.02898
0.05371
0.00040
0.08413
0.01732
-0.04028
0.00875
-0.01575
0.05337
-0.02813
-0.02457
-0.03118
-0.05801
0.02122
-0.07953
-0.02596
-0.00225
0.02103
-0.00246
0.03231
0.00533
0.00332
-0.00546
-0.03514
0.05175
-0.02181
-0.03038
-0.02711
0.07543
-0.01060
-0.02705
-0.01068
0.01936
-0.02717
0.05896
-0.06178
-0.00136
0.04566
-0.02762
-0.00574
0.00770
0.09143
-0.08289
-0.01150
-0.02959
-0.04265
0.02351
0.01608
-0.05290
0.01436
0.01105
-0.03909
-0.02070
-0.04891
-0.03607
-0.04488
-0.01289
-0.01121
0.05749
0.01312
-0.05503
0.05507
0.00168
-0.03104
0.02253
-0.02115
0.03225
0.01508
0.02891
0.00247
0.01054
-0.02768
-0.00738
0.00881
0.06582
-0.04227
-0.00911
-0.01205
0.01750
0.04341
-0.07288
0.06416
0.02559
0.00863
0.02613
0.02009
0.05045
0.02118
0.03716
-0.00573
0.07183
0.01495
-0.00499
-0.01926
0.03162
-0.02228
0.03997
-0.02196
-0.02704
0.01778
-0.03841
-0.01602
-0.10951
-0.00088
-0.02290
0.01407
-0.01697
-0.09212
-0.04320
-0.00562
-0.00663
-0.01254
-0.07329
0.03742
0.02939
-0.00598
-0.03611
-0.01843
0.00602
0.04346
-0.02864
-0.07882
0.03003
0.03573
0.02325
0.01103
0.00976
0.02878
0.04427
0.01451
0.04482
-0.00926
0.01603
0.01676
0.01734
-0.04877
0.05346
-0.01542
0.01981
-0.01304
0.02124
0.00250
0.00091
0.02351
-0.00456
0.00966
0.03789
-0.01113
-0.01288
0.00697
-0.01462
-0.01146
0.03604
-0.03349
-0.00870
0.04017
0.00430
-0.00644
0.00714
0.01292
0.01350
0.05183
-0.02060
0.00676
-0.00320
0.00002
-0.06124
-0.00049
0.01473
0.02722
0.05005
0.03447
0.02511
-0.07092
0.00809
0.04636
0.00815
-0.06936
0.03723
0.02095
0.01637
0.02347
0.00695
0.02355
-0.01789
-0.01573
0.06753
0.01262
0.05087
0.01999
-0.02539
-0.03419
-0.00540
0.01030
-0.06436
-0.04336
-0.05816
0.01469
-0.02519
0.01145
0.03134
-0.01198
0.00790
-0.03440
-0.00120
-0.00200
0.01810
0.02371
0.02251
-0.03822
0.01023
-0.02801
-0.06813
-0.04084
-0.03555
0.01497
-0.03845
-0.01950
-0.01137
-0.03141
0.01900
-0.08981
0.01777
0.04850
0.01396
0.00839
0.00508
0.01130
0.04575
0.02813
0.02558
0.04598
0.00075
0.02080
0.00755
-0.03330
-0.06155
-0.01367
0.03535
-0.02797
-0.02217
-0.03122
0.02967
0.03235
-0.01186
-0.03185
-0.01219
0.01885
-0.03533
0.01194
0.02716
-0.02705
0.02445
0.00160
-0.06841
0.05798
-0.02258
0.02740
-0.01050
0.04211
-0.01654
-0.02564
-0.02451
0.03754
0.01710
-0.01069
-0.03136
-0.01657
0.03012
0.00033
-0.06322
-0.05258
0.00556
0.00226
0.03244
-0.00005
-0.01893
0.03762
0.03006
-0.07114
0.01351
0.01311
-0.04638
0.03775
-0.00063
-0.00943
-0.01607
-0.01123
0.02577
0.05617
0.02416
-0.01918
-0.04342
-0.00820
-0.02724
-0.02933
-0.02872
-0.04293
-0.05042
0.01261
-0.00217
0.03775
-0.00416
-0.00547
-0.03823
-0.01615
0.00442
0.00001
0.00750
-0.01435
0.06709
0.01668
-0.04097
-0.02709
-0.00432
-0.05817
0.02276
0.04935
-0.07038
-0.05573
0.04243
-0.03524
-0.05472
-0.00360
-0.04538
0.02068
0.05924
0.00198
-0.00268
-0.05642
-0.02993
0.07904
-0.02850
-0.03877
-0.03807
0.00229
-0.02348
0.04163
0.05708
0.00436
0.08308
0.02251
-0.02262
-0.04334
