0.03728
0.03350
0.03088
0.03221
-0.01137
0.03866
-0.03947
0.01918
0.10411
-0.06139
0.03725
0.01443
0.04050
0.07992
-0.00203
-0.02598
-0.03251
0.05255
-0.01073
-0.00535
-0.02847
-0.05288
0.06176
0.01855
-0.01290
-0.00257
-0.03529
0.03593
-0.06579
-0.04178
0.00049
-0.01177
-0.03351
-0.03589
0.04087
0.07997
0.03634
0.08318
-0.05752
-0.04294
0.01238
0.00014
-0.06020
-0.03291
-0.01425
-0.05729
0.02292
0.08388
0.00246
-0.06053
-0.03460
0.01587
-0.02507
0.01939
0.00693
0.10000
-0.01375
0.00461
0.03963
-0.01042
-0.01898
-0.02801
0.01975
0.03565
0.03301
-0.02773
0.02256
0.00497
0.08414
0.01280
-0.02981
0.01879
-0.02009
-0.06791
0.05726
-0.13100
-0.07251
-0.02614
0.01341
0.00026
-0.01132
0.01733
0.03304
0.03703
-0.06910
0.07243
0.06627
-0.02373
-0.01489
0.02284
-0.02810
0.10068
-0.00436
-0.00895
-0.01710
0.02303
0.02544
-0.03154
-0.00006
-0.04271
-0.01025
-0.00546
-0.07184
0.01603
-0.00231
0.03262
-0.01081
0.02692
-0.00841
0.05006
0.00599
0.03253
-0.01729
0.05245
-0.00229
-0.01871
0.09555
0.00255
-0.11096
-0.05056
-0.06240
-0.00060
0.01012
0.00559
-0.02003
0.01058
-0.03981
0.01173
-0.09725
-0.01440
-0.03325
0.01614
0.03308
-0.05957
0.04526
0.05978
-0.04512
0.02741
0.01044
0.01690
0.02278
-0.01684
0.06117
0.01901
0.03362
0.01978
-0.01101
0.06709
-0.00826
-0.00001
0.02822
-0.04929
0.01980
-0.01095
-0.06473
0.00081
0.04036
0.00810
-0.03236
-0.03490
-0.01171
0.05767
0.02214
-0.00117
-0.05434
-0.05491
-0.06015
-0.03661
-0.01326
0.04490
0.03920
0.01163
0.00492
0.02097
0.03816
-0.01749
-0.01954
0.03850
-0.05516
0.05937
-0.03330
0.06046
-0.03729
-0.01672
0.03477
0.00776
0.00810
0.06927
0.03054
-0.04959
0.01705
0.00967
-0.02556
-0.03441
-0.04834
0.03572
-0.01435
-0.02068
0.01278
0.00580
0.03144
0.04899
-0.01715
0.03859
0.06277
0.00022
-0.04752
0.01429
0.03695
0.00490
-0.04221
-0.04212
-0.00743
-0.02208
-0.02712
0.02897
0.00184
0.03554
0.00656
-0.00219
-0.01525
0.00241
-0.03918
-0.00483
-0.00543
0.10850
-0.02833
0.04806
-0.04868
-0.04475
0.01311
-0.02571
0.01733
-0.04772
0.04156
0.04382
-0.04105
0.04962
0.03223
-0.01284
-0.06168
0.02287
0.07017
-0.04913
-0.00656
0.02754
0.04674
0.01169
0.01918
0.07021
-0.02141
-0.09171
0.00565
0.09988
0.06130
0.02924
-0.01456
0.02816
-0.02028
0.03752
0.04194
-0.00601
0.06267
-0.05588
-0.01658
-0.08333
0.00666
0.04551
0.02807
0.05535
-0.03320
-0.03309
-0.00065
0.02216
0.01200
-0.04230
-0.02231
-0.07522
0.04778
-0.00363
-0.07108
-0.02317
-0.06399
-0.01807
-0.03350
0.03945
-0.03162
0.07189
-0.02616
-0.00458
0.05177
-0.00940
0.05956
0.02439
-0.01142
-0.03094
0.01290
0.00909
0.00699
-0.08833
-0.05804
0.02379
0.01882
0.03337
0.04789
-0.02921
-0.01045
-0.02679
0.02627
0.02342
0.02452
0.02419
0.00746
0.03740
0.05705
0.04945
0.03372
0.03099
-0.04205
-0.00480
-0.01180
-0.04889
0.03517
0.05972
0.00524
0.03532
-0.01368
0.02046
0.07370
0.00612
0.03915
-0.04069
0.02151
-0.06843
0.01881
0.02158
0.07329
0.07689
0.00774
-0.02812
0.02917
-0.06113
-0.04476
-0.02169
0.01698
-0.02746
-0.02188
0.14735
-0.01922
-0.00657
0.01091
-0.00909
0.00323
0.00772
-0.00436
0.00243
0.00538
0.00372
0.03013
0.02323
0.00510
0.09167
0.01067
-0.05585
-0.09036
-0.02148
-0.01519
-0.00130
0.06919
-0.02417
-0.02908
0.01384
0.02903
0.00657
-0.00718
0.02967
0.04148
0.01954
-0.01110
0.03426
-0.02357
0.04967
0.04340
0.04585
0.05401
-0.08476
-0.02981
0.00609
0.00494
-0.03841
-0.01727
-0.02757
0.00906
0.00616
-0.07497
-0.02920
0.02264
-0.01462
-0.00562
0.03040
-0.01706
0.00474
-0.02111
-0.02570
0.04546
0.00598
-0.00623
-0.02626
0.01977
0.08666
-0.01996
0.07379
0.00896
0.05673
0.01203
-0.02471
0.00895
-0.00480
-0.02648
-0.04080
0.07017
-0.01956
-0.07573
0.02970
0.02959
0.01547
-0.00872
-0.03208
-0.04425
-0.07659
0.00041
-0.02855
0.01808
-0.05184
-0.04409
0.05778
-0.03733
-0.01321
-0.03960
-0.04384
0.02361
0.03760
0.03014
0.01801
-0.00643
0.01553
-0.05847
-0.01403
-0.01782
0.08229
0.00283
0.02328
0.01957
0.04900
-0.01023
-0.04792
-0.01287
0.01575
0.09605
-0.06309
-0.03909
0.03274
-0.02968
0.00145
-0.04534
-0.00909
-0.01199
0.00506
0.01245
0.03286
-0.02057
-0.06025
0.00512
-0.04824
0.01992
-0.00079
-0.01118
0.03856
0.00799
-0.04087
-0.00285
0.03837
-0.01357
-0.03900
-0.05350
0.03365
0.04301
-0.01262
0.01111
-0.05575
-0.05451
-0.00985
-0.05336
0.04879
0.02639
0.00794
-0.07731
0.03366
-0.07286
-0.02194
0.02416
-0.01546
-0.01597
-0.04428
0.03260
-0.08033
-0.02779
-0.00257
0.07448
0.02564
-0.00357
0.00140
