-0.02113
-0.06201
-0.09351
-0.00614
0.03703
0.02735
0.07250
0.02358
0.01029
-0.02975
-0.00967
0.03231
0.05840
-0.00507
0.02132
0.04228
0.04074
0.02029
0.00207
-0.03775
-0.05848
-0.04461
0.03485
-0.04429
-0.00326
-0.03514
-0.03567
-0.08476
0.02443
0.01700
0.01322
-0.00741
-0.06783
0.01665
-0.07671
0.00781
0.05928
-0.02958
-0.06989
0.05207
-0.03080
0.01834
-0.03165
0.06175
0.08920
0.01773
0.08169
0.02490
-0.03128
-0.05397
-0.02010
0.04422
0.02369
0.00319
-0.09406
0.00635
-0.01491
-0.00141
-0.02432
0.01107
0.00150
-0.00653
-0.04498
-0.04103
-0.06081
0.04534
-0.05322
0.03742
-0.03141
-0.03588
-0.05019
-0.04940
0.05422
-0.02960
0.04294
-0.03059
0.01170
-0.00439
-0.05973
-0.03202
-0.05737
0.01752
-0.00927
-0.01080
-0.05375
0.00343
-0.05700
0.05546
-0.00398
0.01635
0.03051
0.00538
0.01437
-0.00594
0.02909
-0.03666
-0.02825
0.00297
-0.06336
0.00499
0.00898
-0.01449
0.04139
-0.05577
0.00062
-0.01259
-0.05485
-0.07277
-0.05162
-0.04988
0.01112
0.04923
-0.06779
-0.00167
0.07253
0.01909
0.00843
-0.04142
-0.00922
-0.00394
0.01612
0.01395
0.09264
-0.00350
-0.00170
-0.07259
-0.07334
0.02620
0.08054
-0.02741
0.01840
0.00276
0.02837
0.01563
-0.00742
-0.01805
-0.00091
-0.06951
0.03925
-0.01783
-0.05134
0.03142
-0.05161
0.05801
0.08563
-0.03950
0.03332
-0.02163
0.06809
0.02924
0.00024
-0.04143
0.01144
0.02287
0.04898
-0.02581
0.01889
0.01414
0.08686
-0.03821
0.04519
0.00711
-0.05944
-0.02107
0.08390
0.05425
-0.05191
0.02417
0.03821
-0.00565
0.01552
0.02333
0.01984
0.02325
-0.00253
-0.02319
0.01693
-0.02674
0.00961
0.01254
-0.01225
0.02812
-0.03626
-0.03629
0.00360
0.01361
0.02415
-0.04083
-0.00427
-0.04553
-0.02506
-0.07850
0.02601
0.03002
-0.00061
-0.07135
0.04579
0.01443
0.01245
0.03525
0.02357
-0.07227
0.02281
-0.03474
-0.02715
0.02506
0.05066
-0.04461
0.04972
0.02757
-0.05063
0.00798
-0.01884
0.00981
0.02857
0.02591
-0.03548
-0.01336
0.05042
-0.03512
-0.02729
-0.07288
0.01259
-0.08474
0.03106
-0.02604
0.00982
0.01891
-0.00572
0.04582
-0.06568
0.01472
0.02997
0.03074
0.01799
0.02591
0.02586
-0.07557
0.02792
-0.02981
0.02858
-0.03356
0.06372
-0.01040
0.00213
-0.00930
-0.03344
-0.00323
-0.06107
0.02979
0.08301
0.06728
-0.00316
-0.03272
-0.01499
-0.04437
0.03252
-0.02637
0.05538
-0.03497
-0.03484
-0.02059
-0.06608
0.04280
-0.01163
0.03844
0.02356
-0.10375
-0.08503
-0.02386
-0.07341
-0.01836
-0.04000
-0.00481
-0.02323
-0.06790
-0.01332
0.05111
-0.01941
0.00040
0.01865
0.02454
0.05097
0.01487
-0.02637
-0.01441
-0.01294
-0.03103
0.00408
-0.01979
0.00908
0.03372
-0.03365
0.01158
0.00657
0.06015
0.00538
0.01800
0.01499
0.04288
0.04111
0.05850
0.00792
0.00457
0.00210
-0.01530
-0.00989
-0.02562
-0.00408
0.01784
-0.00853
-0.00921
0.00676
-0.02894
0.01018
-0.01851
0.02814
0.00727
0.03564
-0.01921
0.00037
-0.01966
-0.01289
0.03408
-0.01947
0.02342
0.04161
0.02435
-0.01941
0.04143
-0.01442
0.00812
0.00652
0.01221
-0.07190
-0.04768
0.05245
-0.00582
0.12853
0.00778
-0.00005
-0.04026
0.01743
0.04639
-0.00454
-0.01619
0.01670
-0.04166
-0.01372
0.00327
0.06853
0.03449
0.03420
-0.06249
0.06547
0.03133
0.03194
0.00399
-0.03753
-0.03899
0.00038
-0.08076
-0.04331
0.01893
0.02855
0.04422
0.05010
0.01004
0.01903
-0.00576
-0.02246
-0.00682
0.04030
-0.01712
-0.00805
0.02181
0.03041
-0.03107
0.01757
-0.06561
-0.05942
-0.06134
-0.00914
-0.00827
-0.06894
0.08225
-0.06516
-0.03972
-0.00794
-0.07016
0.03818
0.01903
-0.00667
0.01780
-0.00001
0.05128
0.06345
0.01292
-0.00814
-0.00583
-0.01424
0.00986
0.01284
0.03645
-0.05003
-0.01436
0.01421
0.00863
-0.02427
0.00070
0.06363
0.00958
-0.03878
-0.03053
-0.02694
0.05533
-0.02925
-0.04349
0.07287
-0.01515
-0.05596
0.04029
-0.01544
0.00240
-0.05375
0.05834
-0.01581
0.04948
-0.01871
0.03430
-0.00862
0.04779
-0.02974
0.03604
-0.04813
-0.02105
0.05644
0.04327
0.00602
0.02296
-0.01639
0.00002
0.01654
0.00735
0.03867
-0.01137
-0.03457
-0.09490
0.06675
-0.02142
-0.01845
0.04801
-0.07673
-0.02495
0.00088
-0.00769
-0.02454
0.07585
0.02270
0.02364
0.01489
-0.02121
0.01629
-0.02753
-0.05744
-0.02364
-0.05438
0.06170
0.01596
0.03754
-0.01386
0.03203
-0.01170
0.01727
0.00653
-0.03324
-0.03626
-0.01883
0.03242
0.00755
-0.03329
-0.03125
0.00906
-0.02933
0.04235
0.05942
-0.08004
-0.04134
0.04811
-0.02945
-0.01874
-0.05111
-0.05492
-0.01246
0.04529
-0.00547
-0.01321
0.04094
0.08889
0.08811
-0.04668
-0.05691
-0.01782
0.02650
-0.05356
0.08413
0.08904
-0.00101
0.01887
-0.03309
-0.03165
-0.01837
