0.01781
-0.06183
-0.05753
0.03746
0.00578
0.00297
0.04326
0.02091
0.02512
-0.02658
0.06605
-0.00164
0.05835
0.03901
0.02103
-0.06796
-0.03655
0.01521
0.01892
0.01901
-0.10493
0.00696
0.03755
-0.08860
-0.04457
-0.03145
-0.04081
-0.05425
0.05201
-0.03774
0.07989
0.03210
-0.01764
0.01972
-0.02655
-0.03055
0.02445
-0.00395
0.00285
0.02215
0.00620
0.00205
0.02349
0.01054
0.06319
-0.00480
0.00019
0.00744
-0.04735
-0.11874
-0.02001
-0.01557
-0.02294
0.01397
-0.07804
-0.01941
-0.05237
-0.01237
-0.01447
0.02130
-0.03653
0.01276
-0.01670
0.01608
-0.01977
0.01032
0.00960
-0.06322
-0.03573
-0.03598
0.01623
-0.04237
0.04917
-0.00792
-0.00229
-0.07444
0.07606
-0.04458
-0.03739
-0.02090
0.04399
0.13262
-0.04786
0.04883
0.03909
0.07809
0.03256
-0.00330
-0.02119
-0.01207
0.03659
-0.02122
0.03810
-0.04213
0.01199
0.02618
-0.03353
0.05342
-0.03987
-0.01421
0.01481
0.03651
0.06710
-0.01440
-0.01611
-0.02450
-0.01782
-0.00909
-0.02891
-0.03226
0.05673
0.05937
-0.06198
-0.00998
0.04339
0.04447
0.01047
0.00376
0.00901
0.05465
-0.04026
0.01542
0.04569
-0.00649
-0.07131
-0.08317
-0.02356
-0.01897
0.03299
0.00915
0.03242
-0.02394
0.01474
0.08115
-0.00826
0.02072
-0.02474
-0.08082
0.05976
0.02754
-0.04209
0.08013
0.00839
0.08067
0.04300
-0.02325
-0.05023
0.07985
0.03943
-0.02471
0.06746
0.04082
0.01021
0.04116
0.03123
-0.02925
0.00286
-0.06468
0.00275
-0.08955
0.02018
0.07187
0.01311
-0.06840
0.07736
0.01507
-0.07796
0.03133
-0.01171
0.06666
-0.04062
0.01027
-0.00635
-0.00958
-0.01820
-0.01608
-0.00709
-0.01818
0.05266
0.03535
0.02491
0.02680
-0.00312
-0.02745
0.00678
0.02309
0.03310
-0.05528
0.03742
-0.01652
0.00597
-0.03293
0.01032
0.01149
0.07162
-0.02251
0.01076
-0.00185
0.08204
0.02195
0.03967
-0.06393
0.03261
-0.00897
-0.00676
0.05428
0.03119
0.00964
0.09474
0.06394
-0.05098
-0.00873
-0.06460
-0.00007
-0.00794
0.01317
-0.00620
-0.00075
0.01279
-0.03084
0.02973
-0.02544
0.03976
-0.03060
-0.00711
-0.00488
0.06993
0.02733
-0.02033
-0.02265
0.00402
0.02435
0.02680
0.05362
-0.08836
0.01059
-0.02680
-0.02400
0.03400
-0.01058
0.02013
-0.01789
0.02459
-0.00548
-0.03886
-0.04264
-0.06905
-0.00451
-0.09725
0.09392
0.04636
0.02994
0.00853
0.01472
-0.01174
-0.00186
-0.00129
-0.05668
0.06075
-0.05517
-0.06439
-0.01485
0.00157
-0.04886
0.00252
0.06988
0.07807
-0.00633
-0.01449
-0.07630
-0.01770
-0.00232
0.01794
0.02845
0.01224
-0.02763
-0.00804
0.03125
0.03063
0.07555
-0.00152
0.08340
0.00926
-0.02932
0.01931
-0.02392
0.02307
0.05183
0.04278
0.00755
0.07337
0.00214
-0.03532
0.03809
0.00029
0.06364
-0.02365
-0.00013
-0.00611
0.00028
-0.01343
0.06476
-0.02792
-0.03722
-0.01804
-0.03362
-0.04673
0.02334
-0.01298
0.03161
-0.05015
0.01049
0.06496
0.00083
-0.01182
-0.00330
0.06551
-0.03509
0.07659
0.03924
-0.02267
-0.00582
0.07129
0.00910
0.02222
-0.05327
0.02425
0.03966
0.01684
-0.02082
-0.00493
0.00923
0.01354
0.04331
0.01685
-0.03846
0.01476
0.01258
0.05558
-0.03015
0.07914
-0.04815
-0.02146
-0.02361
0.00523
-0.02343
-0.02960
-0.07390
0.01550
0.05921
0.07604
-0.06483
0.01431
0.04756
0.06643
-0.00983
-0.02953
-0.00808
-0.00596
0.02193
0.01166
-0.04669
-0.00073
0.04027
0.02416
-0.01127
0.02355
0.01018
-0.02004
-0.02029
0.02268
-0.05724
-0.03220
0.01822
-0.01103
0.05382
0.03170
0.04883
0.09466
-0.01729
-0.04157
-0.04664
-0.05708
0.00356
-0.05209
0.00104
-0.04796
0.00590
0.02422
-0.04934
0.04470
-0.00033
0.01231
-0.02485
0.06324
0.06396
0.01046
0.03449
-0.00838
-0.03180
-0.01836
-0.03963
0.00420
0.06412
0.04373
0.04012
-0.03869
-0.00801
0.01465
-0.08158
0.08288
-0.00110
0.04377
-0.08482
0.00430
0.03191
-0.00514
0.02318
-0.03661
0.02872
-0.00904
-0.00012
-0.02064
0.01462
-0.08233
0.04927
-0.03771
0.01928
-0.00840
-0.01234
0.02253
0.06606
-0.00386
0.06186
-0.04561
0.01454
-0.03064
-0.05278
-0.04989
0.06308
-0.01806
-0.00427
-0.00705
0.04896
0.04572
-0.01786
-0.04797
-0.05826
0.05995
0.00062
-0.02440
0.00299
-0.05424
-0.00066
0.01150
0.05700
-0.07179
-0.01203
0.02020
0.02080
0.00802
-0.01885
0.03243
-0.02797
-0.10347
-0.06149
0.01294
0.02877
-0.04001
0.11091
0.01097
0.03151
-0.00584
-0.03788
0.05367
0.00436
-0.02728
-0.04572
0.06090
0.05651
-0.01773
-0.00205
-0.05173
0.03879
-0.03539
-0.03695
-0.07592
0.07820
0.02776
-0.02567
-0.02110
-0.05109
-0.02297
-0.00729
-0.00059
-0.04675
0.01123
-0.01335
0.05762
-0.00589
0.01489
-0.02491
-0.08730
0.00521
-0.06195
0.01652
0.01879
-0.04290
0.00218
-0.04762
0.01828
0.04838
