-0.02349
0.04723
-0.00803
0.01320
0.00160
-0.07361
-0.03553
0.00440
0.02159
-0.09103
-0.01153
-0.06965
-0.04804
-0.01251
0.01784
0.00459
-0.02510
0.03089
-0.00343
0.04870
0.03470
0.04437
-0.05736
0.01884
0.02852
-0.02752
0.07816
0.00962
0.08107
-0.00353
0.01545
0.00106
0.01743
0.01661
0.04068
-0.00331
-0.00871
-0.01325
0.10047
0.03864
-0.02547
-0.07444
-0.01071
-0.03986
0.02588
0.01503
-0.06513
-0.03867
0.08297
0.10914
0.06765
0.01950
-0.08880
-0.01133
0.07707
0.02593
0.00716
-0.06204
0.07840
-0.02436
0.02851
-0.03670
0.04995
-0.00630
0.00590
0.03767
-0.04721
0.02672
-0.01403
-0.08480
-0.05815
-0.00934
-0.02932
0.02077
0.06551
0.00321
0.04188
-0.05938
-0.05445
-0.01755
-0.00777
-0.00231
0.04631
-0.05350
0.00237
-0.03847
0.04378
-0.03553
0.04191
0.04805
-0.03482
-0.04057
0.07162
0.01505
-0.13662
-0.00500
-0.05926
-0.01078
-0.00458
-0.02729
-0.00328
-0.00367
0.07062
-0.06503
-0.04593
-0.03184
-0.01385
-0.04914
-0.01695
-0.00916
-0.02326
-0.01332
0.02272
0.09212
0.06619
0.01038
-0.01694
0.01459
-0.04392
-0.03090
-0.00834
0.05843
0.00145
0.09199
0.00522
-0.03121
-0.00945
-0.05984
0.00903
0.07606
0.02536
-0.03251
-0.05449
-0.04262
0.02949
-0.03598
-0.00189
-0.01607
-0.02142
-0.01775
0.08898
0.04614
-0.04007
-0.02694
0.07756
0.04846
0.02733
0.01653
-0.01551
-0.01643
-0.01823
0.04343
0.02587
-0.03337
-0.02575
-0.07228
0.03533
-0.02687
0.00553
0.01526
-0.01411
-0.05393
-0.01021
-0.02026
0.00192
-0.01523
0.03701
0.02994
-0.02369
-0.04150
-0.00609
0.06130
0.06146
-0.01268
-0.00490
-0.06250
-0.05235
-0.04420
-0.03037
0.07478
0.10557
-0.03992
-0.01168
-0.03619
-0.00760
0.00997
-0.06263
-0.06107
-0.06567
0.05541
-0.04671
0.07451
0.02155
0.04170
-0.03737
-0.04334
-0.02384
-0.02550
0.02506
-0.06749
-0.06954
-0.01614
0.02561
0.04250
0.04364
-0.10216
0.00276
0.00047
-0.04072
0.08610
0.08863
-0.01526
-0.01780
0.01331
-0.06785
0.03190
-0.05716
-0.04973
-0.01144
-0.04919
0.03950
0.04233
0.00438
0.04801
0.00855
0.03831
0.00890
0.00343
0.05184
0.02643
-0.01925
-0.10762
0.01567
0.02108
0.00170
0.05268
-0.07871
0.03418
0.01222
0.04478
-0.01653
-0.00112
0.02498
-0.03821
-0.02239
0.03974
-0.09360
-0.00875
0.04567
-0.06979
-0.05638
0.03222
-0.08926
-0.02958
0.05789
-0.07084
0.02033
-0.00136
0.01302
-0.02283
-0.01714
-0.01271
-0.01879
-0.00743
0.02263
-0.01708
0.00677
-0.02230
-0.05807
-0.01868
-0.01129
0.02839
-0.00184
-0.01241
0.09289
0.07779
0.00800
-0.01659
0.01152
0.06892
-0.03295
-0.07687
-0.03726
-0.00668
0.05621
-0.00306
-0.01104
0.01371
-0.02085
0.05920
-0.04963
0.03041
-0.01742
-0.09890
-0.02716
0.07225
-0.07644
-0.03408
0.05910
0.01545
-0.01983
0.01757
0.01680
-0.01602
-0.05077
-0.07091
0.13394
0.04190
-0.05687
-0.03793
-0.01449
-0.01558
0.05492
-0.06255
-0.02614
0.01788
0.00645
-0.07322
0.02575
0.04601
0.01030
-0.04162
0.02962
0.00388
0.04717
-0.06068
0.04218
-0.03402
-0.03466
0.03409
-0.04947
-0.08219
0.01801
0.04135
-0.04055
0.02049
-0.05325
-0.04134
0.04353
-0.00801
-0.00226
-0.00206
-0.03312
0.04311
0.06041
0.05755
-0.00800
0.05951
-0.02198
0.06412
-0.00614
-0.08421
0.01819
0.03222
-0.00523
0.03436
-0.03845
-0.02483
-0.08519
-0.01348
0.00718
-0.02387
0.02590
0.03512
0.06472
-0.05817
0.01216
0.02144
-0.08594
-0.01903
0.01351
-0.01479
-0.03055
-0.06957
-0.06256
-0.01094
-0.05114
-0.03887
-0.09188
-0.00707
-0.05822
0.07143
0.02037
0.00620
-0.00682
-0.04719
-0.06008
0.01014
-0.05140
0.01395
-0.01468
-0.02379
-0.06135
-0.07157
-0.00888
-0.01839
0.07525
0.02488
-0.06575
-0.00768
0.04059
-0.04281
-0.05128
0.00159
-0.04024
0.00992
-0.06697
-0.02820
-0.00674
0.02716
-0.09339
0.00403
0.00056
0.02657
-0.00542
-0.01856
0.00094
0.06069
-0.02246
0.03149
-0.04078
0.01723
-0.00495
-0.05510
-0.01199
-0.03342
-0.01174
-0.00161
0.00183
-0.01438
-0.03292
-0.05436
-0.02618
-0.03743
-0.06467
-0.02094
0.05614
-0.06200
0.02075
0.06416
0.04331
0.04713
-0.08529
-0.05375
-0.02032
0.04505
0.05266
-0.04924
0.01163
0.03196
0.07360
0.01457
-0.01587
0.07797
-0.05247
-0.02089
0.00361
-0.05079
-0.00162
0.12563
-0.05983
-0.05206
0.00548
0.01225
-0.04442
0.03471
0.00860
-0.05188
0.06744
0.00596
-0.05007
0.11279
0.02887
-0.01479
0.02915
-0.00007
-0.06779
-0.02362
0.00212
-0.05552
0.00356
0.00511
0.00818
0.07233
0.03013
-0.01509
0.04149
0.02231
-0.02616
0.02368
0.00984
-0.02497
0.06318
-0.01014
0.00050
0.05575
0.03218
-0.00405
-0.01138
-0.04409
0.06793
0.00581
-0.01465
-0.03147
0.04249
0.04213
0.03918
-0.00577
-0.01840
-0.00141
0.08285
-0.02016
