-0.02228
0.07296
0.03254
-0.02912
-0.01472
-0.10866
0.03354
-0.05983
0.05004
-0.01009
-0.04569
-0.04036
-0.08477
0.00848
0.02196
0.02454
0.00905
-0.02271
-0.03522
0.10964
0.00484
0.01576
-0.03910
0.00959
0.01813
-0.07107
0.03059
-0.01868
0.01052
-0.02501
-0.03967
0.04900
-0.01993
0.05822
0.03942
-0.03504
0.00657
-0.04526
0.05421
0.04277
0.02509
-0.07418
-0.02929
-0.00623
-0.02770
0.02086
-0.00652
-0.00734
0.07561
0.12525
0.08928
-0.02002
-0.09385
-0.01968
0.08041
-0.04365
-0.05966
-0.02393
0.06467
-0.00197
-0.03355
-0.01717
0.06639
-0.00185
0.01703
0.00989
-0.04084
0.03948
0.00546
-0.07666
-0.01405
0.00600
-0.03333
0.04970
0.01083
0.00925
0.06163
-0.05787
0.00042
-0.00067
-0.00108
-0.02931
-0.00920
-0.07938
-0.01758
-0.03493
0.02893
-0.09430
0.01812
0.04070
-0.00259
0.01143
0.05588
-0.04457
-0.10866
-0.01086
-0.03956
0.03606
-0.00004
-0.04011
0.01946
0.04116
0.00261
-0.05999
-0.03778
0.00447
0.04190
0.00814
-0.04525
-0.00290
-0.01520
-0.10856
0.07644
0.10120
-0.00560
0.00424
0.01567
0.00008
-0.03668
-0.04638
0.00565
0.09505
0.03815
0.04546
0.03142
-0.02960
0.02947
-0.05696
-0.03853
0.06262
-0.03094
-0.05328
-0.05958
-0.05082
0.00882
-0.07224
-0.05132
-0.02190
-0.00271
0.00592
0.10803
0.03439
-0.01814
0.00388
0.03222
0.09257
0.00981
0.02315
-0.01741
-0.00802
-0.00756
0.04267
-0.00925
-0.01399
-0.05562
-0.04962
0.00588
-0.01706
-0.06160
0.04892
0.01296
-0.03298
0.00449
0.01085
-0.02401
-0.00559
0.03258
0.02121
-0.02289
-0.07704
-0.02552
0.03818
0.04759
0.00043
-0.00499
-0.04028
-0.03983
-0.02303
0.00312
0.03753
0.05810
-0.01207
0.02413
-0.02073
-0.04506
-0.00750
-0.03530
-0.04692
-0.05061
0.07259
0.01687
0.06493
0.01641
0.06909
-0.02267
-0.02043
-0.02164
-0.03162
0.00931
-0.08662
-0.05992
-0.04412
0.02833
0.06727
0.10209
-0.10825
0.05178
0.04533
-0.04727
0.07862
0.04979
0.00025
-0.01467
-0.02401
-0.04293
0.00412
0.01882
-0.07403
-0.04221
0.04966
0.03859
0.06379
0.02527
0.00119
0.01842
0.10503
0.04863
0.03181
0.01729
0.09252
-0.00178
-0.10840
-0.02697
0.02396
-0.02496
0.06127
-0.08074
0.02181
-0.00721
0.04870
0.03274
-0.01483
-0.00699
-0.00458
0.00440
0.01030
-0.04870
-0.00743
0.09152
-0.10426
-0.04819
0.05179
-0.05924
-0.05010
-0.01392
-0.04952
-0.00916
-0.01826
-0.08230
0.02137
0.00228
0.03996
-0.00676
-0.02139
0.01935
0.02765
-0.05489
-0.00565
0.00703
-0.03554
0.00262
0.00582
-0.01442
0.02716
0.00670
0.05281
-0.03354
-0.01810
0.05817
0.06046
-0.03825
-0.02432
-0.01834
0.02064
0.03346
-0.05786
-0.02569
0.02270
-0.03753
0.07202
-0.10864
0.08324
0.03251
-0.10656
0.01271
0.02046
-0.09065
-0.04471
0.00999
-0.01103
-0.03448
-0.01024
-0.03994
0.00968
0.00181
-0.03074
0.09881
-0.00699
-0.01493
-0.00242
0.01159
0.02210
-0.00154
-0.07588
-0.01407
-0.05150
-0.03906
-0.00478
0.00609
-0.00583
0.01723
0.01199
0.04243
0.04053
0.05310
-0.04762
-0.01099
-0.01600
-0.08412
0.03366
-0.07693
-0.02299
0.00860
0.01618
-0.04381
0.01578
-0.01741
-0.04028
0.05721
0.00183
-0.03399
0.01790
-0.06035
-0.01903
0.06390
0.06853
-0.01443
0.04730
-0.03814
0.03975
-0.00585
-0.05989
0.02185
0.01037
-0.03729
0.03990
-0.01961
0.01304
-0.03074
0.01509
0.02059
-0.01024
0.01742
0.02676
0.04604
-0.05324
-0.05433
0.00376
-0.05925
0.00346
-0.02569
0.01522
-0.02584
-0.00840
-0.04354
0.03385
-0.07520
-0.01961
-0.07561
0.04759
-0.03816
0.06927
0.00474
-0.02369
0.02382
0.01544
-0.02977
0.10288
-0.05510
0.03017
-0.02949
-0.00711
-0.05498
0.00341
-0.00312
-0.09375
0.01007
-0.04174
-0.04400
-0.01592
0.06284
-0.05590
-0.03299
-0.00060
-0.06292
-0.08179
-0.01395
-0.05645
-0.01045
0.02381
-0.10866
-0.05319
-0.02206
0.04534
-0.02845
0.00036
-0.02508
0.03873
-0.01784
-0.01640
-0.03777
0.02516
0.00995
0.01486
0.06202
-0.05254
0.00085
0.00555
-0.03136
-0.01977
-0.04616
-0.08463
0.03939
-0.08538
-0.00675
-0.01556
0.00881
-0.05375
0.00534
0.01584
-0.03174
-0.01635
0.02005
0.01756
-0.03733
0.04357
0.14263
-0.06307
0.01722
0.02239
0.03099
-0.01390
-0.01092
0.02828
-0.06209
0.00702
0.02152
-0.05433
-0.00662
0.05200
-0.00680
-0.04572
-0.00233
-0.02581
-0.09576
0.03355
0.02768
-0.02782
0.10553
-0.00378
0.02213
0.11325
0.02394
0.02961
0.04501
0.04709
-0.03808
0.03955
0.00439
-0.00571
-0.00232
0.05206
0.01341
0.08502
0.06204
-0.02981
0.04468
-0.00055
0.02385
0.02824
-0.02680
-0.02329
0.01404
-0.04661
-0.01711
0.04009
0.02022
0.02239
0.01406
-0.02240
0.04126
-0.01015
-0.00980
0.02799
0.04544
0.03243
-0.05144
0.00422
-0.01690
0.00707
0.03560
-0.01211
