0.05196
0.05202
-0.08624
-0.06795
0.02039
-0.03036
-0.01131
0.08727
-0.00879
-0.00471
-0.02372
0.01171
-0.06226
0.03124
0.07586
0.04994
-0.00434
-0.04057
-0.03988
0.00120
0.01695
-0.04786
-0.01188
0.02317
0.04681
-0.06273
0.02592
-0.00456
0.02011
0.03244
0.02530
-0.05666
0.06855
0.07480
0.00979
-0.01340
0.02874
-0.01772
0.07629
-0.02158
-0.01347
-0.03382
-0.03068
0.01429
0.03003
0.03075
-0.07217
-0.02324
-0.01043
0.05493
-0.01428
-0.04600
-0.02124
-0.03219
-0.05390
-0.01414
-0.02661
-0.04317
0.01964
0.00715
-0.05199
0.04519
-0.04547
0.01436
-0.01216
-0.04548
0.04899
-0.03227
0.08174
-0.02166
-0.03282
-0.09691
-0.01490
0.02732
-0.00609
0.06365
0.03427
-0.04651
-0.00184
0.11232
0.02641
0.01763
0.01241
0.00641
0.04662
-0.04904
-0.01749
0.05329
-0.04539
-0.04897
-0.06428
-0.04731
0.03049
-0.07609
-0.02973
-0.00172
-0.07240
0.01921
0.00775
-0.00576
-0.00441
0.11243
0.01208
0.03803
0.00156
0.01536
0.00138
-0.01065
0.05531
-0.09647
-0.01861
-0.05772
-0.00751
-0.08616
0.06124
0.03486
0.03047
-0.05546
0.03672
-0.02079
0.00120
0.06622
0.01351
0.00230
-0.00486
-0.02807
-0.03116
-0.09206
-0.02932
0.00073
-0.04345
0.04818
-0.02297
-0.05246
0.01226
-0.05372
0.06440
-0.03519
0.00447
-0.05541
0.05297
-0.00460
-0.07126
-0.01918
0.09661
0.00279
-0.05266
0.01155
-0.02843
-0.06266
-0.06456
-0.00598
0.02618
0.01654
-0.03151
-0.03384
-0.04142
0.00056
-0.01445
-0.06624
0.02489
0.04195
0.04667
-0.00672
0.07943
0.03916
-0.03173
0.10827
-0.05023
0.03122
0.01679
0.01360
-0.02063
0.00005
0.03504
-0.04215
0.00028
-0.08629
-0.03281
0.02310
0.04022
-0.02566
-0.00683
-0.02956
0.06055
-0.09632
-0.03497
-0.03456
0.01491
0.00912
-0.04447
-0.00945
0.06350
-0.03755
0.04561
-0.02236
0.07325
0.00816
-0.00145
0.04936
0.00546
-0.01492
0.13024
-0.00441
0.05575
0.04359
0.02601
-0.01587
-0.03670
0.15304
0.02087
0.04710
-0.08565
-0.04339
0.02555
0.02634
0.01440
-0.05583
0.04417
-0.07935
-0.05366
0.02753
0.01591
0.01190
-0.00317
-0.03094
0.07352
-0.00540
-0.06709
0.00987
-0.04781
-0.07673
0.02554
0.01181
0.02711
-0.02327
0.04962
-0.01506
-0.02717
-0.00582
0.07636
0.00234
0.09754
-0.06274
0.04771
0.09020
-0.02254
-0.00966
-0.03297
-0.01281
0.00091
0.05698
0.01701
-0.00692
0.00619
-0.09968
0.06017
0.06824
0.02020
0.00400
0.01053
-0.03243
-0.00405
-0.12356
0.00645
0.00560
0.03929
0.04020
-0.04725
-0.07038
-0.03231
-0.01058
-0.02680
-0.00465
-0.03568
-0.00116
0.00184
0.03255
0.02313
-0.00804
-0.04541
-0.00020
0.03150
0.01004
0.04494
-0.05174
0.10817
0.02174
-0.02598
-0.01592
-0.05229
-0.00552
-0.00747
-0.01436
-0.02667
0.01620
-0.03352
0.03328
0.01212
0.03976
0.02845
-0.10381
-0.10625
-0.01601
-0.03950
0.00781
0.02437
-0.04588
-0.00924
-0.00206
-0.08528
-0.02757
0.00426
-0.01871
-0.07770
0.02889
-0.03573
-0.02398
0.04129
-0.02958
-0.02469
-0.04439
-0.02457
-0.06549
-0.05156
0.02299
-0.01548
0.01157
-0.03847
-0.00527
0.09953
0.00037
-0.08337
0.03544
-0.03185
0.01538
-0.05560
-0.01776
0.00998
-0.02032
0.02862
-0.00990
-0.01426
0.05306
0.00943
-0.03793
0.00214
0.00780
-0.03131
0.03142
-0.01420
-0.03501
0.01431
0.02657
0.05656
0.04152
-0.06500
0.01222
-0.07517
-0.00336
-0.03066
-0.03160
0.00019
-0.00091
-0.04684
0.02447
-0.00312
0.03319
0.05449
0.04137
0.03502
0.00836
0.01220
-0.06901
-0.02599
0.01659
-0.01674
-0.01680
0.03706
0.01599
-0.01597
-0.02617
-0.04478
0.00145
-0.00028
-0.03561
0.04756
0.04714
-0.02818
0.01148
-0.01094
0.03779
-0.01494
0.00020
-0.01108
-0.00429
0.02544
0.00004
0.06968
-0.00943
0.08025
-0.00145
0.06396
-0.06005
-0.02816
0.01182
0.00748
-0.12627
-0.04350
0.00291
0.00704
-0.05915
-0.00851
-0.01306
-0.04635
-0.03860
0.08616
-0.01768
0.03766
-0.01808
0.02666
0.01263
-0.00079
-0.01752
-0.00683
0.05419
-0.05690
0.06823
0.01269
-0.04255
0.03261
-0.01776
-0.08501
-0.05653
0.03060
-0.05131
-0.01156
-0.03095
-0.01031
0.01676
-0.04738
-0.06097
-0.03959
0.08700
-0.04292
0.07845
0.00102
-0.03548
0.02873
0.00864
0.06327
-0.01215
-0.05153
0.02693
-0.03115
-0.02280
0.00211
0.02049
0.02271
0.09563
-0.00548
-0.02666
-0.02354
-0.04554
0.00168
-0.01409
-0.02004
-0.00820
0.01900
0.06621
0.00342
0.05453
0.02677
-0.05371
0.01073
0.03335
-0.03888
-0.02438
0.05973
-0.00113
-0.00291
-0.01943
-0.03499
-0.01972
-0.01408
-0.01037
-0.03663
0.00285
0.06798
0.01018
-0.01786
-0.03300
0.01724
0.00824
-0.00270
0.00959
0.02645
-0.04858
0.00217
-0.03952
0.02875
0.05096
-0.05838
-0.00591
0.02294
0.01083
0.00692
0.05680
-0.05595
0.02291
0.06664
-0.08234
