0.05659
0.07718
-0.05135
-0.01649
0.03757
0.03596
-0.05154
0.04561
-0.00482
0.04733
-0.05215
0.03550
-0.05868
0.04652
0.04862
-0.01972
0.06551
0.04525
0.01908
0.00311
0.01927
0.03571
0.06364
0.01003
0.03578
0.00107
0.04173
0.04019
-0.01353
0.04187
0.01948
-0.01538
0.01229
0.03171
0.03776
-0.08083
-0.03443
-0.01842
0.02384
-0.03120
-0.01022
-0.07444
-0.06079
0.03347
-0.03805
-0.02249
-0.04329
-0.04838
-0.04205
0.01792
-0.06010
-0.13648
0.00105
-0.05946
-0.03029
-0.00110
-0.04151
-0.04655
0.06924
-0.02173
-0.06562
0.05878
-0.02584
0.08109
-0.01012
-0.06814
0.02431
-0.06064
0.03583
-0.00623
-0.02138
-0.05398
-0.00780
0.02546
-0.02871
0.03008
-0.01103
-0.07186
0.10612
-0.00258
0.09045
-0.03729
-0.01399
0.00729
0.00358
-0.00200
-0.08205
0.00164
-0.05059
-0.11140
-0.05134
0.01714
0.04578
-0.03691
0.05370
-0.00348
-0.08462
0.01780
0.01629
0.00180
0.04686
0.15067
-0.00261
0.07268
0.03362
0.01898
-0.04658
-0.04762
0.01899
-0.03733
-0.04560
-0.06270
0.00194
-0.05394
-0.03271
-0.01708
0.00761
0.06170
-0.00918
0.00316
0.02822
0.03620
-0.02036
-0.04630
-0.03370
0.00033
0.07212
-0.03744
-0.03048
-0.00689
-0.05126
0.02391
-0.02077
-0.05662
0.01492
0.00724
-0.00270
-0.04954
0.02773
0.02512
-0.00373
0.03183
-0.03803
-0.04733
0.02041
-0.00153
-0.05723
-0.02563
0.01668
-0.02008
-0.03063
0.04552
0.06817
0.03384
0.03715
-0.02094
-0.07583
-0.04750
-0.04424
-0.07729
-0.04055
0.08007
0.06340
0.08009
0.00571
-0.01278
0.00420
0.04995
-0.07651
0.02794
-0.02781
0.00957
-0.01553
0.09474
-0.01780
0.02415
-0.05635
0.05111
0.00081
0.04724
0.02640
-0.02658
0.00667
0.04287
0.04419
-0.08322
0.03536
0.06577
0.08076
0.01540
0.05535
0.03891
0.06357
-0.02920
0.06695
0.04651
-0.03163
0.01621
0.05070
0.00013
0.05764
-0.00428
0.10967
0.00767
0.07719
0.06438
0.05476
0.02913
0.03795
0.01731
-0.00258
0.04154
-0.07321
0.04801
0.01925
-0.02779
0.03950
-0.06348
-0.05645
-0.00343
-0.03299
0.11323
0.05385
0.09533
0.04928
0.00851
0.02590
-0.03150
-0.03322
0.02681
-0.02704
-0.03207
0.01226
-0.01602
-0.03997
-0.04490
0.01630
0.00621
0.00496
-0.00303
-0.02709
-0.00111
0.02164
-0.03108
-0.01362
0.08409
0.00422
-0.03113
0.02751
0.09537
-0.05061
-0.00160
0.04200
-0.00265
-0.04633
-0.07179
0.04185
0.09022
-0.05918
-0.05402
0.00112
0.04272
0.05738
-0.05734
0.01881
-0.04960
0.03199
0.01194
0.01273
-0.07122
0.04627
-0.04876
0.06961
0.01105
-0.09449
0.06925
0.00432
-0.01347
0.05703
-0.00712
0.02703
0.04200
-0.04702
0.01608
0.02687
0.02287
0.02790
-0.02359
0.02231
0.04514
-0.06573
-0.03794
0.02245
-0.00298
-0.02401
-0.09670
-0.00988
-0.03523
0.03203
-0.03300
0.01059
-0.04981
-0.11380
-0.01047
-0.03944
0.05059
-0.00983
-0.03221
-0.05296
0.02576
-0.07156
0.01255
-0.00959
-0.00956
-0.02134
0.02921
-0.03162
0.03617
0.07821
-0.05066
0.02812
-0.05255
-0.01919
-0.04621
-0.01137
0.04448
0.00441
0.01674
-0.00870
-0.03536
0.05827
0.02018
-0.09564
-0.02710
-0.03964
0.02903
-0.02175
-0.03136
-0.06499
-0.03086
-0.00378
0.01531
0.01110
0.02445
-0.02432
0.05380
-0.00109
0.03673
-0.06386
0.03666
-0.03221
-0.01797
-0.04637
-0.03555
0.00504
-0.00432
0.00097
-0.00371
-0.01896
-0.06314
-0.00316
-0.01469
-0.00123
0.00929
0.03453
0.00903
-0.00998
0.01046
0.01534
0.04580
-0.05847
0.00965
0.03330
-0.00035
0.01319
0.01889
-0.04974
0.08001
-0.00239
-0.00023
-0.01052
-0.03680
0.00246
0.01224
0.02935
-0.05587
0.04896
0.07350
-0.00358
0.00280
-0.02970
0.03399
0.02233
0.03435
0.01598
0.01885
-0.06361
0.02438
0.01720
-0.02918
-0.00387
-0.01839
0.03301
0.02726
0.09000
0.00164
-0.03904
-0.02291
0.02987
0.01556
-0.02014
-0.00259
0.03112
0.02793
0.01553
-0.00319
0.13330
-0.03944
0.00525
-0.06539
0.03970
-0.06182
0.01383
0.03588
0.00544
0.00193
-0.01189
0.00552
-0.00406
-0.02476
-0.04153
-0.05117
-0.03782
-0.06127
0.12761
0.00593
-0.04436
-0.09733
0.01672
-0.02347
-0.05200
-0.05133
-0.02211
0.05998
-0.02026
0.06045
-0.02812
0.02795
-0.00756
0.00271
0.03405
0.02965
-0.00775
0.02660
-0.01868
0.01379
-0.08286
0.02649
0.04495
0.05379
0.03719
0.07863
-0.04961
0.01652
0.01363
-0.01733
-0.04289
-0.06285
0.07258
0.04615
-0.00254
-0.02952
0.04271
-0.00548
0.00309
0.01528
0.02111
-0.00757
-0.00420
0.01707
0.02610
-0.01216
-0.04583
0.00835
-0.01374
-0.02386
-0.06739
0.02871
0.03358
-0.01288
0.01574
-0.10874
-0.02698
-0.00678
-0.04922
-0.05271
0.06128
-0.03156
-0.02494
-0.02780
0.07808
0.02758
0.02456
-0.01949
-0.00160
0.00448
-0.04434
0.06827
-0.06729
0.00244
0.00176
-0.02357
