-0.07766
-0.02851
0.00725
0.06585
0.04956
-0.04698
-0.05897
0.02543
0.00686
-0.01097
-0.00267
0.04443
0.01543
0.03231
0.06734
0.01173
-0.01741
0.07921
-0.04501
-0.00139
-0.07338
0.03478
0.01115
-0.02580
-0.02871
0.02738
-0.03521
-0.02662
0.07226
0.01189
-0.03429
0.00331
-0.01040
-0.02442
-0.06324
0.01210
-0.00469
-0.02397
-0.06680
0.09001
0.00623
-0.00016
0.01789
0.02683
-0.00261
-0.00733
0.03794
0.02173
-0.07211
-0.03823
-0.02807
0.04122
0.05014
0.01410
-0.05322
-0.01626
-0.02869
0.00394
-0.00628
-0.06072
-0.01717
-0.01050
-0.05048
-0.02155
-0.03493
0.07076
-0.11267
0.00666
-0.04855
0.00105
0.03497
-0.01740
0.06310
-0.06264
0.00117
-0.01559
-0.00432
-0.01112
-0.03744
-0.01571
0.06149
0.01033
-0.00718
0.03211
0.02115
0.02174
-0.03751
0.09629
-0.03492
0.01150
0.06242
0.04580
0.05879
-0.00032
0.01694
-0.03186
-0.02210
0.00887
-0.00960
0.01769
-0.02071
0.02821
0.04501
0.00842
0.02291
-0.02344
0.01361
-0.05832
-0.01204
-0.00540
-0.01753
0.05096
-0.09735
0.06421
-0.01876
0.00930
-0.02054
0.02554
-0.09786
-0.03952
0.02383
-0.01550
-0.02028
0.01655
0.02162
-0.07053
-0.01789
0.03136
0.05250
-0.00767
0.02292
-0.04302
0.09765
0.03692
-0.00175
0.02402
0.02244
-0.07299
-0.00852
0.01547
-0.04696
0.03523
-0.03155
0.08213
0.06527
0.00219
-0.03401
-0.03391
0.04085
-0.00963
0.02086
-0.00596
-0.00987
0.02866
0.07822
-0.04119
0.02561
-0.01366
-0.01929
-0.00856
0.02787
0.00326
-0.00270
0.04827
0.03458
0.02016
-0.09399
0.00109
-0.00232
-0.02911
-0.04212
-0.04570
-0.03960
0.05734
-0.07558
-0.03912
0.05975
-0.02277
-0.04770
0.03845
-0.00493
-0.02646
-0.01600
0.00194
0.01812
0.00295
-0.00936
-0.02263
0.01328
-0.01391
-0.00051
0.03889
0.00867
0.02189
0.01298
0.03741
-0.02663
-0.03414
0.03707
0.03471
0.02261
-0.03834
-0.02266
-0.05667
-0.07461
0.01003
0.04514
0.04328
0.03910
0.01903
-0.03681
0.01822
0.00983
0.07460
0.00460
-0.01363
-0.04760
0.05781
-0.06393
-0.03848
-0.03948
0.00680
0.02735
-0.04719
0.02933
-0.01397
-0.02122
0.00660
0.01417
0.04913
-0.07597
-0.01607
0.02383
-0.01182
-0.06284
-0.00924
0.02123
0.04030
0.02117
0.00088
-0.04954
-0.04054
-0.00251
0.06343
-0.05324
0.04029
-0.00420
0.04802
-0.01720
0.04157
0.08042
0.03496
-0.00470
-0.03404
0.02392
0.08239
0.01704
0.01968
0.02405
-0.03511
-0.01373
-0.01905
-0.05379
0.05224
0.02850
-0.00040
0.00023
-0.07476
-0.06409
0.04561
-0.07905
-0.10650
0.01537
-0.01895
0.03328
-0.00463
-0.00368
0.01899
0.03821
0.10702
0.02873
0.00606
-0.05817
0.02426
-0.01943
0.05117
-0.04505
0.00684
0.11688
-0.02100
0.01831
0.00167
0.07243
0.00500
0.00637
-0.00696
0.01986
-0.06078
0.00204
0.10565
-0.04037
0.04860
0.05931
-0.01342
0.02607
-0.04998
0.05543
-0.03063
-0.07662
-0.09791
-0.01689
0.09470
0.00793
0.00304
0.05160
0.03451
0.04397
-0.00368
0.02875
0.05207
-0.00615
0.01543
0.02084
0.08400
-0.03032
-0.01947
0.00462
0.08289
-0.00591
0.05136
-0.00417
-0.03049
-0.00213
-0.02175
-0.03981
-0.00777
0.00260
0.00411
0.01680
-0.03647
-0.06439
0.01541
0.00759
0.02960
0.05216
-0.00773
-0.02097
0.02169
0.04588
0.03867
0.03997
0.01047
-0.02818
-0.03712
0.03964
0.01262
-0.08562
-0.00225
0.04380
0.00623
0.01741
0.00121
-0.03774
0.03614
0.07048
-0.02131
0.01964
0.06515
-0.00350
-0.05568
0.04105
-0.10700
0.08847
0.00454
0.02074
0.03857
-0.02486
0.01334
-0.00998
-0.06344
-0.01488
-0.03455
0.01255
0.02458
-0.05353
-0.00429
-0.07831
-0.06340
0.07770
-0.05132
0.03780
-0.04183
0.03880
-0.03373
0.00790
0.00329
0.01912
0.00731
-0.09630
-0.00646
-0.04649
0.02923
-0.02702
-0.00734
-0.02551
0.02641
0.03264
0.00862
-0.01194
0.03114
0.00025
0.02388
0.05724
-0.04881
0.02874
0.12639
-0.04804
-0.02745
-0.02304
-0.01549
-0.01572
-0.02723
-0.03077
-0.01448
-0.08033
-0.00208
-0.02083
-0.03717
0.05193
0.01613
-0.01524
0.04730
0.01887
0.06309
-0.02952
-0.02032
0.00602
-0.04492
-0.03732
0.03619
0.06239
0.06183
-0.06876
-0.00022
-0.03089
0.03182
-0.03620
-0.10253
0.00963
0.00375
-0.07310
0.06288
-0.01500
-0.00709
0.08293
0.04407
-0.00627
0.00839
0.00030
-0.01145
0.06426
-0.02935
0.02172
-0.06481
0.03418
0.00189
-0.03348
-0.03294
-0.02000
0.06798
-0.07728
0.04302
-0.03893
-0.06408
0.03393
-0.02689
-0.02348
-0.01316
0.00250
0.09406
-0.02352
-0.05149
-0.04646
-0.00596
0.07931
0.00056
-0.01515
-0.04710
0.01288
-0.01724
-0.01763
-0.05466
-0.03408
-0.01361
-0.01719
-0.12083
0.00278
0.05128
-0.00055
0.03421
-0.09022
0.00019
-0.06131
0.02036
-0.07508
0.06244
0.05119
-0.03289
0.04264
-0.02873
0.05143
-0.00302
