0.05625
-0.00565
0.00515
-0.03224
0.00887
-0.01768
-0.03450
-0.04309
0.01957
0.02245
0.10404
0.00882
0.00636
0.04514
0.03045
-0.04284
-0.02816
0.01659
-0.03575
0.07338
-0.01520
-0.05595
0.01033
-0.11660
-0.10095
0.00044
-0.05193
-0.03480
0.00965
-0.04487
0.02748
0.01733
0.01514
0.06772
-0.00551
-0.08626
0.00020
-0.03511
0.00338
0.06718
-0.01746
-0.03314
-0.08043
0.10819
0.01609
-0.00849
0.01128
0.04111
-0.06012
-0.06494
-0.07195
-0.03451
-0.03502
0.02113
-0.02320
0.00681
-0.03967
-0.00818
-0.04083
0.01634
0.01451
0.06894
-0.08598
-0.01530
0.01175
0.01200
0.03700
-0.06729
-0.04320
-0.03487
0.04203
0.00978
-0.02971
0.00693
-0.03427
-0.04224
0.00236
-0.02298
0.00025
0.01479
-0.01808
0.07044
-0.04260
0.07094
0.01392
-0.00287
0.03930
0.08184
-0.06780
0.01712
0.02654
-0.08505
0.01232
-0.05276
0.02938
0.03271
0.00376
0.11220
-0.02404
-0.01858
0.02697
0.05617
0.02365
0.04841
0.01181
-0.00255
0.01773
0.02056
-0.10555
-0.04460
0.05669
-0.01155
-0.08067
0.00087
-0.00101
0.05234
0.07511
0.02197
0.03753
0.02294
-0.00858
0.02344
-0.01279
0.07849
-0.04642
-0.03423
-0.02295
-0.07002
-0.00120
-0.03360
-0.06045
0.02263
0.03843
-0.02269
0.00636
-0.08386
-0.01248
-0.06777
0.00664
0.06008
0.00775
0.01938
-0.06945
0.02597
0.03229
-0.01571
-0.07069
0.03431
-0.02376
-0.02099
0.05247
0.03504
-0.05868
0.00679
0.03256
-0.04763
-0.00112
-0.01660
-0.02410
-0.05046
0.03652
0.03158
-0.01112
0.01600
0.03483
0.04684
0.00923
0.03974
0.00220
0.08217
-0.02566
0.05735
-0.04374
-0.09322
-0.03981
-0.03163
-0.02229
0.00271
0.02590
0.01167
0.08541
0.00472
-0.03104
0.04611
0.07202
0.05211
-0.04076
0.00376
0.01414
-0.00929
0.00452
-0.03802
0.03141
0.00471
0.02296
-0.02863
-0.01172
-0.00948
0.01062
0.02791
0.08252
-0.06392
-0.01203
-0.02391
-0.04643
0.05218
-0.05787
0.01488
0.05194
0.09971
-0.04247
-0.05893
-0.04174
-0.02973
-0.03029
-0.03292
-0.02219
0.05527
0.00368
0.02157
-0.02656
-0.00739
0.02515
-0.04701
0.00315
0.04744
0.08480
0.02254
-0.07796
0.03099
-0.03871
-0.01944
-0.02417
-0.05653
-0.00883
0.03354
-0.01557
-0.00628
0.08094
0.02626
0.05163
0.05060
0.04232
0.00682
-0.04161
-0.03666
-0.00740
0.03816
-0.02719
0.01609
0.03413
0.04941
0.04996
-0.03377
0.02442
0.07117
0.03753
0.08607
0.03444
0.04608
-0.01020
-0.02099
-0.00889
0.00978
-0.01010
0.05400
0.10549
-0.00183
0.01069
-0.06618
-0.02154
-0.02620
0.02475
0.01080
0.02115
0.02086
0.00665
-0.00853
0.01306
-0.04109
-0.01333
0.08735
-0.01054
0.02401
0.02871
-0.01306
0.01356
0.01226
0.02673
0.00697
0.02689
-0.00600
0.04450
0.02496
-0.00397
0.01545
-0.01809
-0.01607
0.03211
-0.02708
-0.04431
-0.01010
-0.03836
-0.01578
-0.01457
-0.02591
0.02699
-0.02293
-0.05123
0.02723
-0.05998
-0.00949
0.09014
-0.00532
-0.00441
-0.03582
-0.06703
-0.01112
0.04322
0.06756
-0.07025
0.04599
-0.03810
0.02123
-0.00494
-0.09391
0.03190
0.09743
-0.00048
0.07190
-0.00647
0.01408
-0.08488
0.06371
0.03671
-0.03131
0.00087
-0.06683
-0.00543
0.00531
0.03402
-0.03046
0.05295
0.00317
-0.05792
0.03679
-0.04116
-0.05638
-0.01304
0.08278
0.01131
-0.01777
0.04764
0.05012
0.05172
-0.00727
0.02965
0.00934
0.00672
0.00856
-0.06639
-0.00528
-0.03490
-0.04405
-0.06050
-0.02136
-0.00364
0.05245
-0.01984
-0.03403
0.02024
-0.06179
-0.00110
0.01077
0.01940
0.03499
0.03589
0.05065
0.00499
-0.01708
0.00333
-0.10967
-0.07631
-0.00227
-0.01924
-0.04396
0.01967
-0.02089
0.02208
0.01515
-0.00613
0.04058
-0.02365
0.03428
0.01411
0.04686
-0.01791
0.01532
-0.00606
-0.03779
-0.00343
0.04955
0.06133
-0.01016
-0.00976
0.05244
-0.01934
-0.09476
-0.01452
-0.05340
0.01577
0.00995
0.02647
-0.02842
-0.01126
0.03842
0.02719
0.03940
0.00579
-0.04760
0.02688
0.03141
-0.05375
0.05061
-0.01178
0.04454
-0.01832
-0.07367
-0.00155
-0.02977
0.03132
0.03556
-0.00039
-0.00024
-0.04028
0.03416
-0.01725
0.00702
-0.03311
0.07122
0.00441
0.07101
-0.05839
0.05700
0.00004
0.03090
0.03846
-0.12292
-0.02664
-0.02422
-0.01787
0.06430
0.01707
0.03104
-0.00756
-0.02119
-0.01170
0.06211
0.04020
-0.02683
0.05010
-0.00914
0.03996
-0.06737
-0.01924
-0.00905
-0.05965
0.04253
0.03735
0.05331
0.04179
0.03579
0.04438
-0.07493
0.01633
-0.04026
0.02942
-0.04019
0.01604
0.05727
0.00282
0.05772
-0.02815
0.06654
0.02544
-0.00797
-0.00876
-0.01836
0.09728
-0.09435
-0.08397
-0.01163
-0.05280
0.01413
-0.01990
-0.05976
0.00687
-0.05028
-0.00664
-0.02446
-0.08281
0.02458
-0.08281
-0.02269
-0.07292
0.02379
0.00883
-0.01108
-0.05574
-0.04393
0.03903
0.03392
