-0.03298
-0.02040
-0.11764
0.01424
-0.01394
-0.00531
-0.00280
0.01713
0.00654
-0.07127
0.00137
0.02236
0.06242
-0.02085
0.04565
-0.00573
0.02404
0.03998
-0.01375
-0.05084
-0.07876
-0.01185
0.04687
-0.03321
0.01791
-0.02524
-0.02147
-0.07814
0.01478
0.01767
0.03207
0.04199
-0.01736
0.02461
-0.05798
0.03721
0.04424
-0.00452
-0.06500
0.07481
-0.01138
-0.03844
-0.02474
0.00712
0.03659
-0.03531
0.05487
0.04269
-0.06177
-0.05765
-0.03530
0.05439
0.03314
-0.00514
-0.08266
0.02129
-0.01473
0.01154
0.00362
-0.02573
-0.00719
0.04003
-0.05554
-0.04402
-0.00453
0.05962
-0.00928
0.00881
-0.04897
-0.02282
0.01544
-0.03170
0.00714
-0.02064
0.01955
-0.07848
-0.03404
-0.02247
-0.04620
-0.00904
-0.02061
0.04283
0.00024
0.00772
-0.02376
-0.00866
-0.04551
0.07530
-0.04486
-0.02145
0.05243
0.01914
0.01896
-0.06785
0.06036
-0.00861
-0.01085
-0.02269
-0.06009
0.03238
-0.02792
-0.00360
0.03164
-0.03454
-0.02937
0.03394
-0.00942
-0.04490
-0.05571
-0.01879
0.03354
0.02158
-0.06190
0.01035
0.02186
0.01650
0.02610
-0.00005
-0.05552
0.01725
-0.04822
0.00478
0.03969
0.05955
-0.04542
-0.03917
-0.05169
0.01455
0.02951
-0.07466
0.02841
-0.02556
0.06153
-0.02446
-0.00663
0.01673
-0.00025
-0.07335
0.02982
-0.01538
-0.07128
0.00297
-0.05490
0.03237
0.08549
-0.01867
-0.04304
-0.03370
0.06344
-0.00117
0.00295
-0.00504
-0.00161
0.01674
0.08467
-0.02676
0.08092
-0.01892
0.07261
-0.01568
0.04708
0.04365
0.03113
-0.01057
0.03347
0.01683
-0.07569
0.02412
0.00167
-0.02149
-0.05621
0.04697
0.01260
0.01347
-0.05387
-0.02670
0.02927
-0.03570
-0.01811
0.00951
0.00348
-0.01130
-0.02958
0.04167
0.02604
0.06519
-0.00622
0.03626
0.01531
0.01402
-0.05048
-0.09699
0.02424
0.04983
-0.03292
-0.00730
0.05853
0.01206
0.00034
0.05276
0.00056
-0.08064
-0.00590
-0.00689
-0.01187
-0.02198
0.01325
-0.03112
0.00503
0.06138
-0.02662
0.04684
-0.04848
0.05699
-0.01330
0.06006
-0.01191
-0.01889
0.02428
-0.07861
-0.02103
-0.05983
-0.03299
-0.05436
0.01664
-0.00939
0.01530
0.00262
-0.03437
0.03044
-0.05858
0.02325
0.07263
-0.00887
-0.02410
0.01813
0.00377
-0.01556
0.06085
-0.09689
0.00353
-0.03237
0.01832
-0.07319
0.00658
0.01270
-0.00233
0.04114
-0.02993
0.01599
0.03187
0.01932
-0.01396
-0.02987
0.04128
-0.00817
0.11724
-0.06058
0.04594
0.00833
0.01402
-0.02844
-0.06454
-0.00730
0.00093
0.00029
-0.01103
-0.04800
-0.05295
-0.01443
-0.08892
-0.01763
-0.02275
-0.02587
-0.00925
-0.01667
0.01432
0.01833
0.02401
0.03462
0.05486
-0.01235
0.01593
0.02450
0.00115
0.00102
-0.00546
-0.02512
0.00604
-0.01414
0.01789
-0.00015
0.05269
-0.02635
-0.04310
0.02531
0.01617
0.03525
0.06252
0.08324
0.00284
-0.00020
0.00398
-0.04508
0.00857
-0.04273
0.02206
-0.05495
-0.02076
-0.00266
-0.03982
0.01985
0.04032
-0.05293
-0.02682
0.04639
0.00025
0.00166
0.02776
0.03555
0.02776
-0.05441
-0.00293
0.05994
0.01342
-0.01805
0.01789
0.04349
0.04187
0.09051
0.01910
0.03495
0.00399
0.02123
-0.07632
-0.02510
-0.02218
-0.01813
0.11785
0.01416
-0.01343
-0.08163
-0.01244
0.02167
0.03423
-0.02018
0.02376
-0.00891
0.02554
0.03050
0.01560
0.02379
0.00718
-0.06619
0.09020
0.01594
-0.02101
-0.01208
0.01839
-0.01754
0.01050
-0.06319
-0.09397
-0.05772
0.02350
0.01878
0.04492
0.01976
-0.01392
-0.05895
0.00932
-0.04947
0.03520
-0.01801
0.03562
0.01552
0.01226
0.02053
-0.02345
-0.08759
-0.06647
-0.05698
-0.00046
-0.03267
-0.09410
-0.01393
-0.06561
-0.05247
0.07322
-0.03117
0.00013
0.00945
0.01959
0.00262
-0.01142
0.01575
0.02822
0.04738
-0.02446
0.01692
-0.02738
0.04723
-0.03161
0.01696
-0.02087
0.00397
0.01626
-0.00597
-0.05503
-0.02857
0.00294
-0.01502
0.00983
-0.02138
-0.00536
0.08559
0.02937
-0.00088
0.00443
-0.04238
-0.02523
0.02485
-0.04389
0.07345
-0.06187
0.00561
0.00873
0.03858
0.01661
0.03041
-0.05310
0.01316
-0.01743
-0.01189
-0.04588
-0.03942
0.01939
-0.01332
-0.03581
0.01543
0.03903
0.02967
0.00702
0.05953
0.02847
0.02168
-0.02193
-0.08254
0.03312
0.02650
-0.03434
0.06769
-0.05447
-0.04270
0.00718
0.01320
-0.01104
0.08639
0.06381
0.02737
-0.00755
-0.01848
-0.03533
-0.03834
0.00867
0.00060
-0.05900
0.03063
0.04793
0.09523
0.01821
0.05816
-0.02318
0.02416
0.01303
-0.06987
-0.04942
-0.04426
0.06105
0.06037
-0.02332
-0.07957
0.00194
-0.01260
0.02303
0.01233
-0.01304
-0.01540
0.05282
-0.04230
0.01196
-0.02291
-0.05161
-0.02587
0.02399
-0.04692
0.01739
0.04552
0.06965
0.03469
-0.06244
-0.04928
-0.03392
0.07323
-0.06241
0.07456
0.06182
-0.01844
0.00644
-0.00131
0.03113
0.00417
