0.00491
-0.02055
-0.08283
0.03126
-0.02121
-0.03691
-0.04349
0.01639
-0.02807
0.05544
0.07041
0.08908
0.02752
0.01524
-0.00717
-0.02165
0.02264
0.08754
-0.03424
0.03627
-0.02192
0.03733
0.04149
-0.05956
-0.00586
-0.05427
-0.05109
-0.01619
0.01792
0.01133
0.01993
-0.02425
-0.00125
0.02751
-0.02455
-0.02674
-0.04314
-0.08164
-0.01848
0.07048
-0.07078
0.03221
0.00860
0.03227
-0.01983
0.06886
0.00536
0.02504
-0.03211
-0.00084
-0.01370
-0.03639
0.06880
0.01370
-0.02525
-0.04184
-0.04240
0.02745
-0.09240
0.00458
-0.00150
0.12641
-0.06169
0.00582
0.02989
-0.00551
-0.00888
-0.01790
0.02945
0.00916
0.05505
0.04398
-0.01415
0.00201
0.01708
-0.05608
-0.00673
0.01974
0.01668
0.01736
-0.01565
-0.00980
-0.01558
0.00009
0.01080
-0.01281
-0.00887
0.05684
-0.06535
-0.00488
0.06793
-0.00870
0.00401
-0.05941
0.02325
0.03469
0.05707
0.02469
-0.02965
0.10261
-0.02098
0.06427
0.05576
0.02497
0.00221
0.00125
-0.01858
0.01807
-0.00470
0.02024
0.08654
-0.02714
0.01560
-0.00412
-0.02585
-0.00185
0.02158
0.04014
-0.03895
0.04847
0.00797
0.02183
-0.02043
0.01855
-0.02800
0.00389
-0.05180
-0.01073
0.00114
-0.04436
-0.01297
-0.02981
0.02844
-0.00781
-0.02180
0.01714
-0.00968
-0.00970
0.04005
0.04407
-0.04645
0.01803
-0.01900
-0.01168
0.02736
0.00038
-0.08939
-0.00348
0.02564
-0.02426
0.00177
-0.02079
-0.05224
0.09445
0.08831
-0.06228
0.02497
0.01292
-0.08535
-0.03885
0.02540
0.06411
-0.01975
0.03269
0.09838
0.02970
-0.00621
0.01714
-0.07413
0.01686
-0.11631
0.00813
-0.02007
0.01354
-0.01259
-0.03824
0.05292
0.04249
-0.04833
0.00548
-0.02277
-0.04990
0.01461
0.03733
0.04278
0.03029
0.03232
-0.06743
-0.02037
0.02089
-0.04074
-0.05096
0.08707
0.02301
-0.01686
0.03633
-0.03310
0.02286
0.06776
0.05637
0.04764
0.00434
-0.05227
-0.06433
0.01583
-0.03313
-0.02741
-0.03056
-0.01026
0.06612
-0.04845
0.02864
-0.02530
-0.00579
-0.01751
0.06423
0.00986
0.01797
0.00435
-0.06019
0.00358
-0.01347
0.08097
-0.02375
0.04531
-0.02245
0.01985
-0.00486
0.01245
0.03352
0.03540
0.02509
0.05151
-0.05409
0.00244
0.00132
-0.06933
0.00943
0.06443
0.02361
-0.01720
-0.03334
0.02615
0.00180
0.04086
0.04618
-0.01141
0.07430
0.04438
0.02083
-0.00018
0.03559
0.04463
0.00143
0.02753
0.00760
0.06532
0.00882
0.04224
0.02801
-0.06210
-0.02662
-0.05299
-0.04029
0.00046
-0.04916
-0.04990
0.00830
-0.02030
0.00418
-0.03291
-0.05342
0.03335
0.01325
0.01381
0.03758
0.03044
0.00945
-0.05001
0.00708
0.07663
0.02076
-0.05358
0.01077
0.00486
-0.02589
0.00674
-0.02000
-0.06635
0.02740
-0.02366
-0.06468
0.00909
0.00124
-0.02539
-0.01590
-0.02228
0.01142
-0.04686
0.03928
0.04857
0.02559
0.00716
-0.00007
0.04031
-0.03146
0.01602
-0.03745
-0.05926
-0.03791
-0.04996
0.03434
0.02461
0.03317
0.09793
0.00476
-0.03810
-0.05579
0.03459
0.02831
0.00080
-0.03668
0.00409
0.04837
-0.00209
0.01490
-0.01497
0.04151
0.02436
0.04975
0.02041
0.04178
-0.07814
0.06761
0.03893
0.02661
-0.01823
0.00114
-0.03961
0.06089
0.05684
-0.00230
0.03899
0.00552
0.07349
0.02340
-0.01284
-0.00938
0.07704
0.02971
0.02087
-0.01291
0.01394
0.03935
0.05976
-0.01296
-0.02286
0.00110
0.03241
-0.00939
0.00915
-0.05728
-0.10350
-0.03762
-0.01188
0.02229
0.00524
0.02272
-0.06324
-0.04419
-0.04517
-0.04377
0.04052
0.02257
0.02768
0.05478
-0.02740
0.06186
-0.01492
-0.01647
0.01961
-0.01224
-0.03734
-0.01284
-0.04845
-0.02213
-0.04375
-0.03672
0.01895
0.04613
-0.00929
0.03187
-0.02336
0.01125
0.01918
0.03688
-0.01136
0.00432
0.06444
0.02245
0.01134
0.04094
0.04869
-0.01846
0.01447
-0.02482
0.01308
0.01393
-0.02416
-0.06861
0.01662
-0.00217
0.05887
0.00125
-0.04409
-0.03150
0.08383
0.04192
0.03233
-0.05873
0.04149
0.05114
-0.08393
0.04387
0.06365
0.04186
0.04636
-0.02025
0.01588
0.01949
-0.01072
0.04077
-0.01492
-0.03854
-0.02178
-0.00066
0.00808
-0.03034
-0.08798
-0.00020
0.00273
0.00059
-0.03829
0.05511
-0.01963
-0.01232
-0.04089
-0.02524
-0.00228
-0.05857
0.04171
0.03306
0.01939
0.03119
0.01594
-0.03042
0.00663
0.06606
0.06947
0.01025
0.00824
-0.02053
-0.02273
-0.03723
0.05466
0.05679
0.00518
-0.05817
-0.00058
0.04653
0.04162
0.05005
0.04128
-0.06447
-0.07523
-0.05564
-0.02383
-0.11079
0.08658
0.06249
0.00608
0.02747
0.00683
0.04661
-0.02507
-0.03703
-0.02816
0.02304
0.02861
-0.06086
-0.00623
-0.01126
-0.05019
0.02400
0.07694
-0.06864
0.01075
0.06915
-0.00357
-0.01026
-0.06088
0.01713
-0.00161
0.00122
-0.01632
0.02946
-0.00898
0.06538
-0.01608
-0.07474
0.02600
-0.02598
