-0.04547
-0.05423
-0.11082
-0.02131
0.01932
-0.02283
0.08693
0.06844
-0.02347
0.01888
-0.00619
0.07444
0.01128
-0.06930
-0.06321
0.03018
-0.01073
0.01092
-0.04588
-0.06254
-0.12807
0.01181
0.01564
-0.05140
-0.03676
-0.01998
-0.03601
-0.09916
0.03033
-0.00154
-0.04790
0.00951
0.02895
-0.01367
-0.05093
0.04639
0.06900
-0.01512
-0.04264
0.02114
-0.00108
-0.01031
0.00251
-0.02467
0.00054
0.01973
-0.01095
0.04547
-0.00098
-0.02511
-0.08310
0.02001
0.02156
0.00465
-0.07235
0.04011
-0.05270
0.08727
-0.00710
-0.04334
-0.04539
0.03042
-0.04328
0.02487
-0.04189
-0.01513
-0.04930
0.02621
-0.00119
-0.00944
-0.04319
-0.04733
0.07860
0.01238
-0.00777
-0.07020
-0.05544
-0.02426
-0.03372
-0.04884
-0.03570
0.03925
0.00506
-0.00581
-0.00496
0.02701
-0.01889
0.00690
-0.00841
-0.06942
0.03017
-0.00262
0.01880
-0.05298
0.00676
0.00389
0.01247
0.00117
-0.08112
0.03839
-0.02361
0.00210
0.00916
0.00083
-0.02244
-0.10890
0.01728
-0.05054
0.02110
-0.09869
0.04902
0.06944
-0.06932
-0.03976
0.05046
0.00366
0.05391
-0.00845
0.00369
-0.02881
-0.02659
-0.03720
0.02930
-0.02349
-0.02494
-0.03844
0.02068
0.01570
-0.00841
-0.03373
-0.03690
-0.06276
0.02590
0.02028
-0.06034
-0.03992
-0.02544
0.00953
0.07068
0.04656
-0.03904
0.03677
-0.02835
0.10952
0.01288
-0.02030
-0.03769
-0.00227
0.06728
0.06763
0.09195
-0.01185
-0.00585
-0.01007
0.08261
0.04244
-0.02207
0.01016
0.01122
0.02037
0.03141
0.01294
-0.01704
-0.01865
-0.01257
0.04592
-0.03533
0.03341
-0.00524
0.05513
-0.02131
-0.04809
-0.03171
0.03021
0.00280
0.05498
0.01337
-0.00622
0.03096
-0.01104
-0.01675
-0.04261
0.03282
0.03405
0.03613
-0.00161
0.02928
-0.01784
0.02125
-0.00452
0.03840
-0.01236
-0.04980
-0.06417
0.06299
-0.03278
0.03140
0.03541
0.01907
0.01791
-0.04380
-0.02992
-0.00907
-0.08344
0.02988
0.04513
0.03658
-0.00713
0.03733
-0.01642
-0.02035
-0.00532
0.01763
0.00150
-0.00181
0.02307
-0.03970
0.01134
-0.02221
0.00658
-0.05054
0.00638
0.00226
-0.08282
0.02319
-0.02610
-0.01864
0.04111
0.01054
0.04596
-0.04983
0.04112
-0.02990
-0.02491
-0.05813
-0.01386
0.08097
-0.02662
-0.00060
-0.06517
0.03354
-0.02990
0.00469
0.00469
0.00963
-0.04580
-0.00028
-0.03814
-0.04724
-0.01389
0.06477
0.03409
0.01789
0.05816
-0.01012
-0.03240
-0.00332
-0.01974
0.03801
0.03990
0.04368
0.03482
-0.06176
0.02005
-0.03880
-0.03039
0.03986
-0.04523
-0.03951
-0.08239
-0.04778
0.00430
-0.02437
0.00447
-0.01444
-0.05376
-0.00664
0.01648
0.06656
0.04434
0.00576
0.08620
-0.02546
-0.03696
-0.04747
-0.01548
0.02091
0.05227
0.04918
-0.04041
-0.06460
0.00104
0.01061
0.06177
0.04380
-0.00662
0.02592
0.01326
0.00557
0.08224
0.02758
0.03438
0.03701
0.05617
-0.01548
-0.03195
-0.00903
-0.12096
-0.00930
-0.00451
0.05095
0.01272
-0.02109
-0.05954
0.03932
0.01875
0.05777
0.04197
0.02709
-0.06498
0.05078
0.02426
-0.01546
0.07437
-0.01731
0.00768
-0.00318
-0.01961
-0.03491
-0.03829
0.03207
0.00615
0.04851
0.02225
-0.02982
0.00741
0.03548
0.00745
0.05107
-0.01626
0.05582
-0.00849
0.02439
-0.05384
-0.01361
-0.06726
-0.01198
-0.03840
0.08242
0.00863
0.02070
0.03824
-0.01174
-0.02698
-0.00584
0.00425
0.04036
0.02364
0.01450
-0.01609
-0.04245
-0.04948
0.01466
0.03492
0.06297
0.02988
0.06853
0.03714
-0.00517
-0.00091
0.02280
-0.03530
-0.01417
-0.02872
-0.01217
0.03001
0.00717
0.00177
-0.00470
-0.04685
-0.06583
0.01050
0.00827
0.04530
0.06632
0.01474
-0.02045
-0.02871
0.00837
-0.01343
0.06363
0.03536
0.00805
-0.04580
-0.00988
0.02850
0.10736
-0.03004
-0.02969
0.01496
-0.00186
-0.02199
-0.04978
0.09049
-0.02052
-0.00088
-0.02860
-0.01168
-0.02091
0.01579
0.04538
-0.02191
-0.06236
-0.04801
-0.03678
0.06642
0.02991
0.04068
-0.05522
0.00107
-0.00622
0.02753
0.02845
0.00247
-0.07551
0.02179
0.07652
0.03716
-0.02139
0.01490
0.00872
0.09906
-0.02163
0.03729
-0.04398
-0.03531
-0.02456
-0.00527
0.01679
0.02213
-0.02957
0.03846
0.01629
0.01949
-0.00921
-0.00361
-0.01222
-0.00471
-0.00931
-0.07125
0.01857
0.00881
0.03016
-0.04252
0.02589
0.01447
0.00470
0.00384
0.00791
-0.01872
0.04752
0.06159
0.05973
-0.05206
-0.03630
0.02441
0.05402
0.02003
0.00051
-0.02694
-0.01106
-0.00229
0.01584
-0.00857
0.02096
0.03767
-0.02237
0.03352
0.02620
0.01114
0.01243
-0.02603
0.01035
-0.03595
0.08273
-0.01130
-0.07669
-0.03871
0.00105
-0.02901
0.00529
-0.02134
-0.06186
-0.07391
0.09338
-0.06017
-0.04006
0.06441
0.04566
-0.00315
-0.07771
0.00817
-0.03163
0.04676
-0.02896
0.04457
-0.01558
0.01147
0.05282
-0.06289
-0.03142
0.02796
