-0.02796
0.02114
0.01469
0.00129
0.02347
0.04391
-0.02228
-0.04842
-0.04503
-0.04603
0.03890
-0.02477
-0.03140
0.00306
0.00128
-0.01910
0.01197
0.07975
0.02963
0.00182
-0.00160
-0.02021
0.08447
-0.03126
-0.00757
0.00767
0.05395
-0.06487
0.00318
0.03329
0.01262
0.00930
-0.00451
0.06988
0.01009
0.00464
0.06665
-0.04117
0.02551
0.02678
0.00360
-0.04473
-0.00903
-0.00562
-0.01046
-0.05303
-0.03336
0.07929
-0.08357
0.02594
-0.05886
0.01986
0.00935
0.04908
-0.00845
-0.06105
-0.01594
0.06525
0.02474
-0.01645
0.02154
0.04270
0.01378
0.03850
0.02658
-0.04672
-0.01478
-0.02087
-0.02828
0.01332
-0.02042
0.01181
0.00152
0.02515
-0.02574
-0.01400
-0.02264
-0.05444
-0.00736
-0.06739
0.04607
0.02250
-0.00490
0.00181
0.03585
0.04776
0.01805
0.02025
-0.01750
-0.03574
0.04825
-0.04085
-0.03318
-0.04478
0.06819
0.00857
-0.00078
0.05239
-0.02325
-0.00292
0.06498
0.00049
-0.05840
0.02847
-0.03255
-0.03198
0.03485
0.01122
-0.01660
-0.08113
0.06535
0.05226
-0.02864
-0.06604
0.00555
0.04938
-0.02059
0.00380
0.05036
0.05768
-0.00135
0.00790
0.03698
0.00065
-0.02572
-0.00644
0.01830
0.02985
-0.04409
-0.04579
0.00321
0.00528
-0.02173
-0.01330
-0.01876
0.00234
-0.03900
-0.03273
-0.04280
0.02417
-0.03791
0.02976
-0.04392
0.05743
-0.01750
-0.03383
0.03840
0.05317
0.01192
-0.01683
0.05133
0.05370
-0.01147
-0.02759
0.04738
0.04944
-0.05168
0.01831
0.05694
-0.03434
0.00067
0.05146
0.00749
0.06719
0.00645
0.07428
-0.08580
0.01428
-0.08228
0.00794
0.00766
-0.05284
0.00136
-0.02386
0.00324
0.01220
-0.08458
-0.04105
-0.03640
0.04806
-0.00123
-0.01710
0.02919
0.03933
0.00924
-0.01473
0.02407
0.07400
0.03410
-0.01718
0.02791
-0.00057
0.02651
-0.07051
0.01871
-0.08613
-0.04221
0.01870
-0.01798
0.05494
0.02440
-0.08197
-0.00206
0.02325
0.03755
0.05016
-0.02807
-0.01797
-0.01658
-0.02410
-0.00431
-0.01627
0.02941
-0.00047
-0.05064
-0.04395
0.09920
0.04579
0.07467
0.00363
-0.06656
-0.05259
0.00450
-0.07210
0.06354
0.06652
0.02394
0.00898
-0.07300
-0.04870
0.06113
0.12036
-0.01830
0.08531
0.04427
-0.03921
0.05849
-0.05261
-0.00470
-0.01498
-0.05559
-0.01981
-0.01653
0.07595
0.03481
0.00263
-0.00514
-0.02051
-0.04479
0.01054
-0.00200
-0.08203
0.03659
0.00913
0.01484
-0.06662
-0.00730
-0.00560
0.04347
0.04496
-0.01641
-0.04291
0.07702
0.00467
-0.08932
0.00343
0.08762
-0.04629
0.01148
-0.04754
0.06381
0.06309
0.00978
-0.01222
-0.02824
-0.00237
0.00311
0.04812
0.07680
-0.05154
-0.02934
-0.02954
0.05070
0.01774
-0.01511
-0.05631
0.07287
-0.05936
0.04134
-0.04621
0.01430
-0.02201
-0.01195
0.00946
-0.02594
-0.02312
-0.03319
0.02149
0.00958
0.01538
0.04980
-0.01625
-0.04270
0.10572
0.09134
-0.00317
-0.07712
0.03924
-0.03719
0.03647
-0.00245
0.00876
0.03038
0.00942
0.01745
0.04397
-0.02903
-0.03615
0.00619
0.04553
0.05223
0.05119
-0.05701
0.03984
-0.03885
0.03054
0.09067
0.02608
0.03336
0.00104
-0.00434
-0.06515
-0.03661
0.02550
-0.00547
-0.01368
0.04421
0.01185
-0.00870
-0.03843
0.00591
-0.04348
0.02155
-0.00386
-0.01721
0.05057
0.01952
-0.02235
0.06124
-0.01137
-0.04486
-0.04087
0.01157
0.02691
0.01473
0.03088
0.04646
-0.01930
-0.02269
0.03206
0.02582
-0.05686
-0.02511
-0.00820
0.02833
-0.01745
-0.01048
-0.02736
-0.03096
0.01908
-0.00584
0.02399
-0.03349
0.00579
0.04259
0.04453
0.00295
-0.03256
0.04598
0.05766
0.02277
-0.04223
0.00091
0.00551
0.07935
-0.04592
0.00724
0.04531
0.02710
0.08167
-0.03858
0.11813
0.05047
0.01248
-0.01954
0.00392
-0.03333
0.06290
-0.01862
-0.02730
0.01404
-0.05515
0.03456
-0.00561
0.01572
-0.02072
-0.04546
0.01642
0.02459
-0.00965
0.03334
-0.03976
-0.05206
0.05765
-0.05182
-0.08073
0.00532
0.04013
0.00988
-0.04372
-0.02827
-0.06548
-0.01021
0.00844
-0.04873
0.02518
0.06153
0.01718
-0.01203
-0.00760
0.03673
0.06913
0.02755
0.03465
0.02072
-0.01708
-0.04247
-0.08129
-0.03789
-0.03459
0.00120
-0.00150
0.00772
0.06817
-0.00489
0.02958
-0.02720
0.06067
0.05373
0.00057
-0.00392
0.01684
0.00544
-0.05889
0.02929
0.06006
-0.05420
0.03118
0.04293
0.06020
0.01763
0.05697
-0.02865
0.01245
0.02186
-0.00890
0.02799
0.05485
0.04924
0.11146
0.02595
-0.02373
-0.00873
-0.00701
-0.00530
0.00695
0.02563
0.01312
-0.06834
-0.00299
0.03722
-0.03602
0.06048
0.04960
-0.03207
0.07438
0.02152
0.06069
0.08041
-0.03253
-0.01008
0.02109
-0.05733
0.03672
0.04938
0.00058
-0.02057
0.02736
0.09172
0.01178
-0.05013
0.00011
0.00280
0.02623
0.00160
0.02554
0.01418
-0.00872
-0.07768
-0.00850
0.08399
0.01449
