-0.04531
-0.00735
-0.00701
-0.03054
0.09238
-0.04034
-0.00534
0.00109
0.05358
0.00376
0.03033
-0.01715
0.03139
-0.04519
0.02135
-0.00836
0.01722
0.02861
-0.04328
0.01727
-0.01402
0.04478
0.02508
-0.07663
-0.09043
0.00220
-0.01193
-0.05548
-0.01957
0.03948
-0.06548
0.03606
-0.02543
-0.05492
-0.01281
0.01575
0.00539
-0.02106
-0.07027
0.01064
-0.02707
0.01072
-0.01732
0.02633
0.01902
0.00049
0.05368
0.08224
-0.13059
-0.02511
0.02680
-0.01562
0.03357
0.03847
-0.02762
0.00052
-0.01807
0.05678
-0.03016
0.00300
0.04987
-0.02565
-0.02862
-0.05423
-0.08139
-0.01401
-0.05992
0.05150
-0.02335
0.04837
0.01642
-0.00880
0.00113
-0.10927
0.04485
-0.06635
-0.01757
0.01982
-0.00152
-0.01339
-0.01348
0.04218
0.02205
-0.07598
-0.07356
-0.06527
-0.01870
0.02760
0.02636
0.03456
0.02261
0.03151
0.05147
-0.00002
-0.00080
-0.01589
0.01499
0.05604
-0.07020
-0.03589
0.00459
-0.01784
-0.01598
0.01809
0.01460
0.03137
0.02804
0.00231
-0.02438
0.02264
0.00243
0.03555
-0.03477
0.00568
0.06204
0.05036
0.05716
0.03093
0.01213
-0.01290
0.01794
-0.03862
0.00670
-0.01585
0.05246
0.00371
-0.03742
0.00329
-0.01437
-0.00778
-0.00353
-0.00633
0.02687
-0.05346
-0.01253
0.00938
-0.01503
0.01031
-0.00335
-0.01044
-0.04914
-0.00949
-0.09844
0.06236
0.02606
0.02239
0.07441
-0.05508
-0.02941
0.04517
-0.02586
-0.05856
-0.08095
-0.02042
0.07112
-0.05488
-0.02571
0.01154
0.04212
0.01504
0.04763
-0.08209
-0.04870
-0.00992
0.01432
-0.03034
0.01304
-0.00079
0.00782
-0.03186
0.04458
-0.03580
0.00459
0.02277
-0.02733
0.03733
0.03738
-0.00621
-0.03625
-0.02488
0.00290
0.02199
-0.05959
-0.05175
0.06548
0.07765
-0.00492
0.01952
-0.00189
-0.00024
0.01142
-0.06849
0.04864
0.01653
0.07346
-0.04830
0.01198
-0.00209
-0.04668
-0.05639
0.02621
-0.09672
0.00762
-0.03649
-0.09125
0.02578
0.08814
-0.03443
0.04461
0.00958
0.00435
-0.00087
-0.01848
-0.02256
0.02014
-0.01468
-0.00492
0.05504
0.01126
-0.00550
-0.03319
0.00051
-0.02112
-0.03927
0.06203
-0.00688
-0.05915
0.04726
-0.00916
0.05134
-0.05936
-0.00705
-0.00563
0.01117
0.00857
0.06301
-0.07831
-0.06967
-0.00194
0.00014
-0.00628
-0.02530
-0.00012
-0.00444
0.05960
0.01799
-0.01549
-0.04775
0.06363
-0.00718
0.03745
0.03977
-0.05054
-0.10217
0.02093
-0.02673
0.01373
0.00698
-0.02304
-0.02997
-0.01801
-0.04016
-0.00540
0.05501
-0.00202
-0.00285
0.02309
-0.02939
-0.04546
0.00865
-0.02736
0.00205
-0.00715
-0.05628
-0.02591
-0.01972
0.08130
0.03259
0.00755
-0.06108
0.02976
0.07914
0.06281
-0.03462
-0.03458
0.04169
0.02964
-0.01830
-0.05314
-0.10792
-0.03269
0.02013
-0.00769
0.00280
-0.03141
0.00799
0.10040
-0.02683
0.00997
0.01848
0.04638
0.07760
-0.03084
0.00461
-0.00347
0.00875
0.01777
-0.06272
-0.05538
0.05456
0.04324
0.01961
0.00679
0.00903
0.05313
-0.04181
-0.02911
0.00380
-0.01236
-0.03106
0.00766
0.05493
-0.03667
0.07010
0.00090
-0.03806
0.05105
0.08125
0.02619
0.01662
0.01326
0.03178
0.06861
0.00045
-0.05936
-0.04796
0.02443
-0.03728
0.05701
-0.02449
-0.00005
0.01240
-0.03385
0.05678
0.05997
0.01017
-0.04675
0.01875
0.01271
-0.08040
0.04129
0.01612
-0.05163
-0.05268
-0.05120
0.05797
0.04717
-0.01579
0.02081
0.01315
0.04940
0.02727
-0.10268
0.04274
-0.01706
-0.01908
0.01169
-0.00206
0.02947
-0.05574
-0.05599
-0.02852
-0.00393
-0.00089
0.00069
0.04554
-0.01260
-0.04379
-0.05520
-0.05686
0.02497
-0.07003
0.03009
-0.02054
-0.01992
0.02179
-0.05250
-0.03273
-0.02869
-0.03977
0.05440
-0.02782
-0.04299
-0.02579
-0.00445
-0.01089
0.06195
-0.00330
0.03963
0.02358
-0.08235
0.07286
0.02633
0.01007
-0.00195
-0.01499
-0.02445
-0.01945
0.05222
0.02787
0.05977
0.05960
-0.03230
-0.02064
-0.04227
0.06943
-0.05063
0.05960
0.05453
-0.03537
-0.03643
-0.06232
-0.00651
-0.01600
-0.03203
0.01050
-0.02618
-0.05571
-0.06376
0.02233
-0.06227
0.00090
0.02014
0.00284
-0.03595
-0.04917
0.01911
0.00649
-0.01678
0.03417
0.01697
-0.01808
0.01217
0.00515
-0.02855
-0.00646
-0.04896
-0.04493
0.01349
-0.02702
-0.04631
0.02431
-0.07648
-0.03144
-0.01559
0.00806
-0.03847
-0.00138
-0.03877
0.00503
0.02683
-0.04566
0.00575
-0.01835
0.03679
0.03990
-0.01705
0.03959
-0.05321
-0.01535
-0.02511
-0.01740
-0.01261
0.01410
-0.05177
0.03165
0.01914
0.03031
-0.02530
-0.01640
-0.01082
-0.02603
0.00257
-0.05348
0.04404
0.05251
-0.03224
-0.06539
0.03412
-0.02871
-0.01532
-0.00649
-0.03546
-0.02730
0.00110
0.00558
0.00198
0.00209
-0.00125
0.02975
-0.09926
-0.03638
0.02704
-0.05192
0.06683
0.08309
0.03619
-0.07584
0.01424
-0.02262
-0.00294
-0.02584
