-0.01638
-0.05542
-0.00317
0.02736
0.05776
0.04525
-0.03406
-0.05853
0.04717
-0.00489
0.00883
-0.02177
0.00585
-0.08613
-0.04106
-0.02661
0.05242
0.08274
0.06201
-0.00346
-0.03467
0.03276
0.10332
-0.04233
-0.04820
0.04283
0.03657
-0.02575
-0.03083
0.05432
-0.04030
0.05393
-0.05937
-0.04227
-0.02400
0.00349
0.03491
-0.03224
-0.06545
0.00992
0.01641
-0.00283
-0.06064
0.01245
0.03238
-0.02143
0.01874
0.06792
-0.08631
-0.02219
0.02460
-0.00315
0.02018
0.07303
-0.03960
-0.00515
0.01675
0.07936
0.00019
0.01147
0.05033
-0.04378
-0.01619
-0.02709
-0.01426
-0.00210
-0.01318
0.03667
-0.07222
0.02882
0.03482
0.03204
0.02168
-0.03289
0.04301
-0.07317
-0.02684
0.04628
-0.01420
-0.04448
-0.00295
0.01319
0.03982
-0.06074
-0.04424
0.00794
-0.00329
0.01447
0.02227
0.03993
0.03872
-0.01242
0.02158
0.04798
-0.01261
-0.01231
0.06238
0.06604
-0.08214
0.04965
-0.00630
-0.07312
-0.05581
-0.01058
-0.00182
0.00830
0.01900
0.02582
-0.00127
0.02689
0.07411
-0.00008
-0.04806
0.00974
0.05303
0.07477
0.01407
0.00708
0.06272
0.08732
0.06434
-0.04653
0.00219
0.00749
0.04170
-0.02215
-0.00952
0.06283
-0.04544
-0.04468
0.01037
-0.07164
-0.02931
0.00883
-0.07465
0.06352
-0.05633
-0.01509
-0.00908
-0.00209
-0.08126
-0.00578
-0.05325
0.07979
0.02333
-0.03007
0.09747
-0.01293
0.01512
-0.01648
-0.03569
0.05029
-0.00703
-0.01653
0.06249
-0.03409
-0.00408
0.01712
0.06517
0.01995
0.00866
-0.00646
-0.06540
-0.00796
0.00990
-0.00376
0.00439
-0.03724
-0.01499
0.00730
0.01844
-0.04000
0.02423
0.02218
0.02022
0.05153
0.00270
0.02103
-0.05018
-0.00018
0.02632
0.06999
-0.04111
0.02638
0.06741
0.03376
0.00361
0.02391
0.02599
-0.00173
0.00104
-0.06608
0.01465
-0.02011
0.04457
-0.06519
-0.02252
0.03522
0.00687
0.00558
0.05038
-0.08257
-0.04842
0.03343
-0.05509
-0.00970
0.06700
-0.03351
0.06392
-0.00998
-0.00133
-0.02542
-0.01210
0.01502
-0.00432
0.02809
0.02616
0.05854
0.03513
0.01560
0.00909
-0.03657
0.00038
-0.07808
-0.01488
0.02703
-0.08755
0.04111
0.04024
0.00916
0.00273
0.03587
0.03155
0.05718
0.01211
0.06518
-0.06774
-0.07426
-0.03463
0.01506
-0.05891
-0.00545
-0.02245
0.02015
0.09216
0.00843
-0.03994
-0.05234
0.06938
0.00036
0.06067
-0.00684
0.00922
-0.06704
0.01963
-0.03603
0.01088
-0.05973
-0.01001
0.00358
-0.05166
0.00613
-0.03641
0.05357
-0.05202
-0.02245
0.05384
-0.06685
-0.06303
0.00462
-0.01457
0.07798
-0.01403
-0.07396
-0.02274
-0.00308
0.03052
0.01273
0.03067
-0.05531
0.05435
0.05717
0.02206
0.01422
-0.00698
0.00577
0.01770
-0.00415
-0.03544
-0.09354
-0.01807
-0.01508
-0.02167
0.00359
-0.02836
0.00437
0.07219
0.07718
0.00081
0.00698
0.05374
0.05661
-0.04034
0.10407
-0.02107
-0.01564
-0.02097
0.00647
-0.04818
0.02783
0.04874
-0.00183
-0.00074
-0.00696
0.02193
0.01649
0.02741
-0.02496
0.04414
-0.01340
0.10235
0.02095
0.01031
0.06738
-0.00187
-0.04287
0.07833
-0.00763
0.05494
-0.03082
-0.00683
-0.01313
0.14380
0.00908
0.02205
0.02631
0.03455
0.01481
0.04933
-0.05580
0.00113
0.01180
-0.02789
0.02520
0.03753
0.00121
-0.03181
0.02926
0.03661
-0.04316
0.04315
-0.00712
-0.10845
0.01423
-0.06113
0.03954
0.07492
-0.02888
0.00033
0.06870
0.06973
-0.00578
-0.03872
0.04225
-0.01365
-0.04212
0.02494
-0.06189
0.01832
-0.02548
-0.05039
0.02734
-0.07820
-0.00581
0.03223
0.00038
-0.01261
-0.01817
0.00003
-0.05027
0.01306
0.00078
0.02654
0.02411
-0.02117
-0.01147
-0.10357
-0.01276
0.00467
-0.00738
0.01439
0.00231
-0.00234
-0.06355
-0.02019
-0.03013
0.06920
-0.01615
0.04133
-0.02081
-0.04320
0.04066
-0.02688
0.01960
0.05825
-0.08786
-0.04888
0.01322
0.05854
0.02572
0.10181
0.00882
-0.03033
0.01045
0.01171
-0.01716
-0.02324
0.05924
0.00913
-0.00851
-0.01290
-0.03868
0.03441
0.02488
-0.06055
-0.00147
-0.00179
-0.06258
-0.11099
-0.03146
-0.01564
0.04792
0.01651
0.01867
-0.06891
-0.04096
0.04430
-0.01902
-0.02653
-0.00641
0.00244
0.01590
-0.01856
0.01919
-0.04457
-0.06654
-0.08474
-0.00290
0.02186
-0.02299
0.01113
0.02761
-0.09220
0.01996
0.03072
0.03726
-0.07193
0.00486
0.01457
0.04201
0.01362
-0.01711
-0.06061
0.03191
0.04961
0.04091
-0.01634
0.01264
0.03827
-0.00182
0.04424
-0.05694
-0.01969
0.02734
-0.01949
0.01577
0.05469
-0.01175
-0.02791
0.01187
0.02782
0.00364
0.03749
-0.01859
-0.00252
0.03542
-0.00452
0.00484
0.02567
-0.04772
0.03003
0.04486
-0.06025
-0.01605
0.03568
0.05110
-0.07350
0.02771
0.01773
0.03807
-0.05382
-0.01668
0.04305
-0.00673
0.10779
0.00910
-0.00810
-0.07983
-0.02984
-0.04687
0.01382
-0.01923
