-0.00548
-0.03541
-0.05156
-0.03555
0.00202
0.00534
0.01531
-0.01837
0.00785
-0.04534
-0.00367
-0.00510
0.01090
0.01944
0.06290
0.01656
0.03304
0.00146
-0.04367
0.00731
-0.03642
-0.04888
0.01174
-0.04677
-0.01035
-0.04755
-0.03374
-0.03910
0.01821
-0.02722
0.01327
0.03296
-0.05343
0.05156
-0.08525
0.00398
0.03800
-0.01337
-0.03991
0.03675
-0.02170
-0.00485
-0.04541
0.03545
0.09692
-0.02058
0.10388
-0.00995
-0.01028
-0.01807
0.03161
0.05227
0.01134
-0.02276
-0.06411
0.02345
-0.07067
-0.00854
0.00005
0.01240
-0.01884
-0.00913
-0.05985
-0.02408
-0.02393
0.04784
-0.04930
0.07199
-0.05443
-0.04275
-0.04537
-0.01630
0.00916
-0.02058
0.04461
-0.05220
0.02125
-0.01045
-0.05617
-0.03433
-0.04909
0.03202
-0.00433
-0.01846
-0.01640
-0.02064
-0.04334
0.03482
-0.01881
0.07442
0.04117
0.00316
0.04277
-0.02703
-0.02367
-0.01638
-0.00640
0.03028
0.00355
-0.05780
0.03005
0.02982
0.03978
-0.07479
0.01701
0.01843
-0.04344
-0.05767
-0.08214
-0.03810
0.01991
0.01230
-0.01591
0.05949
0.05309
0.06549
0.02959
-0.06119
0.00593
0.00277
0.00512
0.04318
0.06270
0.04188
0.02610
-0.05319
-0.01935
-0.00161
0.05753
-0.04648
0.00666
0.04189
0.00955
-0.01081
0.02082
-0.06304
-0.00214
-0.09194
0.00474
-0.03444
-0.02760
0.02301
-0.06853
0.02548
0.07315
-0.03299
0.00483
-0.01942
0.03841
0.02342
-0.03291
-0.02182
0.00307
-0.00460
0.05593
-0.00655
0.05316
-0.01149
0.09102
-0.03868
0.05752
-0.02207
-0.01501
-0.05824
0.06330
0.00883
-0.01405
0.01937
0.02096
-0.02841
-0.01077
0.06126
0.00556
-0.02118
-0.02060
-0.03106
-0.00479
-0.01178
-0.01221
0.02814
0.05141
0.01150
-0.05809
-0.02386
0.00965
0.03150
-0.04792
-0.00793
-0.00991
0.02720
-0.03305
-0.07880
0.01313
0.05885
-0.01002
-0.02109
0.03549
0.01918
-0.01148
-0.00960
0.01185
-0.09741
0.02438
-0.00761
-0.02553
-0.03864
0.02618
-0.02062
0.04018
0.07502
-0.02499
0.02168
-0.00139
-0.01027
0.01191
0.01921
-0.03398
-0.00701
0.02618
-0.05032
0.00608
-0.01552
0.00044
-0.05458
0.02912
0.00283
0.01725
0.04196
-0.00662
0.05905
-0.05325
-0.04815
0.01376
0.02658
0.04373
0.02089
-0.01444
-0.08669
0.06255
-0.01519
0.03590
-0.01444
0.03248
-0.03560
-0.01068
-0.01327
-0.03446
0.01223
-0.04012
0.00678
0.03085
0.06627
-0.01287
-0.08402
0.01190
-0.04635
0.05259
-0.04577
0.02536
-0.03112
-0.03742
-0.02543
-0.04743
0.03834
0.03780
0.02996
-0.00301
-0.08955
-0.03594
-0.01487
-0.09097
0.02384
-0.02477
-0.02306
-0.00923
-0.05074
-0.02170
0.02434
-0.01772
-0.00429
-0.02144
0.00223
0.07078
0.03053
0.03025
0.00867
0.00319
-0.01435
-0.00823
-0.04788
-0.00165
0.08106
0.00424
-0.03612
-0.00871
0.06595
0.00862
0.02082
0.04319
0.02682
0.01819
0.04543
-0.03344
-0.01992
0.03411
-0.02052
0.01820
-0.02587
0.01149
0.02713
-0.03137
0.00414
-0.00468
-0.05035
0.02057
-0.06054
-0.01387
0.01167
0.01367
0.03627
0.00590
-0.02098
-0.02163
0.01684
0.02034
-0.04730
0.00972
0.03816
-0.01552
0.05475
-0.06669
0.01877
0.01660
0.01875
-0.07644
-0.04171
0.00020
-0.03793
0.11198
0.01954
-0.02241
-0.03609
-0.00700
0.04877
0.04222
0.03180
0.04409
-0.03642
0.01129
0.01394
0.06148
-0.03043
0.02966
-0.04663
0.09052
0.02114
-0.01538
-0.03831
-0.05955
-0.00344
0.01212
-0.10849
-0.06815
-0.00404
0.00633
-0.01476
0.04195
-0.01804
0.01867
-0.05669
-0.01543
-0.00865
0.02737
-0.00453
0.00013
0.01200
-0.00560
-0.01884
-0.02224
-0.04008
-0.08642
-0.07546
-0.02906
-0.01799
-0.08097
0.03688
-0.04768
0.01645
0.01582
-0.06201
-0.02919
0.03809
0.01695
0.02773
-0.01560
0.03983
0.03399
0.01059
0.00475
-0.01237
0.00205
0.02254
0.02433
-0.03485
-0.05774
-0.04143
0.01115
0.00603
-0.03150
-0.02001
0.03967
0.00410
-0.02025
-0.00444
-0.02782
0.05429
-0.03156
-0.00660
0.04334
-0.04917
-0.05058
0.04131
-0.03585
0.01947
-0.02247
-0.00142
-0.03797
0.01404
-0.02780
0.00528
-0.03653
-0.01725
-0.00130
-0.01750
-0.02970
-0.02829
0.06742
0.02813
-0.01949
-0.00165
0.03243
0.01742
0.04326
-0.00670
0.01153
0.00550
0.03669
-0.08224
0.09473
0.01568
-0.02544
0.04719
-0.03939
-0.00570
-0.01011
0.01552
0.00126
0.05021
0.03438
0.00784
0.00840
-0.06079
0.01275
-0.06886
-0.02541
-0.03150
-0.04424
0.05548
0.02189
0.07668
-0.01584
0.04779
-0.03768
0.04012
0.00878
-0.05624
-0.01066
-0.05495
0.05626
-0.00283
-0.01690
-0.00774
-0.02754
-0.01264
0.04189
0.01556
-0.00427
-0.05287
0.08472
-0.01480
-0.02364
-0.01406
-0.00961
0.02215
0.00500
-0.00114
-0.00257
-0.00172
0.08610
0.07342
-0.06516
-0.03316
-0.05209
0.01138
-0.01167
0.06150
0.05531
-0.02790
0.01635
-0.01625
0.02666
0.01581
