0.09497
-0.09475
-0.03951
-0.03810
-0.01727
-0.02573
-0.00988
0.02488
-0.02874
0.00789
0.08735
-0.01256
0.03589
0.01149
0.03305
-0.07016
-0.03127
-0.01848
-0.03115
0.07437
-0.03153
0.01385
0.02801
-0.04964
-0.03623
-0.01937
-0.05626
-0.02555
0.02560
-0.03632
0.01566
0.02744
-0.00217
0.03118
-0.02804
-0.02652
-0.05628
0.04131
0.03559
0.03628
-0.02594
0.02180
-0.02769
0.04615
0.04050
0.03191
0.04606
-0.00018
-0.02541
-0.02387
-0.02391
-0.04804
0.02851
0.09658
-0.00163
0.06476
-0.02413
0.01613
-0.04530
-0.07698
-0.00438
0.02319
-0.10454
-0.01163
0.08041
-0.01481
0.02842
-0.07331
-0.00860
0.00588
0.00856
0.06048
-0.08556
-0.02991
-0.04522
-0.04211
0.01254
-0.04920
-0.02806
-0.00259
0.00321
0.13368
-0.02592
0.00946
0.04357
0.06685
0.00109
-0.02189
-0.03641
0.02730
0.06713
-0.07572
0.03022
-0.07750
-0.00662
0.02808
0.02408
0.07775
0.01147
-0.04689
-0.04566
0.03731
0.06872
0.00755
0.02080
-0.00458
-0.02632
0.03400
-0.09642
0.00145
0.01418
0.02064
-0.00235
-0.06275
-0.01450
0.03915
0.05681
0.02257
-0.00343
0.01287
-0.07241
0.00375
0.00474
0.03673
-0.00661
0.04127
0.03068
-0.11370
-0.01132
-0.08568
0.00024
0.02652
-0.04365
0.04865
0.01006
-0.08875
-0.01802
0.00850
0.04912
0.00910
-0.05159
0.03069
-0.02615
0.00792
0.00402
0.04369
-0.01428
0.02272
-0.04556
0.00053
0.05268
-0.01753
-0.07937
0.03514
-0.00928
0.01297
-0.00636
-0.00020
0.04216
-0.02810
-0.00750
-0.02886
-0.00891
-0.06414
-0.01954
0.00773
-0.00556
-0.03547
0.02402
0.02059
-0.06215
0.00442
-0.02165
-0.06696
0.03485
0.08030
-0.03093
0.05117
0.01029
0.00778
0.08291
-0.04733
-0.03708
0.04118
0.10103
0.05267
0.02537
0.02159
0.02840
-0.00472
0.03251
-0.07070
-0.02167
0.01869
0.00521
0.04392
-0.03000
-0.00887
-0.03690
0.01428
0.05893
0.01903
-0.00180
-0.04999
-0.01010
0.05710
-0.02741
0.00103
0.09098
0.06286
-0.01738
-0.01087
-0.04422
-0.06700
-0.07880
0.01451
-0.00585
-0.01834
-0.01670
-0.00985
-0.02154
-0.00681
-0.00196
0.04174
-0.03456
0.00110
0.02722
0.06671
-0.00480
-0.04656
-0.03526
-0.02377
0.03126
-0.03364
-0.00931
-0.01287
-0.03331
-0.00747
0.07865
0.04178
0.03393
0.02633
-0.05358
-0.03472
-0.05093
-0.07751
-0.07558
-0.02139
-0.06970
0.07435
0.05324
0.08591
-0.02492
-0.03106
0.06820
0.04848
0.03111
-0.00288
-0.00049
-0.01362
-0.01739
-0.06438
0.02310
0.00950
-0.01532
0.02868
0.05147
0.02984
0.00413
-0.05322
-0.05766
0.06768
0.00644
-0.00785
-0.01593
0.02282
0.02140
-0.03082
0.01527
-0.02636
-0.00448
0.04368
0.00552
-0.01379
0.09415
0.02150
0.05198
0.04891
-0.01881
-0.02120
0.02605
0.02765
0.05231
0.07117
0.00229
-0.00743
-0.03712
0.00592
0.00177
-0.06563
-0.02227
0.05576
-0.02192
-0.03733
0.04330
-0.03175
0.00448
0.01051
-0.02692
0.08899
-0.03193
0.00202
0.05838
0.05483
-0.00857
0.00629
-0.05879
0.04213
0.00955
0.08785
-0.03410
0.02226
0.05308
-0.00621
0.01177
-0.06816
-0.05026
-0.00138
-0.01738
-0.02331
-0.03472
0.02174
0.03537
0.04319
0.05738
-0.00898
-0.04323
-0.01899
0.01151
0.01135
0.06412
0.03682
-0.03251
0.00752
-0.00424
0.02572
0.01286
-0.03586
0.04270
0.03747
0.05094
-0.02632
0.02373
-0.01924
0.05170
-0.00731
-0.00717
-0.09262
0.00051
0.02350
-0.02432
-0.07284
0.02633
0.05136
0.00226
-0.02918
0.04825
-0.01785
0.04516
-0.05466
-0.02207
-0.05641
-0.03888
-0.06923
-0.01136
0.04243
-0.02289
0.00705
0.02510
-0.04516
0.02289
-0.11553
-0.05103
0.01532
-0.03385
-0.02047
0.04738
0.01953
0.02913
-0.01800
-0.00304
0.00334
0.00322
0.02444
0.01906
0.05416
0.02501
0.00493
0.03491
-0.03592
-0.01179
0.07115
0.07071
-0.04536
0.03796
0.04119
-0.09626
-0.05098
-0.05283
-0.11886
0.04046
0.00258
-0.03247
-0.09742
0.03322
0.01420
0.08692
0.04594
0.01130
-0.04380
-0.00107
0.03070
-0.04867
0.09522
-0.01240
-0.04438
0.03019
-0.03488
-0.01660
-0.05399
0.03507
0.06018
-0.01209
-0.00373
-0.01353
0.01590
0.03701
-0.02382
-0.03555
0.01506
0.01299
-0.03070
-0.02653
0.04383
0.02169
-0.00680
0.07461
-0.02776
-0.02587
0.01329
0.00184
0.06367
0.01076
0.01141
0.05682
0.01119
0.04036
-0.01601
-0.00246
-0.08527
-0.02520
-0.01143
0.00749
0.00889
-0.03763
-0.03175
-0.01263
0.06575
0.00734
0.06392
0.03266
0.06111
0.00696
-0.00508
-0.00905
-0.08596
-0.01049
-0.04354
0.00165
-0.01180
-0.03007
0.03371
-0.01031
-0.00976
-0.00811
-0.05428
0.03898
0.05347
0.06230
-0.04021
0.01611
-0.04347
0.03770
0.01974
-0.05848
-0.03512
0.05571
-0.06617
-0.00150
-0.01117
-0.01324
-0.02210
-0.07673
-0.02780
-0.02116
0.03979
-0.01420
0.00950
-0.01900
-0.02653
0.00172
0.00841
