0.02117
-0.03624
-0.03483
0.01858
-0.03527
-0.05674
-0.03720
-0.00124
-0.01359
0.00517
-0.02224
-0.00067
-0.06711
0.01206
0.07865
-0.01787
0.02781
0.06408
-0.02344
0.02629
0.00203
-0.05492
-0.01088
0.00489
-0.02830
-0.06691
0.00199
0.04339
0.05868
-0.00110
-0.00877
-0.01314
0.05373
-0.00114
-0.01948
-0.05653
-0.01201
0.03168
0.01974
-0.01498
-0.04478
-0.03320
-0.04762
-0.05832
0.02699
0.00065
0.01930
-0.04998
0.00255
0.08182
0.03824
0.05789
0.00070
0.03561
-0.03156
-0.03271
-0.03417
0.08498
0.04094
0.03722
-0.07537
0.00668
-0.04943
0.02788
-0.00210
0.04295
0.04165
-0.01070
0.01061
-0.02440
-0.05954
0.00940
-0.01036
0.03712
-0.02926
0.00444
0.00072
-0.06786
-0.01930
0.08042
0.02725
0.02040
0.09028
0.00281
0.04294
0.00849
-0.00842
0.06627
-0.05380
0.04592
-0.00868
-0.03229
0.07295
-0.01512
-0.06651
0.05718
-0.00402
0.03825
0.03216
-0.03074
-0.00797
-0.00485
0.01279
-0.01253
0.03875
0.00462
-0.01002
-0.06141
-0.01526
-0.05726
-0.01188
0.02464
-0.08701
-0.04809
0.02017
0.07118
0.08601
-0.08894
-0.00162
0.06349
-0.02005
0.05560
-0.01946
0.02081
0.03943
-0.02241
0.02302
-0.09402
-0.06557
-0.03586
-0.02165
0.06129
0.04826
-0.03098
-0.01094
-0.07713
-0.02864
-0.03293
0.02953
-0.05247
0.01144
0.06868
-0.00116
0.07927
0.05280
0.03147
-0.06146
0.00948
-0.03364
0.02233
-0.01609
0.02337
0.00051
0.01994
-0.01100
-0.05594
-0.04483
0.01660
-0.00794
-0.05803
0.08766
-0.01641
0.03920
0.02715
0.03038
0.07905
-0.06646
-0.02217
-0.00696
0.04817
-0.03444
0.00521
-0.00376
-0.08528
-0.08224
-0.04850
0.01429
-0.03457
-0.03128
-0.05063
0.04585
-0.07491
0.00457
0.01386
0.04386
-0.02289
-0.04175
-0.02927
-0.00171
0.03849
-0.02052
0.06227
0.03279
0.01214
-0.00601
0.03090
0.03841
-0.01349
-0.02874
-0.00351
0.02813
0.02504
0.04337
-0.03636
-0.00515
-0.01559
-0.02002
0.04937
-0.02226
0.11560
0.01221
0.05727
-0.05163
-0.01427
-0.03587
-0.01042
0.00250
0.04811
-0.06265
0.06782
-0.01988
0.04157
-0.02719
-0.06413
-0.05412
-0.02075
0.03364
0.03886
-0.06632
0.00962
0.03535
-0.08105
-0.00036
-0.05407
-0.02417
0.02707
0.06586
0.03624
-0.02456
-0.03729
0.05802
0.02312
0.01246
0.06006
-0.04101
0.05198
-0.01656
0.03511
-0.06213
-0.03062
-0.01182
0.01425
0.07199
0.03242
-0.01828
-0.00736
-0.00212
-0.00236
0.06654
0.03160
0.04508
-0.05059
0.02388
-0.01519
0.01765
0.00351
0.01440
0.04216
-0.01078
-0.03054
-0.02859
0.02222
0.00997
0.00622
0.01154
-0.02661
-0.05606
-0.00030
0.02943
0.02660
-0.10921
-0.03330
-0.07283
-0.01759
0.04063
-0.00335
0.07423
0.05747
-0.03727
-0.12272
-0.01309
0.02194
0.06633
-0.01862
-0.04916
0.00844
0.00466
0.01974
0.07193
0.02794
0.06819
-0.06389
0.03759
0.01404
0.07025
-0.05309
0.05188
-0.01814
0.00273
-0.04644
-0.01233
0.07517
0.00746
-0.00838
0.00640
0.00890
-0.08400
-0.01955
-0.00997
0.02952
0.01104
-0.03369
0.02158
0.06106
-0.03303
-0.09349
-0.02989
-0.04477
-0.01907
0.04581
-0.01274
0.00449
-0.03704
-0.01217
-0.05346
0.03424
-0.04083
-0.04211
-0.01233
0.00646
0.04530
-0.01513
-0.07350
-0.00834
0.06131
-0.06376
-0.02604
0.06014
0.10261
0.07128
0.05868
-0.05749
-0.02594
0.03281
0.00560
0.09992
-0.01834
0.05507
-0.08563
0.08707
-0.06618
0.01730
-0.03362
0.02659
-0.00679
-0.02811
0.01898
0.01479
0.01885
0.00234
0.02273
0.00698
-0.01206
0.02823
0.02876
0.03562
-0.04321
-0.05247
-0.05353
0.01773
-0.02621
0.02938
-0.01848
0.04196
0.04238
-0.06231
0.02373
0.00118
-0.03590
-0.00073
-0.04746
0.04487
0.00781
-0.02059
0.00801
-0.00368
0.02100
0.02175
0.04496
-0.03061
0.02852
0.00217
0.04566
-0.03331
-0.07848
-0.07670
0.03467
-0.06701
-0.07608
-0.01950
-0.00837
-0.07636
-0.01855
0.02831
-0.06584
0.04420
0.02218
0.06863
-0.04201
-0.03219
0.02354
0.04946
0.01028
0.07510
-0.04498
0.00410
-0.03055
0.05187
-0.01422
-0.07816
-0.01635
0.00395
0.04253
-0.04298
-0.05584
0.01482
-0.02089
-0.02240
-0.00227
-0.02786
-0.01060
-0.00870
0.01663
0.03210
-0.02076
0.07880
0.11646
-0.01714
-0.04491
0.03526
-0.00353
0.06380
0.05358
-0.01857
0.00522
0.00238
0.05894
0.02638
0.04753
0.05615
-0.03412
-0.02039
0.02182
-0.05440
0.03486
-0.00620
-0.03702
-0.00438
0.03963
0.05334
0.01536
0.01593
0.01766
-0.00349
0.02182
0.01944
0.02656
-0.06991
0.09036
0.07399
0.04498
-0.04401
-0.01331
0.00454
0.07834
0.00097
-0.03802
-0.02540
0.12393
0.01538
-0.07200
0.00102
0.00168
0.04092
0.07924
-0.03958
0.08200
-0.03093
-0.05344
-0.01328
-0.03515
0.00545
-0.07863
0.04806
-0.00480
0.04092
-0.02028
0.04898
0.03878
0.04329
0.04419
-0.06615
