0.04640
0.01842
-0.01877
0.04219
0.02582
-0.02626
-0.04846
-0.03131
-0.05944
-0.00590
-0.00884
-0.02067
-0.00462
0.00680
0.05130
-0.05340
0.04402
0.14056
-0.01867
0.09549
-0.00505
-0.01810
0.06928
-0.00422
0.00727
0.01055
0.05301
0.02678
0.05438
0.02239
0.00547
-0.00676
-0.06960
-0.03363
0.05728
-0.10703
-0.02624
-0.05837
-0.02273
-0.00975
-0.07745
0.02919
-0.03841
-0.07108
-0.01455
-0.03322
-0.00307
0.01232
-0.05685
0.05699
-0.04445
-0.04330
0.01659
0.02989
-0.03119
-0.05892
-0.05549
0.04837
0.01651
0.07106
0.01702
0.04466
0.00304
0.06910
0.01421
-0.03498
0.02780
-0.06215
0.02328
-0.00590
-0.04287
0.04858
-0.02884
0.02839
-0.04605
-0.05622
0.01298
-0.08380
0.11003
0.00311
0.05550
-0.01148
0.02911
0.00804
0.02089
0.00404
-0.02370
0.06681
-0.04929
-0.00539
0.04696
-0.03418
0.07692
-0.05837
0.01779
0.03077
0.00910
0.01021
0.03305
0.00924
-0.02550
0.02432
-0.02986
0.09412
0.01145
0.00027
-0.05649
0.00189
0.00283
-0.01976
0.04002
0.00323
-0.00876
-0.00785
-0.02078
0.00191
0.00565
-0.00041
-0.05259
0.04966
0.04687
0.04951
-0.00343
-0.01319
0.04348
0.00834
0.00105
-0.05643
-0.09288
0.01431
-0.02355
0.00699
0.03377
-0.05343
-0.02195
-0.01846
-0.03348
-0.03733
0.02734
0.03802
-0.00280
0.02330
-0.02991
0.03192
-0.02663
0.00684
-0.06051
-0.01695
0.00002
-0.00926
-0.02659
0.05844
0.01347
0.07391
0.04290
-0.09682
-0.01926
-0.01525
-0.07327
-0.03687
0.03434
0.03997
0.04976
0.03465
0.03263
0.06603
-0.03275
-0.02083
-0.06632
-0.01681
-0.08680
0.00287
0.01033
-0.03944
-0.04494
-0.04270
-0.02489
0.03941
-0.03484
0.03386
-0.01976
-0.02734
0.00859
0.01008
0.04828
0.00136
-0.04284
-0.04239
0.01167
0.03644
-0.05123
0.03819
0.07641
-0.03421
-0.01242
0.06723
-0.05617
-0.03167
0.06109
-0.02790
0.05855
-0.02055
-0.05476
-0.01790
0.02397
-0.00905
-0.07138
0.03656
-0.05093
0.05419
-0.02706
0.01054
-0.02853
-0.01525
-0.02720
0.04735
0.03726
0.07737
-0.07908
0.03344
-0.02421
0.03499
-0.00171
-0.00382
0.02901
0.06884
0.05236
0.03627
-0.03867
-0.02408
0.08365
0.01261
0.02465
-0.07336
-0.00111
0.01660
-0.06120
0.02152
0.06500
-0.02775
-0.02674
-0.03359
-0.04972
0.03929
0.01974
0.03490
-0.00874
0.03731
-0.00042
0.04112
-0.02738
-0.00290
0.06376
0.00796
0.02018
-0.02758
-0.00678
0.05808
-0.02007
0.00450
0.00460
-0.04555
0.04838
-0.01635
0.04133
-0.05601
-0.04013
0.05495
0.03572
-0.01847
0.02187
-0.01664
0.12101
-0.01301
-0.02377
0.04970
0.01869
0.02524
0.03424
0.00756
-0.02944
-0.00572
-0.07832
0.05906
0.00665
-0.04297
0.07274
0.00514
-0.05188
-0.03950
-0.05681
-0.07669
0.01303
0.00081
0.00975
0.00626
-0.04759
0.00001
-0.01716
-0.03151
0.08986
-0.03995
0.03270
0.00201
0.05931
0.01208
0.01949
-0.02033
-0.08097
0.00683
-0.04766
0.04610
0.00238
0.02971
0.05300
0.05650
-0.12935
-0.02216
-0.04323
0.03422
0.02381
-0.03139
0.02190
0.10234
-0.03812
-0.04098
-0.04282
0.02441
-0.03456
0.00158
-0.00492
-0.00282
-0.03802
-0.00773
0.01470
-0.01676
0.01813
0.02365
-0.06165
0.04832
0.02847
-0.00930
-0.03874
0.00568
0.05678
0.06252
0.00803
0.06024
0.09799
0.04533
0.00616
-0.05076
0.03877
-0.01306
-0.03379
0.05545
0.00374
-0.01540
0.02227
0.03760
0.02859
0.00338
-0.07829
-0.03570
-0.01033
-0.01762
-0.00387
-0.05377
-0.02340
0.01052
-0.04641
0.02958
0.02822
0.07855
0.06446
0.09750
-0.03019
0.02889
-0.01922
0.03680
0.00948
0.01016
-0.00464
-0.00646
0.05562
-0.07062
0.01312
0.01702
0.01525
0.06266
-0.06033
0.08797
-0.03026
0.04868
0.02607
0.04054
-0.02206
0.07661
-0.00616
-0.04826
-0.05535
-0.00235
-0.00089
0.01494
-0.01122
-0.05491
-0.05162
-0.00938
-0.01536
-0.02079
0.00674
0.01122
-0.00816
0.03105
-0.03442
-0.02109
0.04407
0.07217
-0.00286
-0.06106
0.03075
-0.02623
-0.06495
0.07827
0.04998
0.03910
0.04787
-0.04468
-0.01560
0.02006
-0.06777
0.00104
0.06149
-0.03573
-0.01732
0.03922
-0.04327
-0.06098
-0.02911
0.00625
-0.00984
0.00925
-0.05238
0.04203
-0.00774
0.05805
0.03220
0.02802
0.02744
-0.01349
0.03199
-0.00072
0.08383
-0.04736
0.07874
0.04155
0.00348
0.03176
0.04919
0.00052
0.00378
0.03644
-0.05932
0.02916
0.06803
0.03935
0.03124
-0.08038
0.06654
0.08951
0.01257
0.03011
-0.02004
0.00055
0.00037
0.02683
0.03161
-0.08625
-0.02303
0.06283
0.03455
0.01207
0.04746
0.07611
0.01128
0.02336
-0.02770
0.02778
0.10884
-0.01096
-0.04419
-0.00387
-0.09320
0.04024
0.09584
-0.07426
0.02914
0.00604
-0.05414
-0.00692
-0.00482
-0.05350
-0.04473
-0.03375
-0.01071
0.03366
-0.02326
0.07588
-0.00629
-0.00872
0.07355
-0.04846
