0.01014
-0.03622
-0.09449
-0.09002
-0.01758
-0.00470
0.04473
0.05684
-0.08623
-0.02959
0.02708
0.02875
0.00918
-0.04718
0.00847
0.06592
0.01507
-0.01199
-0.06645
-0.06348
-0.06902
-0.03602
0.01569
-0.06232
0.01361
0.00069
-0.00972
-0.09366
0.04760
-0.04893
-0.02192
0.01912
0.03184
0.07234
-0.07138
0.01402
0.05631
-0.04956
-0.02374
-0.00634
-0.03277
-0.04914
-0.02436
0.00666
0.05823
-0.00915
0.04503
0.02015
0.02287
0.01551
-0.06402
0.02942
-0.01073
-0.06580
-0.01126
0.05864
-0.08000
0.00271
-0.03209
0.02542
-0.05236
0.06042
-0.07211
0.05446
0.00304
-0.04031
-0.03226
0.05274
-0.00783
-0.07902
-0.02785
-0.03710
0.05081
0.03998
-0.01769
-0.01088
0.03581
-0.02761
-0.03699
-0.07087
-0.04994
0.02983
-0.00046
0.01011
0.01843
-0.02301
-0.03087
0.04029
0.03250
-0.03212
-0.01107
-0.04094
-0.01315
-0.03640
-0.01835
0.00742
-0.07490
0.00190
-0.04210
-0.02831
-0.00318
0.02105
0.02950
0.00967
-0.03638
-0.06979
0.02974
-0.07715
-0.01813
-0.12536
0.00701
-0.00359
0.01568
0.02251
0.02823
0.04367
0.01099
-0.03135
0.06489
0.01231
0.03736
-0.04914
0.07399
0.00929
-0.06069
-0.01521
0.00832
-0.01790
0.07611
-0.07587
0.02058
-0.00665
-0.06123
0.00565
-0.03387
-0.07397
0.00266
-0.05376
0.01151
-0.02403
-0.00579
0.01345
-0.09298
-0.05547
0.01789
-0.06789
-0.01170
-0.04425
0.05703
0.04978
0.03464
-0.00695
0.01821
-0.00137
0.05216
0.03442
-0.00520
-0.05665
0.05745
-0.02488
0.00050
-0.00437
-0.02887
-0.07640
0.04705
-0.01313
0.01922
0.11763
-0.05737
0.00318
-0.02596
0.03716
-0.07013
-0.02546
0.00829
0.01059
-0.04048
0.01582
0.03089
0.06911
0.06114
-0.00128
0.03372
0.04737
0.04433
-0.06168
-0.03258
-0.02749
-0.00486
0.04300
-0.01476
-0.02930
-0.02994
-0.02023
0.01874
-0.00702
0.01898
0.05262
-0.02712
0.02033
0.00057
-0.06740
0.03303
-0.02243
-0.01935
-0.02994
-0.00157
-0.01116
-0.03533
0.03195
0.03210
-0.00243
0.01012
0.00699
-0.03150
0.00850
-0.04062
-0.00513
0.02649
-0.03275
-0.03239
0.01737
0.02497
-0.04578
0.01558
-0.00217
-0.00171
0.04418
-0.00829
0.02454
-0.06211
-0.02406
-0.01676
0.00280
0.00778
-0.04205
0.03971
-0.07014
0.08613
-0.04206
0.02268
-0.03409
0.03870
-0.06241
0.03172
-0.01207
-0.05312
-0.02800
-0.01350
-0.01639
0.02045
0.06081
0.01023
-0.00293
-0.06553
-0.06560
0.05354
0.01605
0.03538
0.00454
0.00368
-0.01900
-0.06305
0.00940
-0.01197
-0.02138
0.04788
-0.07729
0.00173
-0.05157
-0.04761
0.02930
0.02011
-0.05530
-0.00545
-0.02942
-0.03073
0.02454
-0.00968
0.05273
-0.02772
0.01267
-0.00181
-0.02064
0.03008
0.00269
0.03634
0.00082
0.04003
-0.03229
-0.02425
0.01312
-0.02810
0.01770
0.02217
0.05114
-0.00186
0.00990
0.03284
0.05419
-0.00405
-0.04231
0.00082
0.01394
-0.00089
-0.02373
-0.01564
-0.05285
-0.02860
0.02158
-0.04329
-0.02274
-0.02030
-0.05993
0.01219
0.03771
0.00867
0.01832
0.05277
-0.02005
0.03316
-0.02914
-0.05464
-0.00940
0.02036
-0.00669
-0.00654
0.06166
-0.03117
-0.00743
0.02391
0.03952
-0.00206
0.06300
-0.00189
-0.00305
0.01948
-0.01768
0.00090
0.03758
0.00800
0.00136
0.02020
-0.00085
0.01369
0.03681
0.07233
-0.03820
0.05806
0.02855
0.04834
-0.02485
0.05097
-0.00764
0.07328
0.00334
-0.01679
-0.06086
-0.01918
-0.03153
-0.05498
-0.16560
0.01227
-0.03117
-0.00639
0.02697
0.07747
-0.02840
-0.00010
-0.00163
0.01067
-0.00487
-0.01199
-0.08706
-0.01630
0.05505
0.03857
0.03475
0.00718
-0.02367
-0.12287
-0.03097
-0.02460
0.02174
0.04238
-0.01683
-0.01299
0.01000
-0.00538
-0.04820
-0.05539
0.04783
0.00658
-0.03281
0.01823
0.04323
0.05469
0.00256
-0.01229
0.00858
0.00796
-0.01608
0.00207
0.03475
-0.05588
0.00290
0.00317
-0.02665
-0.02376
0.00835
0.06165
-0.01885
-0.02530
-0.02207
-0.01902
0.02364
0.08186
0.04723
0.01029
-0.01454
-0.01457
0.06087
-0.00576
-0.00260
-0.03498
0.00477
0.01989
0.06405
0.01003
-0.00001
0.02462
0.03778
-0.08205
-0.00220
-0.03916
-0.00927
0.03485
-0.00872
0.00689
0.04223
-0.01317
0.03934
-0.00931
-0.03269
0.02060
-0.01601
0.03395
0.01308
0.03084
-0.01973
0.05281
0.03143
0.05867
-0.02039
0.01727
-0.02335
-0.00084
0.04129
-0.00447
0.03959
0.00568
-0.00164
0.02334
-0.03790
0.02887
-0.02057
0.04128
0.01494
0.03932
0.03359
-0.00456
0.05480
0.02151
0.04103
-0.02640
-0.04891
-0.02400
-0.00248
0.00524
-0.02639
0.01472
-0.02884
0.00211
0.01017
-0.00851
-0.00726
-0.01530
-0.02329
0.01404
-0.00842
-0.03124
0.00595
-0.02704
-0.06050
0.04402
-0.08697
-0.02970
0.04634
0.08153
-0.03331
-0.06997
-0.00625
-0.09432
0.00073
-0.02088
0.01252
-0.03319
0.04329
-0.02660
-0.05771
0.02933
0.01054
