0.05916
0.02992
-0.02411
0.02012
0.02302
-0.04320
0.01021
0.02694
-0.02303
-0.05732
0.05337
-0.00681
0.04028
0.00284
0.03601
0.03853
0.03439
-0.01380
0.00162
0.03421
0.00206
-0.01642
0.03532
-0.04689
0.02497
0.01138
0.06797
-0.04405
0.10919
-0.00355
0.00027
0.01654
-0.06328
0.00274
-0.00387
-0.01674
-0.00396
-0.03256
-0.02253
0.00100
-0.03247
-0.05594
0.01541
0.01327
-0.00915
-0.03543
0.03611
0.04924
-0.04221
0.05204
0.00264
-0.07844
-0.01203
-0.02892
-0.00788
0.01623
-0.04270
0.00830
0.01347
0.04405
0.00856
0.06281
-0.01791
0.08148
0.00227
-0.00120
-0.03275
-0.01396
0.01635
-0.07942
-0.00476
0.04253
0.01125
0.01564
-0.05917
-0.02560
0.02275
-0.08325
-0.00427
-0.03465
0.07835
-0.00038
-0.04831
0.02741
0.04932
-0.03945
-0.02403
0.02528
0.06352
0.03393
0.04763
0.03022
0.01576
-0.05216
0.04512
-0.01762
-0.08571
0.02525
-0.08494
-0.06346
0.03109
0.00189
0.00927
0.07826
-0.02016
0.00097
0.03806
-0.03795
-0.01151
0.01876
-0.00540
-0.00149
0.03743
0.01913
-0.04124
-0.07661
-0.03609
0.03063
-0.00142
0.04648
0.04173
0.01821
0.04223
-0.10693
-0.09547
-0.03051
0.05340
-0.06286
0.03359
0.02498
0.01078
0.02872
-0.02861
-0.01651
-0.05182
0.00973
-0.04093
-0.01672
0.03453
0.07949
0.03508
0.01411
-0.05135
-0.04789
-0.02578
-0.01054
0.03067
-0.01205
0.05687
-0.01062
0.11303
0.03787
-0.00301
0.03153
0.01895
-0.00260
-0.08466
-0.03100
0.00762
0.00195
0.04645
-0.04675
0.02330
0.00546
0.02360
-0.05787
0.00632
0.00947
-0.05110
-0.04386
-0.04900
0.00835
-0.02258
-0.01598
0.06386
0.02744
-0.04923
0.01269
0.06143
0.03723
-0.04519
0.00368
-0.08528
-0.04781
-0.05288
0.00749
0.03104
0.04015
-0.05222
0.06480
0.02453
0.00806
0.05234
-0.03856
0.05629
0.02946
-0.07683
0.01918
-0.00770
-0.02959
0.04507
-0.05130
0.02801
0.01192
0.04898
0.03728
0.04760
0.01019
-0.02021
-0.01349
-0.03845
-0.01932
-0.00619
0.01622
-0.05307
-0.04395
-0.03999
0.03988
-0.02138
0.06645
-0.06421
-0.02168
-0.01348
0.02136
0.04172
0.06391
0.00493
0.03617
-0.08667
-0.00041
0.01557
-0.05107
-0.00513
-0.06304
-0.04908
-0.02040
-0.03314
0.02415
0.01698
-0.00750
-0.02752
-0.02582
0.02080
-0.02492
0.03122
0.05129
-0.08938
0.00565
-0.00435
0.07052
-0.07592
0.01948
-0.04368
0.00225
-0.11379
-0.01752
-0.01031
0.05984
0.04519
-0.02381
-0.04998
-0.05861
0.04589
-0.03110
0.06897
-0.02344
-0.01371
0.00112
0.02744
-0.02894
0.04025
-0.02332
0.12051
0.03899
-0.04478
0.04869
-0.00959
0.00960
-0.03170
0.01342
-0.06498
0.04076
-0.00342
-0.05039
-0.01483
-0.05261
-0.03085
0.00845
0.04035
0.00479
-0.00754
-0.05103
-0.07751
0.00896
-0.01872
-0.04020
-0.00287
-0.05650
-0.00491
-0.04441
-0.00611
-0.00816
0.00325
-0.06564
0.04621
0.01981
-0.02564
0.03276
-0.02733
0.06023
-0.00015
0.04124
-0.00578
0.04044
0.04681
0.01760
-0.03376
0.02472
0.01866
-0.02670
0.01609
-0.06373
-0.04167
0.06212
0.04652
0.03945
0.02707
0.15440
-0.01549
-0.01648
0.04638
0.01701
-0.07232
0.01634
0.01436
-0.04301
0.01910
-0.05356
-0.00336
0.04573
0.04710
0.01493
-0.02220
-0.00664
0.04229
0.05219
0.03216
0.01508
-0.00407
0.02026
0.03661
-0.03697
0.05869
-0.03416
-0.06126
0.01404
0.04642
0.00158
0.05746
-0.05965
-0.01536
-0.07550
-0.02759
-0.03210
0.02698
0.00745
0.01255
-0.10629
-0.02876
-0.00877
-0.10333
-0.05839
-0.03584
0.01238
0.06228
0.11583
0.03193
0.04862
-0.04000
0.03467
-0.05042
-0.03765
-0.02725
0.02069
0.05824
-0.03266
-0.02430
0.12515
-0.04592
-0.09467
0.02016
-0.00491
-0.07560
-0.02864
0.07313
-0.02110
0.00847
0.08368
-0.05351
-0.02488
-0.04771
0.00328
0.04704
0.03479
-0.04652
0.01800
-0.03699
-0.04296
0.06236
-0.00737
0.06742
0.03938
-0.03211
-0.01917
0.03286
-0.03491
0.03998
0.10256
-0.01176
-0.04451
-0.01311
0.02780
-0.02998
0.02823
-0.00821
0.02168
0.01130
0.03900
0.05015
0.01032
-0.03610
0.01366
-0.01938
-0.00461
-0.01598
0.06875
-0.01885
-0.06394
-0.00130
0.00647
-0.00703
-0.02197
-0.00152
-0.02479
-0.02540
0.05509
0.03199
0.06089
0.01048
0.03750
0.02418
-0.02383
0.02417
-0.02082
0.03303
0.02843
-0.01919
0.00893
-0.00462
0.02565
0.01722
-0.01515
-0.01874
0.04619
-0.01670
-0.05713
0.03610
-0.03695
0.03275
0.04732
0.03492
0.03169
0.09787
-0.04619
-0.05778
-0.00150
0.02107
0.06690
-0.05937
-0.05002
0.00812
0.00876
0.03325
0.08239
-0.08785
0.02801
-0.06576
0.09921
-0.01301
-0.02544
-0.01164
-0.07062
-0.06394
-0.06970
0.03729
-0.06916
-0.00519
-0.01548
0.03502
-0.07383
-0.00742
-0.05747
-0.06799
-0.04971
-0.03819
0.03897
0.00632
0.02888
-0.05728
-0.00804
0.08783
-0.01690
