-0.02910
0.06727
0.03741
0.00164
0.01440
-0.08246
-0.03956
-0.02872
0.03457
-0.05560
-0.01065
-0.05225
-0.06044
0.00194
-0.00428
0.01072
-0.01259
0.01642
-0.01699
0.05960
0.05204
0.02595
-0.05796
-0.00617
0.01157
-0.02874
0.06035
0.01302
0.07706
-0.02173
-0.01027
0.01221
0.02255
0.02681
0.04196
-0.02342
-0.00513
-0.07395
0.08841
0.05425
-0.02055
-0.07869
-0.00498
-0.00731
0.02015
0.04280
-0.04662
-0.02697
0.09118
0.10576
0.07355
-0.00124
-0.07045
-0.00224
0.09518
-0.01373
0.00297
-0.03737
0.05329
-0.03320
0.01548
-0.02606
0.02219
-0.01406
-0.01277
0.04132
-0.05982
0.06129
-0.02131
-0.08677
-0.01942
0.00418
-0.02899
0.04835
0.05270
0.00258
0.04685
-0.03074
-0.08249
-0.00815
-0.02316
-0.02238
0.03866
-0.05954
-0.01357
-0.04893
0.04195
-0.04914
0.03906
0.07732
-0.00769
-0.02573
0.07412
-0.00048
-0.11936
0.03000
-0.03591
0.04554
-0.01232
-0.01630
0.00335
0.01809
0.06011
-0.06312
-0.05696
-0.04139
0.02891
-0.02909
-0.04796
0.00189
0.00876
-0.05445
0.03025
0.10041
0.02822
0.00353
-0.00705
0.01545
-0.00605
-0.02333
0.02138
0.08134
-0.00306
0.08016
0.01928
-0.02956
0.01488
-0.05084
0.00839
0.04605
0.00230
-0.01676
-0.06456
-0.02613
0.01752
-0.04546
-0.01496
-0.02332
-0.04033
-0.00132
0.07776
0.02432
-0.07180
-0.03427
0.07797
0.05467
0.02352
0.00227
0.00535
-0.03192
0.01463
0.06328
-0.01047
-0.01407
-0.02492
-0.05242
0.00388
-0.02275
-0.00390
0.03678
-0.00261
-0.06182
-0.02613
0.01650
-0.00291
-0.00660
0.07288
0.02863
-0.03487
-0.02884
-0.01391
0.06285
0.03614
-0.03976
0.00430
-0.06494
-0.05032
-0.03347
-0.02248
0.04692
0.10509
-0.02158
-0.03917
-0.02177
-0.02043
0.01350
-0.07875
-0.06897
-0.05295
0.07777
-0.01447
0.07729
0.00608
0.04066
-0.04663
-0.05954
-0.04981
-0.03289
-0.00379
-0.07164
-0.06055
-0.02608
0.00308
0.06333
0.04465
-0.09907
-0.00194
-0.00655
-0.05103
0.09004
0.09003
-0.02692
0.01510
0.00895
-0.05264
0.01782
-0.05441
-0.04442
-0.00860
-0.02640
0.03799
0.02831
0.01412
0.01193
-0.00766
0.07738
0.02054
0.01487
0.05480
0.06567
-0.00447
-0.11860
-0.00466
0.03921
0.01475
0.04656
-0.08050
0.02067
0.02334
0.08447
-0.01318
0.02908
0.03661
-0.01793
-0.01354
0.00164
-0.07172
-0.00664
0.07284
-0.08585
-0.05111
0.01831
-0.07464
-0.06442
0.05438
-0.04060
0.03583
0.01111
0.00851
-0.00160
-0.03987
0.02768
-0.01377
-0.00448
0.02772
-0.01939
-0.01369
-0.02573
-0.03820
-0.02259
-0.00853
0.03347
0.01280
0.00735
0.09440
0.05711
0.01020
0.01412
0.02661
0.04241
-0.03149
-0.04142
-0.01594
0.00879
0.04351
-0.03968
-0.02165
0.01209
-0.02492
0.06228
-0.06925
0.05271
-0.02112
-0.11077
-0.01608
0.04731
-0.06533
-0.03599
0.02886
0.00956
-0.04088
0.00056
-0.00479
0.01289
-0.02123
-0.05420
0.13210
0.02481
-0.04508
-0.03436
-0.01774
0.00229
0.03287
-0.05608
-0.01513
-0.00628
-0.00747
-0.06186
0.04432
0.05175
0.02643
-0.00789
0.01371
0.00516
0.05078
-0.07567
0.04918
-0.01965
-0.06056
0.02535
-0.06957
-0.06434
0.02273
0.04732
-0.04130
0.01895
-0.04897
-0.05536
0.04156
-0.03133
-0.01486
0.02461
-0.00730
0.02487
0.05608
0.08378
-0.00631
0.03853
-0.01901
0.05056
-0.01183
-0.08187
0.02132
0.05516
0.00272
0.01165
-0.01211
0.01767
-0.06249
-0.00449
0.00516
-0.03237
0.03126
0.03289
0.06480
-0.08453
-0.03196
0.00762
-0.08802
-0.01057
0.02253
-0.02494
-0.05141
-0.06859
-0.05822
0.02050
-0.04796
-0.02152
-0.10079
0.02407
-0.05633
0.04899
0.01523
0.00175
-0.01246
-0.02069
-0.08084
0.02634
-0.05408
0.02408
-0.03216
0.00632
-0.03939
-0.03346
0.00707
-0.03450
0.07738
0.01399
-0.04827
-0.00019
0.06536
-0.05078
-0.04537
-0.01684
-0.05026
-0.01767
-0.05253
-0.03187
-0.00470
0.03184
-0.09598
-0.01237
-0.00937
0.04150
0.00406
-0.02740
-0.00174
0.06787
-0.00975
0.02196
-0.04233
0.03672
0.01048
-0.05608
0.00164
-0.02308
-0.01154
-0.01203
-0.01316
-0.03236
-0.01976
-0.02764
-0.01695
-0.02522
-0.02926
-0.02236
0.05721
-0.04946
0.03332
0.02731
0.05592
0.04326
-0.06637
-0.03976
-0.05104
0.06048
0.07684
-0.06615
0.01953
0.01101
0.05487
0.01876
-0.02244
0.07157
-0.04723
-0.00112
0.00591
-0.05441
0.00650
0.09335
-0.03864
-0.06613
-0.02110
-0.02547
-0.04002
0.03770
-0.01017
-0.03768
0.09246
0.00806
-0.01531
0.11969
0.04162
-0.01868
0.05021
0.01733
-0.04723
-0.01131
0.00274
-0.02348
-0.00222
0.05135
0.01398
0.08546
0.01418
-0.03986
0.05247
0.02206
-0.00777
-0.00103
-0.01009
0.00579
0.04023
-0.03133
0.01284
0.05711
0.00121
0.00723
0.00221
-0.01839
0.02663
0.00959
-0.00421
-0.03400
0.05116
0.06305
0.01101
-0.02814
-0.03635
-0.01822
0.07868
-0.01388
