-0.02790
0.05531
0.02185
-0.02698
0.01166
-0.11698
0.00224
-0.06345
0.04433
-0.00835
-0.01530
-0.06228
-0.08150
-0.00470
0.03799
0.03931
-0.00357
-0.00748
-0.02583
0.10853
0.03869
0.02165
-0.02937
0.01965
0.00527
-0.03460
0.02860
-0.02973
0.01631
-0.02956
-0.07478
0.02029
-0.03671
0.06241
0.04992
-0.02685
0.05396
-0.06789
0.07566
0.03681
0.01429
-0.04177
-0.04140
-0.00268
-0.02855
0.03674
-0.00315
-0.01170
0.06842
0.13547
0.06777
-0.00499
-0.11229
-0.02495
0.07967
-0.05475
-0.03927
-0.05440
0.04408
-0.01167
-0.01098
-0.00869
0.02012
-0.02241
0.02118
-0.01100
-0.03050
0.05005
0.01179
-0.07403
-0.01666
0.00980
-0.03610
0.04790
0.04039
0.00150
0.05854
-0.03382
-0.02753
-0.01146
-0.01121
-0.02872
0.00619
-0.06645
-0.03736
-0.01839
0.03899
-0.05749
-0.00047
0.04749
-0.00509
-0.00694
0.03300
-0.00338
-0.12046
0.00550
-0.00829
0.03163
-0.00536
-0.04563
-0.02914
0.02439
0.00298
-0.05576
-0.06683
-0.05321
0.02711
-0.00757
-0.05076
-0.00933
0.01301
-0.12016
0.07153
0.11442
0.01171
0.00472
0.02122
0.00148
-0.02169
-0.02236
0.03758
0.07897
0.03982
0.07138
0.05688
-0.01701
-0.00745
-0.02769
-0.03240
0.04343
-0.00899
-0.04603
-0.07014
-0.04182
0.01760
-0.06593
-0.04422
-0.02063
-0.02860
0.01208
0.07335
0.03108
-0.02053
0.00491
0.05598
0.06772
0.00941
0.02176
0.00444
-0.03157
-0.02862
0.04176
0.00926
-0.02825
-0.05888
-0.06595
0.02708
0.00451
-0.04582
0.03824
-0.00404
-0.05102
-0.03656
0.01331
-0.00929
0.01851
0.03235
0.01400
-0.01421
-0.07423
0.00207
0.03861
0.04156
-0.00966
0.00574
-0.05774
-0.03950
-0.01223
-0.00487
0.06889
0.08675
-0.02093
0.02131
-0.00742
-0.04563
-0.00327
-0.06531
-0.05806
-0.05155
0.05700
-0.00599
0.04663
0.01297
0.07595
-0.04116
-0.04318
-0.03435
-0.01035
-0.01068
-0.02933
-0.06095
-0.05126
-0.00061
0.06733
0.05907
-0.08017
0.03536
0.02686
-0.05032
0.07970
0.07371
-0.01263
-0.00452
-0.02771
-0.05112
0.01713
0.00407
-0.07444
-0.02148
0.01017
0.04537
0.02741
0.02614
-0.01939
0.02123
0.11583
0.02333
0.02102
0.05931
0.07824
-0.01633
-0.09450
-0.01358
0.04516
0.01565
0.06184
-0.07868
0.00253
0.01051
0.08011
0.01990
0.00012
0.00594
0.00620
-0.00714
0.02023
-0.05447
0.02458
0.10379
-0.10385
-0.03140
0.03965
-0.06302
-0.08323
0.02329
-0.06692
-0.00199
-0.02180
-0.05909
-0.01990
-0.02780
0.01882
-0.03536
-0.01566
0.00284
0.03370
-0.03246
-0.03445
-0.01542
-0.03001
-0.00464
0.02895
-0.00870
0.01083
0.02788
0.04844
-0.04143
0.00514
0.05028
0.05193
-0.03706
-0.04633
0.00981
0.04189
0.04785
-0.05287
-0.00936
0.00748
-0.01924
0.08787
-0.10407
0.05569
0.01658
-0.07442
-0.01142
0.03158
-0.10140
-0.02794
-0.00595
-0.01286
-0.05025
-0.00722
-0.03831
0.06315
-0.00832
-0.05279
0.10022
0.00290
-0.02957
-0.02093
0.02114
0.02399
0.01176
-0.09091
-0.00803
-0.02431
-0.01182
-0.01399
0.02585
0.01819
0.01166
0.03393
0.04422
0.03093
0.03293
-0.05091
0.01430
-0.01353
-0.07248
0.03972
-0.08203
-0.06393
0.01733
0.03811
-0.03991
0.00142
-0.02818
-0.03782
0.05834
-0.00178
-0.00217
0.02843
-0.06136
0.01652
0.06280
0.07520
-0.01841
0.03940
-0.03966
0.03212
-0.01284
-0.07358
0.02459
0.04582
-0.00271
0.03389
-0.03810
-0.01062
-0.04795
0.01281
0.04612
-0.01417
0.02152
0.02283
0.02903
-0.07051
-0.04175
-0.00782
-0.06043
-0.00532
-0.00732
0.02588
-0.02862
-0.05877
-0.06162
0.02137
-0.05895
-0.03369
-0.06673
0.04248
-0.02257
0.05493
0.03963
0.00823
0.03940
0.01444
-0.05939
0.08255
-0.02757
0.04326
-0.05016
0.01680
-0.03346
-0.00749
-0.02149
-0.07184
0.03227
-0.03843
-0.05598
-0.01837
0.06252
-0.06108
-0.03416
-0.00326
-0.04731
-0.06963
-0.02067
-0.03601
-0.01757
0.02895
-0.11530
-0.05768
-0.01702
0.06964
-0.02631
-0.00919
-0.00830
0.02713
-0.00014
-0.01120
-0.04748
0.01068
0.00525
-0.02497
0.03607
-0.02139
0.00674
-0.01755
-0.05537
-0.01581
0.00299
-0.05262
0.02646
-0.03862
-0.01769
-0.02297
0.05176
-0.03822
-0.00793
0.04206
-0.00575
0.02623
-0.02165
0.02021
-0.02316
0.02904
0.11499
-0.06656
0.04977
0.01545
0.03456
0.01049
-0.00835
0.05544
-0.03703
-0.00194
0.02719
-0.04209
-0.00410
0.05590
0.01919
-0.06072
-0.02392
-0.03746
-0.07769
0.02476
0.01548
-0.01382
0.10918
0.00957
0.02364
0.13592
0.01359
0.01598
0.06973
0.03461
-0.04687
0.01025
-0.02230
-0.00350
-0.02265
0.07381
0.03534
0.08251
0.04428
-0.02344
0.07404
-0.00688
0.02078
0.01260
0.00206
-0.01882
0.01936
-0.00891
0.00415
0.05786
0.02125
0.04086
0.01461
-0.01720
0.04247
0.01158
-0.00521
0.00829
0.06030
0.02395
-0.05681
-0.00262
-0.02824
0.00569
0.06043
-0.01101
