-0.08689
0.00255
-0.05099
0.02376
0.03484
0.04497
-0.02938
0.01644
0.02248
-0.03768
-0.02851
0.07639
0.04492
0.00174
0.01565
0.04833
0.01882
0.01657
-0.04455
-0.07968
-0.10312
-0.01512
0.03022
-0.01510
0.02595
-0.01095
-0.02849
-0.04388
-0.00368
0.02164
0.02180
0.03149
0.01024
0.00809
-0.10489
0.04043
0.04832
-0.05126
-0.09866
0.06562
0.03050
-0.03346
0.00541
0.03424
0.07276
-0.01925
0.06017
0.04492
-0.05177
-0.06885
-0.02342
0.06117
0.07478
-0.01924
-0.07894
0.03298
-0.04545
0.01068
-0.00361
-0.06971
0.01858
0.00740
-0.05252
-0.03095
-0.05403
0.09017
-0.08294
0.04663
-0.05182
0.02709
0.03582
-0.04190
0.03579
0.00593
0.01827
-0.01832
-0.04944
0.01265
-0.04630
-0.00646
0.02160
0.02593
-0.03608
-0.00251
0.00462
-0.01459
-0.05690
0.08634
-0.02655
-0.01788
0.05164
0.03710
0.06042
-0.03335
0.05579
-0.00307
-0.00941
0.01528
0.00540
0.04054
0.00512
0.02671
0.00604
-0.05171
-0.00413
0.04255
-0.00489
-0.06196
-0.02874
-0.02670
0.03634
0.02173
-0.08653
0.03054
0.04104
0.04901
0.00779
-0.01912
-0.03862
-0.02029
-0.00151
-0.00206
0.02325
0.02949
0.01098
-0.06819
0.00837
0.03901
0.04009
-0.07762
0.02644
-0.03317
0.07384
-0.00961
-0.03870
-0.00841
0.02593
-0.10334
0.00284
-0.02568
-0.07290
-0.01357
-0.07579
0.04285
0.10127
-0.06021
-0.00694
-0.03107
0.04964
-0.02961
-0.03174
-0.01472
-0.00138
0.02716
0.09669
0.00276
0.05278
-0.03001
0.08376
-0.00228
0.06782
0.05397
0.04665
-0.00408
0.03074
-0.01056
-0.06826
0.04562
0.01295
-0.01546
-0.05193
0.02408
-0.01146
0.05064
-0.03815
-0.00472
0.04830
-0.01780
-0.04918
0.02149
-0.01293
-0.00825
-0.05717
0.03876
0.05429
0.00609
-0.02306
0.04878
0.04827
0.02609
-0.04490
-0.06235
0.00903
0.00520
-0.01194
-0.01733
0.09892
-0.03084
0.01858
0.03422
0.02796
-0.11348
0.01604
-0.03056
-0.03697
-0.02540
0.04151
-0.01698
0.01817
0.04659
-0.05349
0.05980
0.01409
0.05060
0.05561
0.05421
-0.04240
0.01303
-0.00305
-0.11666
-0.06562
-0.03039
-0.00274
-0.04796
0.02367
-0.02981
-0.00275
-0.00485
0.00603
0.04278
-0.07391
-0.02099
0.06881
0.01829
-0.02639
0.01453
0.03698
-0.02324
0.03102
-0.02823
0.00269
0.00350
0.01652
-0.04267
0.01038
0.00137
0.03582
0.01205
-0.03737
0.01986
0.05069
0.02225
0.01374
-0.02638
0.06149
0.02680
0.08007
-0.02375
0.03381
0.03884
-0.00346
0.00480
-0.06914
0.00491
0.01363
-0.00378
-0.01227
-0.06088
-0.05062
0.00327
-0.10171
-0.03824
-0.03524
-0.04294
0.01490
-0.03689
0.03680
0.04753
0.05266
0.03013
0.06393
-0.00572
0.02920
0.03387
0.01450
0.01406
-0.02550
0.00023
0.03128
-0.04920
0.00921
0.04346
0.04422
-0.01569
-0.00959
0.03619
0.03203
0.02872
0.05807
0.12092
0.00990
0.02784
0.01183
-0.01458
0.03651
-0.00496
0.01852
-0.08302
-0.04237
-0.04332
-0.02866
0.03608
0.01770
-0.02100
-0.00367
0.01769
0.01042
0.04059
0.00369
0.03536
0.05295
-0.04808
-0.04152
0.05033
-0.02511
-0.00268
0.02483
0.04125
0.02268
0.06327
0.02562
0.02160
0.02267
0.00245
-0.08214
0.01016
0.00440
-0.00427
0.12784
-0.01853
-0.05539
-0.05262
0.03945
0.03708
0.02301
-0.03858
0.03137
-0.01606
0.02267
0.01641
0.01721
0.03162
-0.02138
-0.05942
0.08888
0.02145
-0.02006
-0.03027
0.03686
-0.01301
-0.00255
-0.08498
-0.04993
-0.03183
0.03225
0.01765
0.00432
0.02880
0.02381
-0.03519
0.05476
-0.06400
0.05340
-0.01405
0.06855
0.02644
-0.01003
0.00596
0.00366
-0.05650
-0.07040
-0.05210
0.00982
-0.02302
-0.11551
0.00005
-0.05674
-0.04971
0.08947
-0.05015
-0.00239
-0.02348
0.05553
0.00213
-0.03292
0.01112
0.05656
0.02105
-0.02832
0.01468
-0.02125
0.03885
-0.02230
-0.04527
-0.04397
-0.00601
0.04139
0.02343
-0.02976
0.00437
0.04027
-0.01738
0.03332
-0.04550
0.02472
0.11266
-0.01542
-0.00442
0.00933
-0.02463
-0.02267
0.00823
-0.00330
0.03596
-0.06848
0.00345
-0.03153
0.02635
0.03043
-0.01075
-0.05418
0.03097
-0.03055
0.01301
-0.01462
-0.06267
0.01958
0.00090
-0.04074
-0.00731
0.04777
0.02192
-0.01785
0.04302
-0.04351
0.02335
-0.05542
-0.10259
0.06775
0.00736
-0.04550
0.03112
-0.05635
-0.04501
0.00912
0.02489
-0.00781
0.04880
0.02181
-0.00368
0.00472
-0.04331
-0.02422
-0.04464
0.04662
-0.00153
-0.07191
0.01026
0.02733
0.06540
-0.02964
0.02823
-0.08010
-0.00457
-0.01318
-0.05338
-0.02991
-0.02374
0.08454
0.07160
-0.02448
-0.06766
-0.06614
-0.03325
0.04341
-0.01580
-0.00088
-0.05225
0.05989
-0.04936
0.00922
0.01764
-0.04716
-0.03622
0.00377
-0.07318
-0.03669
0.01735
0.06436
0.07246
-0.09693
-0.00009
-0.05616
0.04343
-0.07695
0.07826
0.07050
-0.07547
0.04563
-0.02924
0.04169
0.01250
