0.04185
-0.01920
-0.05594
0.06997
-0.02794
-0.00179
0.00935
0.01583
-0.05469
0.06405
0.04665
0.07756
0.02649
0.01246
0.05129
-0.03897
0.05677
0.03270
-0.03602
0.02940
-0.02442
-0.01704
0.00392
0.00548
0.01899
-0.02758
-0.01057
0.00390
0.02900
-0.00428
0.02252
0.03536
-0.04914
0.01259
-0.06630
-0.06040
-0.11221
-0.03578
-0.06713
0.02033
-0.07912
-0.00432
-0.03787
-0.02132
0.02050
0.05073
0.07433
-0.04759
0.05790
-0.00842
0.03156
-0.03920
0.09823
0.04434
-0.02197
-0.02917
-0.06838
0.06949
-0.03920
0.06308
-0.02366
0.01720
-0.01711
0.03562
0.04670
0.03576
-0.05515
-0.05814
0.01938
0.01412
-0.01713
0.05912
-0.00727
0.02942
0.00732
0.02677
-0.01957
-0.04531
0.05987
0.06573
0.03127
-0.00515
-0.01927
-0.01747
0.04172
-0.01527
-0.03251
0.05862
0.04494
0.02594
0.01059
0.05841
0.01871
0.00177
0.02805
0.01183
-0.00671
0.03279
0.00934
0.03856
0.00520
0.00649
0.06292
-0.03519
0.09142
0.04011
-0.05964
-0.04526
-0.02417
-0.01137
0.00359
-0.00254
-0.04057
-0.03454
-0.04134
0.00357
-0.00301
-0.03965
-0.11574
0.04562
-0.01282
0.05202
-0.01699
-0.03643
0.00713
-0.05712
0.01055
-0.08100
0.05069
-0.03187
-0.00254
-0.00160
0.08257
0.01291
-0.02943
-0.01070
0.00379
0.00369
0.03215
0.01828
0.03084
0.07509
0.00419
0.00754
-0.00632
0.03786
-0.08348
0.01186
0.02798
0.05394
-0.01857
0.01387
-0.03987
0.12670
0.03801
-0.04392
-0.02008
-0.00220
-0.05676
-0.06674
0.06304
0.03032
0.02621
0.02992
0.04329
-0.03047
-0.02522
0.01281
0.01824
0.02473
-0.07694
-0.00555
-0.01284
-0.00923
-0.08098
0.01356
-0.00151
0.03402
-0.01770
-0.01954
-0.04993
-0.05543
0.00290
0.01232
0.02366
-0.01240
0.07374
-0.05020
-0.06164
0.03120
-0.04572
0.01671
0.09852
-0.00277
-0.02395
0.06558
0.01184
-0.08870
0.09425
-0.05262
0.09431
0.02584
0.01121
-0.01820
0.04039
-0.04973
0.00533
-0.01851
-0.00421
0.04398
-0.09330
0.02189
-0.05259
-0.00195
0.00582
0.04048
0.01699
0.05572
-0.05082
0.02364
-0.02334
0.05435
0.05791
0.00920
0.07737
-0.05604
0.00574
0.08487
-0.00813
0.04939
0.02574
-0.03570
0.00628
-0.10424
-0.03150
0.01625
-0.05653
0.06132
0.02614
-0.02687
0.00567
-0.00689
-0.00874
0.04181
0.06229
0.05335
-0.04757
-0.02930
0.05230
0.02932
-0.00112
0.10380
0.06521
0.04013
-0.04419
0.01384
-0.01627
0.05810
0.02381
0.00019
0.00506
-0.03373
0.00326
-0.02575
0.04389
-0.07118
-0.04635
0.03770
-0.01624
-0.01159
-0.01799
-0.06327
0.02070
0.06090
-0.01399
0.02510
-0.05008
-0.02377
-0.08332
0.06147
0.01071
0.04214
-0.13694
-0.01141
-0.01928
0.04173
-0.02464
-0.00056
-0.10081
-0.02580
-0.01609
0.00993
0.07424
-0.00814
0.00517
-0.01883
0.01625
-0.02845
-0.01581
0.01397
0.11326
0.02148
0.04224
-0.04031
0.05015
-0.03281
0.00327
0.00146
-0.02848
-0.02962
-0.05056
0.02383
0.02369
0.05194
0.10290
-0.01498
-0.02665
-0.01222
-0.00072
-0.02466
-0.00933
-0.05527
-0.01298
0.02412
0.02552
-0.02452
-0.04027
0.03871
-0.02279
0.06928
0.03399
0.12382
-0.05941
-0.00420
0.00917
0.02714
-0.03001
-0.01343
-0.01136
0.05963
0.05604
-0.00342
0.00307
-0.03491
0.09709
-0.01089
-0.00103
0.03576
0.04445
0.02517
0.06815
-0.01209
-0.04213
-0.04344
0.00558
0.10785
0.02199
0.00692
0.02028
0.00100
-0.04728
-0.05842
-0.06045
0.00283
0.01170
0.01565
0.02617
0.00363
-0.02440
0.00878
-0.04475
-0.00137
0.07344
0.05238
0.05457
0.06117
-0.01813
0.04522
-0.06040
-0.04256
-0.04577
-0.00861
-0.05481
-0.02887
-0.02703
-0.01096
-0.02556
0.00539
-0.02613
0.02099
-0.01522
-0.01785
-0.03717
0.00003
0.02922
0.02083
-0.04119
-0.00789
0.01434
0.00993
-0.05831
0.04908
0.09403
-0.01373
-0.06201
-0.03078
0.07321
0.02287
-0.03746
-0.03200
0.06852
-0.01355
0.01955
-0.04948
-0.06042
0.04344
0.00128
0.02181
-0.02153
-0.02635
0.05516
0.04244
-0.04173
0.10555
0.04273
0.02712
-0.00488
0.01230
0.08117
-0.04795
-0.03249
-0.00072
0.03307
-0.06978
-0.01535
0.01102
-0.06321
-0.04593
-0.01412
-0.01738
-0.04779
-0.02417
0.01187
0.03813
-0.01432
0.00945
0.01205
0.02259
-0.03982
-0.03499
0.03820
-0.02573
0.06804
-0.02095
0.01759
0.00583
0.01749
0.07292
0.06107
-0.01341
-0.03895
0.01357
0.05173
-0.00147
-0.00040
-0.00269
-0.00674
-0.04279
-0.00382
-0.03800
-0.03965
-0.03782
0.02823
-0.02099
-0.06089
-0.00645
-0.03074
-0.07128
0.09905
0.01290
0.04246
0.02668
-0.02865
-0.01168
0.04010
-0.10161
-0.08130
0.01777
0.03912
-0.03061
-0.06162
-0.03247
-0.02539
0.02896
0.03197
-0.09376
0.03748
0.02789
0.01569
0.01040
0.00458
-0.00699
-0.02204
-0.01628
-0.06498
0.00414
-0.00716
0.05894
0.05775
-0.04492
-0.01535
0.00294
