0.01571
-0.00034
-0.06937
-0.07035
-0.01859
-0.02529
0.03495
-0.00509
0.03866
-0.04087
0.00276
0.00180
0.04878
0.03239
0.02780
0.04942
0.03408
-0.03244
-0.02868
0.02625
0.00676
-0.08671
0.00666
-0.04900
0.02693
-0.08667
-0.02053
-0.05264
0.04562
-0.03731
0.02826
0.01835
-0.04041
0.05870
-0.04977
-0.00838
0.05102
-0.00958
-0.01210
0.00064
-0.06708
-0.01596
-0.03970
0.03928
0.04899
-0.01518
0.06312
-0.00934
-0.00058
0.02386
0.01891
0.02406
0.00508
-0.01224
-0.04666
0.02015
-0.05533
0.00574
-0.01761
0.04477
0.01335
0.00535
-0.07137
0.01777
-0.03267
0.02311
-0.02449
0.06244
0.00321
-0.06024
-0.09629
-0.05622
0.00680
0.02365
0.03496
-0.04498
0.00211
-0.01042
-0.04790
-0.00166
-0.07269
-0.01091
-0.00946
-0.04566
-0.02093
-0.03916
-0.05326
0.04597
-0.04160
0.08038
0.02222
-0.01689
0.03710
-0.03283
-0.05221
0.00540
0.00791
0.00964
-0.00002
-0.05107
0.00275
0.03223
0.03818
-0.07378
0.01760
0.00594
-0.07378
-0.06692
-0.06724
-0.04544
0.02250
0.00661
0.00575
0.01451
0.06765
0.06481
0.05174
-0.06412
0.01070
-0.00537
0.01655
0.07945
0.06793
0.04167
0.02030
-0.03844
-0.01396
-0.05871
0.01980
-0.00981
-0.02819
0.10864
0.00416
-0.05054
0.02925
-0.08855
0.00280
-0.08143
0.02337
-0.05678
-0.01445
-0.01002
-0.06281
-0.00960
0.04882
-0.01587
0.00331
0.00491
0.02338
-0.00132
-0.01812
-0.02701
0.00470
0.00368
0.03575
0.00074
0.00377
0.04307
0.08173
-0.03158
0.08995
-0.00785
0.02791
-0.07561
0.08616
0.02371
-0.00056
0.01783
0.03140
0.00800
-0.00769
0.05905
0.04050
-0.05805
0.00221
-0.09655
-0.02641
-0.02179
-0.01079
0.00396
0.04849
0.01761
-0.08094
-0.06553
0.00427
0.04110
-0.03935
-0.02975
-0.06053
0.02871
-0.07327
-0.04887
0.01959
0.02818
-0.03776
-0.01848
0.05051
0.02000
0.01356
-0.02917
0.03108
-0.07725
0.04644
-0.01835
-0.00161
-0.02392
-0.01089
-0.04694
0.00533
0.09420
-0.03717
0.03549
-0.00978
-0.03855
0.03182
0.03186
-0.00095
-0.02937
0.03498
-0.04433
-0.01249
-0.01502
0.01564
-0.06798
0.02766
-0.00039
0.04320
0.04210
-0.02592
0.03493
-0.03534
-0.06800
0.01758
0.00738
0.05509
0.05508
-0.00204
-0.10470
0.06594
-0.01531
0.06968
0.00867
0.03913
-0.05079
-0.01767
0.01560
-0.04269
0.00885
-0.06512
-0.02249
-0.00683
0.05289
0.01816
-0.04677
-0.00219
-0.07561
0.03628
-0.03590
0.03862
-0.00791
-0.02785
-0.05180
-0.05180
0.02160
0.03534
0.01037
-0.02580
-0.05580
-0.03569
-0.02155
-0.05073
0.04513
-0.01856
0.02386
-0.01027
-0.00547
-0.00330
0.04186
-0.03465
-0.02819
-0.06704
0.00332
0.06849
0.04096
0.03505
-0.04704
0.02662
-0.02143
-0.05609
-0.03255
-0.01749
0.07321
-0.03062
-0.01731
-0.01234
0.08632
-0.02056
0.03021
0.04002
0.03340
0.03349
0.03938
-0.03413
-0.01252
0.02750
-0.02080
0.02811
-0.03927
0.02467
-0.00672
-0.05910
-0.01902
-0.00098
-0.06233
0.01626
-0.06168
-0.02858
0.00130
0.00003
0.00332
-0.04051
-0.05448
-0.05750
0.02160
-0.02116
0.00926
-0.02010
0.02910
-0.05023
0.04521
-0.03090
0.01658
-0.04306
0.00812
-0.08375
-0.03588
0.01179
-0.06223
0.12168
0.05647
0.02562
-0.06576
-0.01929
0.03021
0.05171
-0.01418
0.02844
-0.03607
-0.00998
0.03334
0.04996
-0.02130
0.08068
-0.03144
0.07508
0.02743
0.01861
-0.00873
-0.09463
-0.00537
0.00136
-0.12249
-0.07826
-0.03825
-0.00056
0.01257
0.02649
-0.01942
0.01585
-0.02964
-0.03135
0.02851
0.01226
0.01801
0.01708
0.00404
-0.00020
-0.05238
-0.03999
-0.00030
-0.08092
-0.02754
0.00599
-0.03090
-0.04744
0.00037
-0.03368
0.06333
-0.02803
-0.04516
-0.00382
0.04090
-0.01862
0.07242
-0.01987
0.01386
0.06419
0.04596
0.02730
-0.03983
0.02137
0.01486
0.06829
-0.05466
-0.09913
-0.04795
0.01727
0.00264
-0.04524
-0.01946
0.03885
0.00597
-0.07761
-0.00032
-0.08119
0.02511
-0.01958
-0.00006
0.06213
-0.05918
-0.03223
0.08520
-0.03783
0.03901
0.01360
0.05376
-0.04406
0.01945
-0.00924
0.01978
-0.03966
-0.02768
-0.00610
-0.02376
-0.01180
-0.00910
0.06822
0.01662
-0.01770
-0.00589
0.03541
0.00503
0.06690
-0.00943
0.01612
0.03774
0.04218
-0.07362
0.10323
0.02713
0.00727
0.01527
-0.03123
-0.01888
-0.03199
-0.01799
0.02164
0.06647
0.05411
0.02359
0.00963
-0.04989
0.02191
-0.04885
-0.04730
-0.02190
-0.04008
0.03528
0.02238
0.06016
0.00223
0.03890
-0.01884
0.02502
0.00329
-0.02777
-0.02964
-0.05138
0.05562
-0.03439
-0.00694
-0.00827
-0.00748
-0.00156
0.01868
0.01441
0.00549
-0.01710
0.07887
-0.02737
-0.02660
-0.02411
-0.00942
0.03288
0.07319
0.04322
-0.01033
-0.00777
0.05939
0.01847
-0.04449
-0.04500
-0.05091
0.00760
0.00049
0.05967
0.06144
-0.00885
0.02077
0.00156
0.02110
0.00058
