0.05713
-0.05096
-0.04283
-0.06585
0.02230
-0.03294
-0.00725
0.02205
-0.00616
0.02863
0.04380
-0.00272
-0.01430
0.02595
0.08239
-0.03157
-0.02740
0.02280
-0.03799
0.02387
0.01696
0.01025
0.07005
-0.05837
-0.03606
-0.03937
-0.05428
-0.01899
0.02647
-0.08176
-0.00171
0.01138
0.01765
0.03843
0.04003
0.02396
0.03921
0.03801
0.00810
0.03824
-0.00968
0.00363
-0.03312
0.03086
0.04915
0.01149
0.05087
-0.03291
-0.06332
0.00378
-0.02045
-0.07447
-0.03067
0.01890
-0.01435
0.03229
-0.00789
-0.01638
-0.01921
-0.06587
-0.05945
0.04536
-0.13323
-0.01068
0.03102
-0.05271
0.04789
-0.02348
-0.00765
-0.03025
0.00869
0.00444
-0.06873
-0.05527
0.02384
-0.07555
0.03693
0.02712
-0.05462
-0.02738
0.00100
0.09048
0.00115
-0.03342
-0.01929
0.08188
-0.05038
0.02674
-0.08773
0.03335
0.03439
-0.03900
0.01055
-0.10668
-0.00886
0.02757
0.00218
0.07011
-0.02056
-0.06338
-0.02664
0.06277
0.04948
0.02090
-0.01765
-0.03205
-0.00175
-0.04470
-0.10186
0.01309
-0.02660
-0.00320
0.05108
-0.03663
0.00954
0.00330
0.06942
0.02088
0.02508
0.03559
-0.04721
-0.00790
0.01645
0.03095
-0.03377
0.01965
0.00679
-0.08268
-0.00881
-0.10453
0.03269
0.03705
-0.03637
-0.00257
0.06177
-0.04360
0.00916
-0.02870
0.01228
-0.03429
-0.04072
0.02581
-0.03610
0.02959
0.01088
0.01340
-0.03958
0.01111
0.00947
-0.00577
0.00867
-0.01797
-0.06627
-0.01022
0.01059
-0.00554
-0.06976
0.01755
0.03636
-0.05828
-0.03689
-0.01396
-0.03182
-0.00421
-0.01894
0.02093
-0.02763
-0.05590
0.01847
0.00633
-0.09388
-0.02145
-0.04578
-0.03497
0.04049
0.02988
-0.01828
0.04370
-0.01654
-0.01949
0.07430
-0.03571
-0.01329
0.05966
0.06422
-0.00790
0.01273
0.00614
0.08529
0.04128
0.04607
-0.01094
0.01615
0.09722
-0.00478
0.03870
-0.05482
0.05036
-0.05474
0.01437
0.02036
-0.01972
0.05099
-0.03833
-0.01605
0.05637
0.01391
0.02691
0.08706
0.05681
-0.00457
0.00560
-0.05680
-0.05347
-0.06159
-0.03039
-0.01927
-0.07643
-0.03993
0.04640
0.00249
0.02011
-0.00174
0.03799
-0.06032
0.00225
0.02508
0.00172
-0.05398
0.00230
-0.07271
0.00204
0.02382
-0.00860
0.02175
-0.02179
0.02534
-0.01934
0.07028
0.04728
-0.03024
0.03722
0.01542
-0.02061
-0.11354
-0.06352
-0.03999
-0.00248
-0.05364
0.11208
0.04095
0.04395
-0.02150
-0.08015
-0.02120
-0.00888
0.02367
0.01420
0.00309
-0.02551
-0.00284
-0.01975
-0.01026
0.02266
-0.00961
0.01766
0.01941
0.02032
0.00144
-0.08078
-0.03073
0.04574
0.01028
-0.02431
-0.01709
-0.05294
-0.01339
-0.00269
0.03204
0.02205
-0.03555
0.03357
0.01926
-0.02555
0.09993
0.00253
0.09208
0.02977
0.02891
-0.02603
0.02829
0.01864
0.02541
0.05963
-0.03115
-0.02230
0.01276
0.03257
0.02421
-0.07990
-0.07042
0.04780
-0.09246
-0.00333
0.04130
-0.03403
0.02004
0.00349
0.02412
0.08807
-0.03101
0.05916
0.01490
0.02607
0.01279
0.05371
-0.00198
0.04125
0.03911
0.01545
-0.00498
-0.05085
0.03971
-0.00018
0.00632
-0.04376
-0.04120
0.02444
-0.00139
0.00225
-0.06582
0.02486
0.00110
-0.00046
-0.04123
0.01871
-0.04695
-0.00523
-0.01962
0.00624
0.00504
0.01753
-0.07663
0.07486
0.02521
0.06363
0.00951
0.01710
0.01854
0.03631
0.05641
-0.01645
0.03804
0.02821
0.06830
-0.03129
-0.03446
-0.02929
-0.00781
-0.01563
-0.00779
-0.06513
-0.01206
0.01367
-0.00583
0.00354
0.04241
0.01928
0.06858
-0.04808
-0.05149
-0.05825
-0.05165
-0.04272
-0.05151
0.05065
0.04331
0.00377
-0.00361
-0.02716
0.00291
-0.09174
0.01133
0.02059
-0.00050
-0.02394
0.00329
0.00750
-0.00889
-0.06263
-0.04802
0.05183
0.05061
0.04352
0.03501
0.01833
0.01659
0.04904
0.04074
-0.00106
-0.00077
0.00672
0.05233
-0.00986
0.07919
0.03607
-0.07707
-0.07173
0.00676
-0.05268
0.00690
-0.01731
-0.03302
-0.02152
0.02549
0.03172
0.12023
-0.03008
-0.00456
-0.09039
0.00683
0.05744
-0.01370
0.05494
-0.05660
0.01353
0.04106
-0.02572
-0.07692
-0.02420
-0.02873
0.07685
-0.03073
-0.04758
0.02773
0.04637
0.03409
-0.01081
-0.05302
-0.01706
0.00830
-0.02303
0.01005
0.01164
0.05629
-0.05069
0.07855
-0.01351
-0.03321
0.04180
0.01066
0.08034
-0.02617
0.04778
0.02408
0.04406
0.02403
0.04519
0.04747
-0.06051
0.00880
0.03040
-0.00914
-0.02040
-0.03006
-0.03456
-0.05131
0.05965
0.03420
0.11711
0.05015
0.05841
0.01354
0.01514
0.03445
-0.05976
0.01940
-0.01569
0.03925
0.01875
-0.00292
0.00794
-0.04033
0.01372
-0.00104
-0.01425
0.05577
0.01330
0.07334
-0.03299
0.02277
-0.08619
0.03333
-0.00987
-0.01375
-0.03260
0.06592
-0.01702
-0.00459
-0.01259
-0.02954
-0.04202
-0.02093
-0.02572
-0.03704
0.04711
-0.04239
0.04087
-0.02430
-0.04587
-0.02377
0.02028
