-0.00818
0.07087
-0.02048
0.03968
0.05105
0.01777
-0.01216
0.02945
0.05566
-0.01852
0.02149
-0.01120
-0.01611
0.02907
0.03225
0.00768
0.03252
-0.02006
-0.03107
-0.01884
-0.02099
-0.02975
-0.04225
-0.03775
-0.02048
-0.05710
0.01676
0.01972
0.01477
-0.01745
0.01445
0.02490
0.02883
0.04228
0.04150
-0.03441
-0.03276
-0.06416
-0.04640
0.03518
-0.00059
-0.00089
-0.00341
-0.01374
0.01259
-0.00547
0.04657
0.03291
0.01294
-0.01294
0.01561
0.04686
0.06471
-0.06096
-0.01265
0.01818
-0.01325
-0.03023
0.00819
0.01779
-0.00325
0.01318
0.01889
-0.02862
-0.02537
0.01414
-0.02261
0.01222
0.01182
-0.05477
-0.01476
0.00304
-0.08639
-0.01435
0.06964
0.00103
-0.00146
-0.02839
-0.02204
0.05642
-0.02737
-0.01524
-0.06403
0.02576
0.02221
-0.05069
0.04719
0.02506
0.00061
0.02086
-0.01230
-0.00712
0.05109
-0.08771
0.04264
0.06034
-0.01958
0.03337
0.00779
-0.01203
0.06647
0.03930
0.01630
-0.00026
-0.00571
0.05713
-0.00567
0.00455
0.01791
0.00661
0.04849
-0.02139
-0.04191
-0.02908
-0.04533
0.01464
0.03045
0.00577
-0.00300
0.02773
-0.04035
0.03561
-0.00395
0.01736
-0.01294
-0.02936
0.05175
-0.07435
-0.01833
-0.00073
-0.04250
0.02583
0.08972
-0.10262
0.02051
0.00537
0.00990
-0.03319
0.02526
0.04404
0.05326
0.01510
-0.05584
-0.03294
0.08866
0.01419
-0.07020
0.03652
-0.01584
-0.01575
0.03220
0.01347
-0.02230
0.02346
-0.01481
-0.00435
0.03264
0.01381
0.04007
-0.04592
0.06304
0.02526
0.01821
0.02904
0.00763
-0.01626
0.02608
0.05892
-0.02524
0.03168
0.02888
0.09400
0.04083
-0.08114
-0.00125
-0.01118
-0.03588
-0.05328
-0.03677
-0.02843
-0.03453
0.01480
-0.08290
0.00373
0.01850
0.06777
-0.04548
0.01524
-0.04242
0.04778
-0.03435
-0.00495
0.06773
-0.02780
-0.00319
-0.04578
0.03196
-0.05619
-0.01932
-0.04682
-0.00068
-0.04181
0.05473
-0.04284
0.00758
-0.04368
-0.05143
-0.05875
-0.05280
0.12116
-0.04541
-0.02515
-0.01355
-0.06037
0.01338
0.07388
-0.02521
0.00384
0.02637
-0.05151
0.03126
-0.01781
-0.04300
0.02496
0.03898
0.01817
0.06183
-0.04068
-0.04465
0.07232
0.01787
-0.07199
0.00851
-0.06242
0.02350
0.02522
0.00960
0.00062
0.04455
0.01595
0.03870
-0.01831
0.03177
-0.12012
0.03030
0.02029
0.00113
-0.00116
0.03826
-0.02479
-0.03662
0.00890
0.01306
0.01154
0.03609
0.03954
0.04141
0.04153
0.05965
0.04153
-0.02503
0.01073
0.08968
-0.06578
0.04573
-0.04592
-0.04492
0.05124
0.00847
-0.04713
-0.02120
0.02322
-0.01342
0.01334
0.01530
-0.03476
-0.04803
0.01567
-0.06934
0.00783
0.00197
0.01550
0.05835
0.01214
-0.05741
-0.02406
0.01298
0.01619
-0.08407
-0.01796
-0.00954
0.00841
0.02440
-0.06449
-0.01862
0.01267
-0.00171
-0.02477
0.06635
-0.01505
0.01961
-0.02013
-0.02174
-0.05685
0.01484
-0.00974
0.07501
-0.01761
-0.01331
0.00748
-0.09231
-0.02053
-0.01265
-0.02812
0.03039
-0.03183
-0.01948
0.01719
0.01725
-0.04964
-0.00337
-0.02710
-0.02093
-0.04816
0.02317
-0.03684
0.01163
0.06782
0.03929
0.10064
-0.00533
0.08720
-0.04040
0.03660
-0.07876
0.04496
-0.02156
-0.02708
0.02245
0.01472
0.02186
-0.04516
0.03099
0.03821
0.01513
-0.00794
0.00938
0.03409
-0.04205
-0.00628
-0.04826
-0.02496
0.01742
0.00631
0.05331
-0.04006
0.04374
0.03726
-0.00903
-0.02788
-0.04602
0.00286
-0.09378
-0.07081
-0.08253
0.04707
-0.06524
0.01686
0.00264
0.01451
-0.00120
0.01422
-0.00884
0.02383
-0.00700
0.01287
-0.00918
0.01139
-0.04444
0.00961
-0.10100
-0.04145
-0.07380
-0.05488
-0.03260
0.01262
0.02173
0.01885
0.02160
-0.02045
-0.03340
0.06126
-0.04220
0.01509
-0.00202
-0.02354
-0.00041
0.02565
0.07564
0.01134
0.01633
0.01197
-0.00161
-0.03643
-0.04759
0.02553
0.00148
-0.03408
-0.00970
-0.05425
-0.00684
0.01092
0.01368
-0.00748
-0.05405
-0.02016
-0.01987
0.01870
0.01292
0.01241
0.06250
0.01590
-0.00045
0.05981
0.04880
0.00817
-0.03392
0.01944
0.00085
-0.03348
-0.06780
-0.07109
-0.01009
-0.05532
-0.00447
-0.06897
-0.01882
-0.01280
-0.04187
-0.03863
-0.01408
-0.01286
0.03128
0.02054
-0.01233
0.03736
0.02053
-0.04412
-0.02568
-0.02219
-0.00037
-0.01558
0.05298
-0.00433
-0.05378
-0.06290
0.01247
0.06489
0.05048
0.03977
-0.01046
0.03861
-0.02041
-0.04120
0.01720
0.00700
0.00855
-0.04125
0.02588
-0.02176
-0.03358
-0.02557
-0.01773
-0.00453
-0.00748
0.05664
-0.00604
-0.02548
0.11439
-0.00628
0.01265
0.05074
-0.03937
-0.03803
-0.00632
-0.02826
-0.02513
-0.01712
0.00761
-0.04060
-0.03118
0.02202
0.00249
0.00369
0.02769
0.00773
0.00982
-0.05949
0.01985
0.01533
-0.03749
0.00719
0.00409
-0.01648
-0.03945
0.01093
0.03619
-0.04145
0.04241
-0.02261
-0.02437
0.01851
