0.04549
0.04513
0.02758
0.03990
0.06512
0.03298
-0.04375
0.03687
-0.01772
-0.01022
-0.05055
0.00091
-0.05089
0.05522
0.01741
-0.09354
-0.00065
0.02383
-0.06297
-0.01988
-0.00156
0.03717
0.00157
-0.00474
-0.00082
0.04210
0.04765
0.04222
0.04511
-0.06871
0.03198
0.03162
0.01754
-0.00525
0.05202
-0.06597
-0.11350
-0.06128
-0.06667
-0.01435
-0.01224
0.00428
-0.03388
-0.06396
0.00755
-0.03404
0.00786
-0.01561
0.00735
-0.02556
-0.01504
-0.02560
0.08486
-0.04663
0.00393
0.03825
-0.04136
-0.04021
0.02687
-0.02649
-0.03830
-0.00238
0.03070
0.06007
0.01964
-0.04775
-0.05509
0.00326
0.00664
-0.03455
-0.03687
0.05763
-0.07636
0.00705
0.07113
-0.01071
0.01483
-0.06236
0.03621
0.00701
0.05364
-0.01189
-0.01835
0.02523
0.02939
0.00597
0.01965
-0.03963
0.02506
-0.00938
0.02471
0.01539
0.10263
-0.05976
0.03489
0.07907
-0.03403
0.02657
0.05533
-0.04652
0.09180
0.06736
0.04083
0.05339
0.02532
0.02360
-0.03728
-0.00626
0.00990
-0.01679
0.06090
0.02819
0.00444
0.00268
-0.06506
-0.03322
-0.03882
0.01402
-0.02862
0.03033
-0.00182
0.03078
-0.06904
-0.02701
-0.02029
-0.00327
0.12249
-0.08774
0.01031
-0.02118
-0.00358
0.02883
0.02975
-0.03425
0.01135
0.00083
0.02441
-0.04136
-0.01105
0.05600
0.00716
0.08391
-0.05241
-0.04590
0.03920
-0.00664
-0.07641
-0.00154
-0.02064
-0.00858
-0.01568
0.04832
-0.01800
0.03175
0.02378
0.02089
-0.00962
-0.03999
-0.01467
-0.06245
-0.00072
0.02565
0.04142
-0.00303
-0.04590
-0.01360
0.04413
0.06109
-0.09273
0.01652
-0.02074
0.01618
-0.00073
-0.03560
-0.00153
0.04906
-0.11697
0.03063
-0.05623
0.05327
0.03286
-0.02722
-0.05191
0.02728
0.07312
0.00542
-0.06757
-0.02047
0.04367
0.06899
-0.00696
0.03471
0.01563
-0.06602
0.00715
0.04365
-0.05203
-0.05445
0.02775
-0.09162
0.00747
-0.00754
-0.00956
-0.01980
0.01225
-0.07166
-0.03225
-0.01536
0.02625
0.05615
0.00076
-0.01714
0.01539
-0.00655
0.00491
0.05889
-0.04272
0.02819
-0.06317
-0.05261
0.00423
0.07603
-0.03207
0.12297
0.03673
0.02580
0.00337
-0.02298
0.03403
-0.01616
0.02879
-0.04253
-0.00675
-0.07866
0.00304
-0.04606
-0.04862
0.04135
0.09393
0.02406
-0.02604
-0.04224
-0.06221
-0.06918
-0.00040
-0.00396
0.04991
-0.05976
0.02352
0.04321
-0.02049
-0.00810
0.03376
0.01327
0.05403
0.01051
-0.00085
0.09207
-0.02150
-0.00832
0.01087
0.07396
0.10164
-0.04631
0.07877
-0.08847
-0.02635
0.06273
0.05145
-0.03679
0.02477
0.02555
0.07906
-0.04511
0.05368
0.00305
0.01236
0.00400
-0.01130
0.04596
0.02969
-0.00212
-0.03813
0.00631
-0.04039
0.05394
0.00236
0.02002
-0.00740
0.01204
-0.04255
-0.04045
0.04833
-0.05234
0.01310
-0.01539
-0.01827
-0.07630
0.00690
-0.03638
0.02161
-0.01919
0.01688
-0.02312
0.01268
-0.00869
0.03302
-0.02509
-0.03749
0.03033
-0.12083
0.01040
-0.00778
0.05918
0.05492
0.00904
-0.02865
0.04690
-0.00111
0.02288
0.03611
-0.02100
0.01626
-0.06971
0.03626
-0.10291
-0.02101
0.01706
-0.01107
-0.01132
-0.02637
0.07759
0.02057
0.02831
-0.04884
0.01557
-0.03743
0.01436
-0.06466
-0.01862
-0.00531
0.00805
0.04523
0.00317
0.03031
0.06514
0.03859
0.05463
0.00760
-0.02549
-0.05587
-0.07895
0.00932
-0.03926
0.01041
-0.02395
-0.01139
-0.05051
0.02693
-0.00819
-0.02651
-0.02940
0.00482
0.02695
-0.00756
-0.00493
-0.02059
-0.01124
0.04059
0.00455
0.02475
0.00026
0.03158
0.02457
-0.03399
0.03266
-0.04317
0.08389
-0.03652
0.03605
-0.10226
-0.03419
-0.04513
-0.01670
-0.00990
-0.00904
0.04225
0.02561
0.05185
0.01129
-0.09715
0.05364
0.01816
0.04217
0.01505
0.05041
-0.02459
0.06543
0.03339
-0.03495
-0.05139
-0.00104
-0.04030
-0.00495
0.02965
0.04373
-0.08982
0.01781
-0.00218
-0.00808
0.00214
0.05166
0.02618
-0.01960
0.01868
-0.04107
0.04596
-0.00033
-0.03622
-0.02828
0.02437
-0.00200
0.00978
0.01823
0.04661
-0.04880
-0.02207
-0.04136
0.01368
-0.07753
-0.07257
-0.05085
-0.00723
-0.03681
0.02628
-0.05842
-0.03645
-0.01790
0.01952
-0.02755
0.01035
-0.00363
-0.03558
-0.03590
-0.01968
0.02748
-0.01280
0.03696
-0.01937
-0.03750
0.00666
-0.02732
0.10180
0.00282
0.00840
0.01718
-0.01478
-0.00621
0.06106
-0.01694
0.01000
0.08803
-0.02100
-0.02490
0.07718
0.00208
0.03641
-0.08613
0.03558
-0.00250
-0.07614
-0.03657
-0.03282
0.01974
0.00068
0.03126
0.03933
-0.07061
0.06315
-0.01145
0.05079
0.08979
-0.05629
0.00255
0.00152
-0.10830
0.00147
-0.01090
0.00700
-0.01691
-0.01939
-0.00917
0.06249
-0.00842
0.00339
-0.05871
-0.02134
-0.05677
0.00397
0.01519
0.00664
-0.00253
-0.00535
-0.09832
-0.01480
0.00392
-0.01726
-0.00526
0.02809
-0.08943
0.01102
0.01815
