-0.00523
-0.08955
-0.08894
-0.00800
0.03137
-0.01360
0.03519
0.00713
0.03749
-0.05014
-0.01677
0.01515
0.00440
-0.01447
0.05872
0.03690
0.00373
0.03735
-0.01452
0.05210
-0.03095
-0.06654
-0.01220
-0.02551
-0.03318
-0.08104
-0.05522
-0.00264
0.01901
0.03245
0.07041
-0.03578
-0.05555
-0.00505
-0.01560
-0.00300
0.03796
0.00253
-0.02788
0.07582
0.01847
-0.01102
-0.03537
0.01005
0.07496
0.00482
0.04245
-0.00461
-0.01155
-0.00596
0.02861
0.03162
-0.00019
0.02633
-0.08242
0.01392
-0.02117
0.00561
0.03774
0.00480
-0.02221
0.02344
-0.04089
-0.00600
-0.05463
0.06499
-0.00663
-0.02268
-0.03853
-0.04555
-0.09086
-0.02982
-0.00942
-0.06607
0.01574
-0.05515
-0.00217
-0.06672
-0.03039
0.00779
-0.04478
0.02696
-0.00203
0.01437
0.01209
-0.02846
-0.01946
0.07116
-0.04059
0.05424
0.06367
-0.01338
0.08653
-0.05198
-0.00832
-0.02389
0.00633
0.02606
-0.00923
0.00141
0.02848
0.01346
0.05103
-0.00666
0.02041
-0.00653
-0.06249
-0.02572
-0.01411
0.02930
0.00190
0.08272
-0.08477
-0.00322
0.05949
0.00100
0.02905
-0.05927
-0.04360
0.00879
-0.03351
0.03137
0.02604
0.02498
0.04569
-0.02074
-0.03660
-0.04585
-0.02609
0.00242
-0.02990
0.00930
0.06026
-0.03328
0.02284
-0.02018
-0.00361
-0.02506
0.06679
-0.00442
0.00368
0.00601
-0.03095
0.12952
0.10464
-0.03599
-0.02428
0.03301
0.03342
0.02116
0.00789
-0.00519
0.04391
-0.01355
0.02713
-0.07992
0.03906
0.02661
0.04513
0.00173
0.05077
-0.06471
-0.02014
0.00799
0.04118
0.07510
-0.05480
-0.02999
0.05656
-0.03330
0.00044
0.03737
0.04070
-0.00085
-0.00138
-0.00644
0.02706
-0.03060
-0.02183
-0.03112
-0.05442
-0.00206
-0.06811
-0.05601
-0.00415
0.05212
-0.00892
-0.01200
-0.02438
-0.03822
-0.00614
-0.05849
0.04979
0.00022
0.00303
-0.03761
0.06478
0.02675
0.00099
-0.02812
-0.00810
-0.03230
0.03377
-0.08847
0.01929
0.02057
0.03047
0.03048
0.06357
0.09697
-0.08123
0.02767
-0.02816
-0.04333
-0.00901
0.01199
-0.07342
0.02473
0.01969
-0.01101
-0.01592
-0.01834
-0.02754
-0.03142
0.01088
-0.02370
0.03835
-0.02009
-0.07416
0.05651
-0.02472
-0.04702
0.02224
-0.01564
0.03190
0.03106
0.02442
0.01247
-0.03113
-0.04809
0.03529
0.00476
0.07820
-0.00156
-0.04121
-0.02035
0.00441
0.05047
-0.09660
0.04337
0.03295
0.03260
-0.00076
-0.02505
0.04423
-0.02156
0.01644
-0.02630
0.07867
0.01181
-0.00998
-0.02975
-0.00820
0.01419
0.07535
0.01201
-0.01613
0.00260
-0.07519
-0.06776
-0.09963
-0.02734
-0.04923
-0.00427
-0.02046
-0.07571
-0.00572
-0.02300
0.00534
-0.01094
-0.06533
0.01580
0.06161
0.02040
0.00264
-0.03646
-0.01274
0.03405
0.00956
-0.04145
0.00993
0.07519
0.00946
-0.00469
0.01023
0.06746
0.04088
-0.01768
0.03425
0.01415
0.03533
0.06529
0.01348
-0.03940
0.03431
0.01137
0.04663
-0.03159
0.01761
0.00043
0.01672
0.01706
-0.00280
-0.03259
-0.00721
-0.04010
-0.04650
-0.01469
-0.00482
-0.02249
-0.00735
-0.04332
0.00497
0.06669
-0.01594
-0.03698
0.02444
-0.00214
-0.04662
0.06419
-0.04786
-0.00725
-0.01001
-0.02713
-0.05760
-0.02656
0.02935
0.00902
0.06711
0.01165
0.01203
-0.07660
-0.01050
0.05951
-0.00200
-0.02771
0.03866
-0.00541
0.01162
0.05223
0.04994
0.00394
0.03347
-0.03120
0.04221
0.02644
0.03255
0.02320
-0.02636
-0.03224
-0.01220
0.02466
-0.05902
-0.00212
0.02747
0.02264
0.00528
0.03244
-0.00003
-0.04043
-0.00344
-0.05755
-0.00811
0.04232
-0.02044
-0.00133
-0.00378
-0.03919
-0.00058
-0.01809
-0.03268
-0.02401
-0.02798
0.02548
-0.04612
0.01888
0.00202
-0.03298
-0.03463
-0.04903
0.06001
0.02190
-0.02770
0.01452
0.01704
0.02639
0.03183
0.01823
0.00001
-0.02464
0.04468
0.00232
0.01629
-0.00838
-0.07019
0.00104
-0.00396
-0.05394
-0.03973
-0.05058
0.02198
0.02048
-0.02223
-0.05128
-0.03036
0.03031
-0.00941
0.01529
0.01281
-0.02888
-0.03016
0.01634
-0.06061
0.04664
-0.01663
0.03407
0.01373
0.03649
-0.03500
-0.00742
-0.05395
0.04229
0.05557
-0.01303
-0.03797
0.00647
0.05552
0.05039
-0.06389
-0.00500
0.00540
-0.01752
0.02005
0.03352
0.00045
0.03064
0.07729
-0.12209
0.02233
0.03942
-0.02660
0.02950
-0.03609
0.03597
-0.01318
0.00333
0.00528
0.00218
0.00170
-0.00644
-0.02338
-0.01726
0.02141
-0.04670
-0.06546
-0.00452
-0.04073
0.03087
0.00411
0.06769
0.00979
0.07017
-0.01789
-0.00522
0.02960
0.00203
-0.04104
-0.02366
0.07743
0.00854
-0.05908
-0.06638
0.01418
0.00491
0.09193
0.07084
-0.07815
-0.07309
0.09474
-0.05104
-0.04164
-0.04748
-0.02939
0.05377
0.03924
0.02702
0.02375
-0.06302
-0.00224
0.08335
-0.04847
-0.05175
-0.07185
0.00380
-0.04943
0.09266
0.08492
0.00832
0.03750
0.00905
0.01290
-0.03637
