-0.01444
-0.02834
-0.02214
0.01522
0.01854
0.02059
-0.00289
0.03727
0.03841
-0.03386
-0.00133
-0.01734
-0.03859
0.03269
0.03674
0.01308
0.06671
0.09741
-0.04569
0.04843
0.05031
0.01779
0.05845
0.01988
-0.00660
-0.01150
-0.00670
0.08045
0.10368
0.02303
-0.03466
-0.04489
-0.04056
-0.07892
0.05714
0.10032
-0.00395
0.02048
0.06617
0.03510
0.04488
-0.04050
-0.06617
-0.05788
0.02993
-0.03410
0.01934
0.00177
0.00147
0.08339
0.02908
-0.04282
-0.01303
0.06289
-0.00842
0.04947
-0.04052
0.03145
0.09399
-0.07209
0.04662
-0.02071
-0.05786
0.04120
-0.04044
-0.00536
0.03955
0.03161
0.02111
0.00084
-0.09592
0.04335
-0.06096
-0.07653
0.02748
-0.06003
-0.02350
-0.00638
-0.04352
-0.04572
0.01336
-0.00821
0.03012
-0.02088
0.01774
0.02504
0.02521
0.00417
-0.02579
0.06018
0.02571
-0.03566
0.03662
0.01502
-0.00616
0.00086
0.00882
-0.01950
-0.02816
-0.03386
0.01338
-0.01630
0.02247
-0.00801
0.02091
-0.01395
-0.02247
-0.02144
-0.00764
0.05512
-0.03089
0.06392
0.03284
-0.03989
0.03268
-0.07835
0.01546
-0.03531
-0.06855
-0.03228
0.02679
0.01140
-0.04279
0.00266
-0.00147
-0.01616
-0.00305
-0.01106
-0.08893
0.00479
0.00656
0.03211
-0.07501
-0.08432
0.03936
-0.01766
0.02162
0.03722
0.05430
0.04092
0.01782
-0.00284
0.04358
0.08209
0.00273
0.02340
0.05081
-0.00061
-0.06209
-0.04044
0.01902
-0.04041
0.01153
-0.06967
0.03457
-0.05722
-0.02672
0.05743
0.02293
0.02160
-0.00523
-0.05906
-0.01768
0.03951
0.00632
0.02803
0.00393
-0.12882
0.01883
-0.03893
-0.05220
-0.03089
0.02957
-0.01305
0.07353
0.04445
-0.04296
0.01143
-0.03924
0.00357
-0.03352
-0.06046
-0.08504
-0.01508
0.00779
0.00502
-0.00830
-0.02281
-0.03681
-0.02015
0.03379
0.01626
0.00131
-0.01136
0.02654
-0.02670
-0.11248
0.01051
-0.03843
-0.03289
-0.03198
0.05349
0.02125
-0.07404
0.00888
-0.01812
-0.00406
0.00948
0.05490
-0.00650
-0.01259
-0.01715
-0.01196
-0.06973
-0.09010
-0.01628
-0.07268
0.03393
-0.07071
0.02274
0.02714
0.01975
-0.05458
0.02187
-0.04200
0.02655
-0.04100
0.00209
-0.02996
-0.04512
-0.04191
-0.06568
-0.00587
-0.03134
0.03881
0.03978
0.02308
-0.02151
-0.06059
0.07150
-0.08496
0.00941
0.03885
0.03349
0.00005
0.00030
-0.03961
-0.02756
-0.04595
0.02208
-0.00161
0.02104
-0.07709
-0.01953
0.03850
-0.04908
0.00078
-0.01817
0.00853
0.03006
0.02247
-0.04680
0.05535
0.02401
0.01953
-0.04215
0.02138
0.01304
-0.05043
-0.02940
-0.04173
-0.00599
0.00165
0.00591
0.03535
-0.02487
-0.03695
-0.05423
-0.00874
-0.06844
-0.06444
-0.02914
0.00436
0.01030
0.03799
0.00691
0.03118
0.10009
-0.02101
-0.08042
0.01473
0.00070
-0.00153
-0.03898
-0.07555
0.01770
0.02133
0.00865
-0.00562
-0.08248
0.03930
0.04613
0.00935
0.02144
0.03978
-0.05648
0.04435
-0.01335
0.01572
0.00697
0.07760
-0.00551
-0.01814
0.00941
0.03359
0.01837
-0.02749
0.03077
-0.05000
-0.02371
-0.02046
-0.02130
0.01940
0.07559
-0.01870
-0.01184
-0.01238
-0.00665
0.01763
0.00919
-0.06468
-0.08985
0.01468
-0.03493
0.00183
-0.01349
0.05163
0.01815
-0.00476
-0.00773
0.04262
-0.03036
-0.05006
0.06792
0.06390
0.02554
0.01859
0.07434
-0.00237
-0.01584
0.09764
-0.02591
-0.01233
-0.02292
-0.00439
0.04491
0.03157
-0.00966
-0.04280
-0.00241
-0.00264
0.05880
-0.01898
0.05579
0.03630
0.00866
0.07740
0.01816
0.00674
-0.07059
-0.07540
-0.06054
0.03394
0.01229
0.00086
0.02688
-0.04068
-0.01039
-0.07851
-0.02320
0.03608
0.05088
0.02241
0.10053
0.10267
-0.05508
-0.03782
0.04559
-0.09233
-0.01336
0.04111
0.02508
-0.08223
-0.02722
-0.10931
-0.03514
0.03211
-0.02626
0.01034
0.03221
-0.04234
0.01669
0.01486
-0.00145
-0.01863
0.03613
-0.03870
-0.05042
0.07548
-0.03263
0.00242
0.01179
-0.04498
0.00980
-0.02565
-0.02889
0.04329
0.02907
0.03412
-0.13175
0.05085
-0.02032
-0.02485
-0.02386
-0.03221
-0.02564
0.06120
-0.05201
-0.09614
-0.04928
-0.02850
0.04330
0.05599
-0.02018
-0.02376
0.01009
0.03963
0.00427
-0.01549
-0.03001
0.02948
0.02957
-0.04326
-0.01479
-0.06119
0.01604
0.04104
0.03371
0.00596
0.06861
0.04592
-0.02358
-0.00106
0.06074
0.04396
-0.00714
0.03533
0.00329
0.00064
0.00452
-0.05330
0.02015
-0.00111
0.06159
0.02794
0.04180
-0.01014
-0.01918
0.02020
0.02966
-0.04653
-0.00811
0.03650
0.00484
0.02997
0.02196
0.03505
0.03183
-0.02635
-0.06320
0.08123
-0.00302
-0.04081
-0.01277
0.01264
0.08684
0.03664
-0.00677
0.06692
-0.01675
0.02874
-0.05355
0.00214
0.04853
0.01489
0.03995
0.01597
-0.03726
-0.07089
0.00136
-0.00862
-0.03150
0.06426
-0.06975
0.05643
0.03239
0.06727
0.05938
0.02689
-0.00490
0.01592
0.00775
