-0.01253
0.04005
-0.00301
0.01185
0.00862
-0.08402
-0.03479
0.00929
0.03874
-0.10689
-0.01179
-0.05837
-0.04028
0.00293
0.02336
0.01846
-0.01472
0.03216
-0.01231
0.06078
0.02788
0.03763
-0.03307
0.00684
0.02366
-0.02402
0.06868
0.00126
0.06706
0.02699
-0.00036
-0.00146
0.00402
0.00206
0.05162
-0.01287
-0.01261
-0.01547
0.07948
0.05083
-0.02159
-0.07020
-0.04780
-0.02832
0.01920
-0.00014
-0.05317
-0.01603
0.07290
0.11437
0.04014
-0.00038
-0.09789
-0.01738
0.05746
0.02889
-0.00202
-0.06072
0.07269
-0.02560
0.02931
-0.03864
0.04964
-0.00112
0.01612
0.04033
-0.04028
0.01077
-0.00252
-0.10051
-0.05397
0.01716
-0.03778
0.00181
0.05274
-0.00526
0.05423
-0.07646
-0.02861
-0.00537
-0.01385
-0.02672
0.05238
-0.05907
0.00541
-0.05008
0.04413
-0.02368
0.03560
0.03255
-0.01614
-0.05200
0.07759
-0.01223
-0.12764
-0.02039
-0.04812
-0.01343
-0.01366
-0.01960
-0.00422
-0.00368
0.06262
-0.02324
-0.03322
-0.01317
-0.00095
-0.02306
-0.00545
-0.00621
-0.02158
-0.02453
0.03138
0.08610
0.04359
-0.02015
-0.01772
0.02574
-0.03915
-0.03825
0.00505
0.05893
-0.00827
0.08461
0.00880
-0.02615
-0.02002
-0.06159
-0.00638
0.06257
0.02072
-0.05380
-0.05004
-0.04663
0.02821
-0.03375
-0.01225
-0.00937
0.00134
-0.00268
0.09403
0.06058
-0.06013
-0.01885
0.08715
0.06512
0.02190
0.00520
-0.02947
-0.00536
-0.02291
0.03436
0.02516
-0.03321
-0.03303
-0.08056
0.04597
-0.02590
-0.01258
0.03038
-0.02692
-0.05992
-0.01640
-0.00536
-0.00587
-0.00368
0.05201
0.02964
-0.02990
-0.06344
-0.00017
0.05806
0.06565
-0.00283
0.00901
-0.05688
-0.06747
-0.05458
-0.02686
0.09226
0.10568
-0.03672
-0.01993
-0.02127
0.00351
0.01033
-0.07162
-0.05012
-0.06755
0.03776
-0.04546
0.04939
0.01760
0.04155
-0.03240
-0.02416
-0.02803
-0.01679
0.01824
-0.05899
-0.05593
-0.01745
0.01092
0.04082
0.05122
-0.09610
0.00787
0.00172
-0.03750
0.07574
0.08081
-0.02847
-0.00979
0.00574
-0.06897
0.03914
-0.05386
-0.04929
-0.00279
-0.03629
0.02140
0.04154
-0.01339
0.03590
0.01395
0.07087
0.00949
-0.00439
0.03775
0.02838
-0.02911
-0.10498
0.01265
-0.00018
0.00201
0.06938
-0.07662
0.04050
0.01120
0.04481
-0.01210
-0.00871
0.03859
-0.05493
-0.00451
0.04615
-0.08487
-0.00259
0.05839
-0.07847
-0.04182
0.03891
-0.10142
-0.03415
0.05814
-0.06264
0.02739
0.00180
-0.01279
-0.01769
-0.00710
-0.00753
-0.01121
-0.00347
0.02598
-0.00456
-0.00272
-0.02196
-0.06404
-0.02748
-0.02327
0.02921
0.01481
-0.01421
0.06581
0.06931
0.01706
-0.03692
0.01252
0.04036
-0.01240
-0.07252
-0.03358
0.01534
0.05119
-0.01926
-0.01318
0.01740
-0.02375
0.06483
-0.08088
0.00394
0.00132
-0.10008
-0.02247
0.05864
-0.09898
-0.04617
0.05369
0.01217
-0.02087
0.00446
0.01967
-0.00923
-0.06862
-0.05336
0.13007
0.02755
-0.07011
-0.00562
-0.01553
-0.00459
0.06183
-0.07326
-0.03616
0.03391
-0.01624
-0.03819
0.00332
0.02877
0.00387
-0.03541
0.02892
0.00887
0.04167
-0.05582
0.02925
-0.01249
-0.02566
0.03843
-0.02193
-0.06979
0.02168
0.04030
-0.03614
0.01954
-0.05214
-0.02367
0.04661
-0.01368
-0.00020
0.00655
-0.04231
0.05787
0.04899
0.07475
-0.00945
0.06387
-0.04718
0.02954
-0.01574
-0.09095
0.04215
0.00316
-0.01387
0.03750
-0.02943
-0.03055
-0.06314
-0.01504
-0.01403
0.00574
0.02116
0.03895
0.05687
-0.06322
0.00273
0.00422
-0.07578
-0.00104
-0.00486
-0.00388
-0.01953
-0.06614
-0.06325
-0.01064
-0.04200
-0.02248
-0.09508
-0.01083
-0.06407
0.05670
0.01736
-0.00072
0.00924
-0.03059
-0.04616
0.01486
-0.05191
0.01704
-0.00630
-0.02400
-0.07469
-0.06707
-0.00609
-0.02608
0.08763
0.01196
-0.07219
-0.01925
0.04000
-0.01953
-0.06021
0.01254
-0.03976
-0.00004
-0.08589
-0.07055
-0.02854
0.03274
-0.11011
-0.00711
-0.01280
0.02001
0.01385
-0.01347
0.02066
0.05805
-0.00232
0.01239
-0.02455
0.01205
0.00615
-0.03998
0.00667
-0.03956
-0.01307
-0.00375
-0.02204
-0.01747
-0.03783
-0.06385
-0.03240
-0.03714
-0.06836
-0.02486
0.06581
-0.04414
0.01549
0.07436
0.03327
0.03525
-0.07785
-0.02588
-0.01777
0.04315
0.06247
-0.08115
0.00810
0.04863
0.07289
0.01287
-0.01663
0.09059
-0.02201
-0.03242
0.00425
-0.05600
-0.00976
0.11261
-0.04294
-0.05614
-0.01815
-0.00056
-0.03756
0.03801
0.01646
-0.05503
0.09953
-0.00434
-0.04625
0.11873
0.04435
-0.01739
0.03216
-0.00220
-0.08232
-0.02877
-0.00430
-0.04386
-0.01132
0.03201
0.02415
0.07447
0.03303
0.00887
0.05133
0.00462
-0.01810
0.01937
0.01433
-0.00853
0.02904
-0.02979
0.00609
0.05988
0.02631
0.00491
-0.00759
-0.04534
0.06414
0.00689
-0.01971
-0.04398
0.05094
0.04945
0.03255
-0.00316
-0.03191
0.01321
0.07494
-0.03800
