-0.01938
0.08167
0.00549
-0.03561
-0.04248
-0.10176
0.02896
-0.02805
0.06018
-0.02034
-0.05986
-0.04413
-0.08791
0.00127
0.03606
0.02296
0.02817
-0.02810
-0.03720
0.09024
-0.01365
0.00289
-0.02030
0.02336
0.04322
-0.08278
0.02609
-0.02804
0.01835
0.00110
-0.04377
0.04629
-0.03500
0.06044
0.04309
-0.01621
0.01196
-0.02768
0.03817
0.03444
0.03559
-0.06898
-0.04575
-0.00989
-0.05181
-0.01896
-0.01015
-0.00712
0.06450
0.11754
0.07797
-0.01037
-0.08427
-0.01998
0.06015
-0.02569
-0.08940
-0.01505
0.07048
0.01467
-0.04073
-0.01967
0.06158
0.02073
0.04135
0.00266
-0.02467
0.05014
0.03196
-0.08270
-0.02526
-0.00602
-0.02889
0.03418
0.00991
-0.00000
0.04597
-0.06130
0.03711
0.02279
0.01569
-0.04870
-0.00766
-0.05856
-0.00765
-0.02017
0.00531
-0.06504
0.03201
0.03139
-0.00084
0.02221
0.04045
-0.04748
-0.10176
-0.02754
-0.04125
0.01124
0.00210
-0.04692
0.00917
0.02931
-0.01462
-0.05518
-0.01166
0.04072
0.04186
-0.00527
-0.00882
-0.01660
-0.01933
-0.10176
0.08721
0.09532
-0.01212
0.01902
0.01356
-0.01731
-0.06550
-0.04383
0.00624
0.08577
0.03672
0.05321
0.03039
-0.02884
0.02024
-0.05416
-0.05096
0.08010
-0.04176
-0.04359
-0.03321
-0.07025
0.03393
-0.06522
-0.05154
-0.04163
0.01348
-0.00407
0.08209
0.03182
0.00389
0.01133
0.01551
0.09092
-0.00481
0.03649
-0.02208
-0.01099
-0.02416
0.02218
0.02597
-0.01416
-0.06046
-0.04055
0.02833
-0.02043
-0.07198
0.03123
0.04300
-0.01401
0.02214
-0.01814
-0.00333
0.00149
-0.00051
0.03415
-0.02327
-0.07445
-0.02892
0.00657
0.04323
0.03011
-0.03189
-0.05084
-0.03064
-0.03236
-0.00424
0.02493
0.05385
-0.01364
0.04987
-0.01525
-0.03877
-0.00803
-0.03108
-0.04294
-0.06398
0.06471
-0.00317
0.05844
0.00514
0.06132
-0.01483
0.00047
0.00037
-0.02481
0.04015
-0.06479
-0.06430
-0.04518
0.04769
0.05563
0.10258
-0.10176
0.06686
0.05907
-0.04026
0.08437
0.02225
0.02913
-0.02993
-0.01987
-0.05109
0.01292
0.03975
-0.06024
-0.05655
0.04642
0.02967
0.07363
0.02446
-0.00636
0.01849
0.09532
0.03275
0.02802
0.01034
0.06522
-0.01161
-0.10176
-0.01828
0.01156
-0.02665
0.06356
-0.06496
0.02184
-0.03006
0.02090
0.03782
-0.04057
-0.01450
-0.00631
0.01994
0.05380
-0.04662
0.00050
0.08403
-0.10176
-0.02653
0.06585
-0.04005
-0.03095
-0.04563
-0.07153
0.00370
-0.03585
-0.08261
0.00698
0.03854
0.00904
-0.01560
-0.03186
0.02739
0.03652
-0.05902
0.00795
-0.01485
-0.01999
-0.01139
-0.01207
-0.02270
0.02589
-0.02338
0.06203
-0.05202
-0.03099
0.04764
0.06659
-0.04376
-0.03277
-0.02360
0.04453
0.03124
-0.04732
-0.01951
0.03543
-0.02248
0.06214
-0.10176
0.06355
0.04315
-0.10126
-0.00124
0.04061
-0.08335
-0.03630
0.00678
0.02495
-0.02798
-0.01738
-0.04481
0.00838
-0.00447
-0.05173
0.10810
-0.02667
-0.00860
-0.02359
-0.00052
0.01652
-0.00319
-0.09520
-0.00093
-0.05415
-0.02962
0.00802
-0.00217
-0.02894
-0.00730
-0.00653
0.06080
0.06316
0.02718
-0.03436
-0.02630
-0.00397
-0.06359
0.05682
-0.04236
-0.01259
-0.01543
0.00607
-0.03447
0.01496
-0.02254
-0.01505
0.07583
0.01869
-0.01970
-0.00619
-0.09537
-0.02581
0.07144
0.02535
-0.01393
0.05336
-0.03366
0.03790
0.01581
-0.05591
0.02169
-0.01845
-0.03767
0.05701
-0.04848
0.00675
-0.03788
0.01472
0.01473
-0.00704
-0.01449
0.01988
0.05089
-0.03371
-0.02008
0.00180
-0.04296
0.01955
-0.03988
0.02108
0.01335
0.00579
-0.02697
0.01670
-0.07213
-0.02855
-0.05634
0.04158
-0.02823
0.09014
0.00963
-0.01601
0.03373
0.01323
-0.02159
0.12671
-0.03352
0.03022
-0.03149
-0.01879
-0.07417
0.00095
-0.02140
-0.10176
-0.00319
-0.05245
-0.04607
-0.03092
0.05073
-0.04415
-0.01863
0.00230
-0.07113
-0.09421
0.01651
-0.05544
-0.01194
0.02712
-0.10176
-0.05615
-0.03672
0.03925
-0.05900
0.01443
-0.02896
0.01758
-0.02052
-0.02038
-0.01823
0.03876
0.01591
0.04041
0.06694
-0.05548
-0.02257
0.00756
-0.02930
-0.01748
-0.04212
-0.10081
0.05776
-0.07879
-0.02582
-0.03177
0.00735
-0.05662
-0.02099
0.04105
-0.04361
-0.02531
0.03918
0.02659
-0.01831
0.05905
0.12051
-0.05873
0.03379
0.03525
0.03457
-0.02661
0.00291
0.01189
-0.05332
0.00174
0.01329
-0.02780
-0.00027
0.05221
0.01873
-0.04531
0.00433
-0.02953
-0.09074
0.02047
0.04555
-0.05440
0.08707
0.00031
0.00866
0.09924
0.01139
0.03249
0.05501
0.05291
-0.05316
0.02371
0.00585
0.00041
0.01920
0.03501
0.00420
0.07431
0.06651
-0.02583
0.04093
-0.00564
0.02819
0.03338
-0.02112
-0.03886
-0.00120
-0.02964
-0.01804
0.03527
0.02280
0.04205
0.00834
-0.03724
0.03536
-0.01313
-0.01849
0.06172
0.04826
-0.00145
-0.06529
0.02131
0.00563
0.01240
0.04648
-0.01818
