-0.08024
-0.02336
-0.03535
0.01235
0.06803
0.00196
0.02954
-0.02732
0.03115
-0.04584
0.02140
0.00898
0.05828
-0.01133
0.06224
0.02819
0.03085
0.03208
-0.01665
-0.00858
-0.06501
-0.02440
-0.01803
-0.00851
-0.03010
-0.01343
-0.05982
-0.03927
0.03350
0.04107
-0.02690
-0.00851
-0.05718
-0.00999
-0.08317
0.01358
0.03470
-0.01470
-0.05340
0.07414
-0.01646
0.01427
0.01108
0.04058
0.03783
0.00987
0.09931
0.03893
-0.04043
-0.05189
-0.00895
0.07906
0.03236
0.01275
-0.02758
0.00283
-0.01544
-0.00495
-0.00998
-0.00738
0.01296
-0.00407
-0.04217
-0.06660
-0.06162
0.06022
-0.11158
0.04529
-0.07794
0.01034
-0.02568
-0.01627
0.03051
-0.07208
0.02953
-0.04360
-0.02192
-0.00167
-0.05598
-0.03349
-0.04210
0.01418
-0.02912
0.01935
-0.01589
-0.03734
-0.06460
0.05808
-0.00328
0.03100
0.07019
0.04459
0.04378
0.02563
0.05145
-0.04694
-0.01417
0.02686
0.00278
-0.01897
-0.02258
-0.00440
0.01597
-0.04369
0.01419
-0.01318
-0.04860
-0.03440
-0.03599
0.02123
-0.00916
0.07020
-0.09397
0.04477
0.02846
0.04022
0.02417
-0.01621
-0.06649
-0.04742
0.00310
0.01235
0.07442
-0.00010
0.05712
-0.03070
-0.03659
0.01168
0.05330
0.00625
0.00281
0.03357
0.09001
0.01065
-0.01453
-0.02420
-0.00437
-0.05292
0.00790
-0.01142
-0.05386
-0.01766
-0.04552
0.06516
0.07012
-0.04091
0.01739
-0.04942
0.03881
0.00874
0.03167
-0.05426
0.00964
0.02916
0.05864
-0.03319
0.04104
0.00616
0.08599
-0.00050
0.06360
-0.03283
-0.03845
0.00422
0.03590
0.02120
-0.03436
0.00509
0.03859
-0.02859
0.01566
0.03328
0.01705
0.00854
-0.04231
-0.00934
0.07168
-0.01546
0.00883
-0.01124
-0.02103
-0.00442
-0.06329
-0.03653
-0.02051
0.06268
0.00850
0.01695
-0.02296
-0.01132
-0.01856
-0.06353
0.01585
0.01750
-0.02071
-0.05955
0.03652
-0.01456
-0.02011
0.00171
0.01655
-0.07901
0.01967
-0.06680
-0.06472
0.03035
0.02486
-0.02739
0.04125
0.02296
-0.05011
-0.00301
0.00548
0.00290
0.03145
-0.01701
-0.04684
0.03228
-0.00168
-0.06467
-0.04462
-0.08136
-0.01289
-0.08930
0.03997
-0.03407
0.01714
0.05716
-0.00730
0.05689
-0.07700
-0.02126
0.00026
0.02051
0.02006
0.00408
-0.00290
-0.02043
0.02452
-0.01751
0.00959
-0.03406
0.02606
0.01466
-0.02410
-0.00252
-0.01066
0.04043
-0.06212
0.03287
0.07998
0.05365
-0.01485
-0.05255
0.02801
0.04489
0.01953
-0.01353
0.06766
-0.04799
-0.06214
-0.05173
-0.02832
0.06746
0.03219
0.02157
-0.00744
-0.05988
-0.06508
0.01791
-0.08176
-0.06809
-0.02750
0.01228
-0.00226
-0.04768
-0.00069
0.06786
-0.01693
0.00275
-0.00336
0.02584
0.05171
0.02322
-0.03367
0.01188
-0.05344
-0.02820
0.02913
-0.04838
0.02228
0.04071
-0.00688
0.00271
0.02266
0.03384
0.05212
-0.04594
0.02780
0.03596
0.01469
0.07636
0.03848
-0.03267
0.04400
0.00067
0.02930
-0.02721
-0.00822
-0.03212
0.02415
0.03304
0.02681
0.00206
0.04730
-0.04525
-0.00199
0.01614
-0.00843
0.02411
-0.02897
0.03356
-0.01628
0.08920
-0.02351
0.00430
0.03183
0.07186
-0.01330
0.06191
-0.05256
-0.02514
0.02106
-0.00783
-0.09145
-0.08542
0.04452
-0.02967
0.10514
0.04383
-0.02801
-0.03223
-0.00558
0.03840
0.03769
-0.02540
0.01439
-0.02629
0.01671
-0.00464
0.06281
0.05977
-0.00347
-0.07588
0.05755
0.03194
0.00948
-0.01280
0.01932
-0.03477
0.00373
-0.04014
-0.07111
-0.00829
0.02290
0.02195
-0.00048
0.00393
-0.00613
-0.04356
-0.00997
-0.08000
0.05236
-0.01329
0.05202
0.03713
0.01897
-0.05370
-0.01526
-0.05359
-0.02220
-0.10175
-0.01722
0.01433
-0.07743
0.06015
-0.06627
-0.03622
0.06218
-0.06780
0.03563
0.00436
0.02046
0.02365
-0.00598
0.03846
0.05031
0.00266
-0.04493
0.01213
-0.03814
0.03792
0.02042
-0.01995
-0.06285
0.00090
0.03262
0.03835
-0.01754
0.00515
0.04073
0.06350
0.00019
-0.04263
-0.01312
0.09644
-0.07897
0.00108
0.05590
-0.01491
-0.06686
-0.03405
-0.07354
-0.00005
-0.05124
0.02862
-0.02028
0.01048
0.00429
0.07504
-0.01367
0.04425
0.00759
0.07124
-0.03037
-0.01218
0.03559
0.00928
-0.01886
0.01817
0.05237
0.04226
0.00985
-0.03686
0.01174
0.02332
-0.01439
-0.09870
0.04937
0.00837
-0.08905
0.04246
-0.03975
-0.05248
0.00892
0.00268
0.00311
0.03698
-0.00964
-0.02453
0.01149
-0.05033
-0.00288
-0.04573
-0.01066
-0.02844
-0.05928
0.02779
-0.03126
0.04456
-0.06592
0.01484
-0.06536
-0.01113
-0.00247
-0.03719
-0.00834
0.01588
-0.00463
0.02500
-0.03486
-0.05290
-0.02158
-0.04806
0.05815
0.05955
-0.05281
-0.05716
0.02277
-0.01670
-0.02823
-0.03611
-0.05432
0.02600
0.00769
-0.02404
-0.02063
0.03155
0.03279
0.09703
-0.09343
-0.05529
-0.01306
0.01273
-0.05755
0.08557
0.10408
-0.03466
0.08906
0.00116
0.00902
-0.01034
