0.00790
-0.05873
-0.07638
0.01207
-0.03800
0.03094
-0.03113
0.02793
-0.01778
-0.01435
0.05975
0.00517
0.04300
0.04638
0.08072
-0.03972
-0.05636
0.02423
0.02052
-0.02658
-0.07725
0.03823
0.01177
-0.00736
-0.01323
-0.03759
-0.12350
0.00716
0.01805
-0.03747
0.00934
0.04342
0.04644
-0.03773
-0.01550
0.00787
-0.00037
0.05652
0.03571
-0.01115
-0.02280
-0.00218
-0.00716
-0.03945
0.06527
0.01724
0.01413
-0.03188
-0.02363
-0.03310
-0.01515
-0.04534
-0.05001
-0.03603
-0.04225
0.07941
-0.02845
0.00150
0.04323
-0.00016
-0.05506
0.05963
-0.05745
0.00140
-0.03461
0.04825
0.01728
-0.06012
-0.04648
0.01180
-0.00101
-0.00279
0.02012
0.01173
0.00101
-0.07518
-0.00276
-0.00625
-0.00300
-0.01530
0.07050
0.11112
-0.04203
0.05217
0.06570
-0.00012
0.01288
0.04923
-0.08369
-0.02888
0.02842
0.00581
0.09974
-0.03820
0.02490
0.00758
-0.04396
0.00169
0.00386
0.01419
0.02544
0.05796
0.07917
-0.01336
0.00503
-0.03779
-0.06256
-0.05326
-0.06449
-0.02449
-0.01968
0.06590
-0.04958
-0.01310
0.00121
0.02027
0.09320
0.03210
-0.04833
0.03323
-0.10776
-0.00813
0.01680
0.00745
-0.00929
0.00559
0.03370
-0.03046
0.01787
-0.03335
0.01713
-0.04004
0.03399
0.01601
-0.00407
0.02046
0.02254
0.02687
0.07122
0.01981
-0.02878
0.03238
0.03072
0.00020
0.06416
-0.01448
-0.12704
0.04327
0.03259
0.00316
0.06180
-0.01629
-0.00781
-0.01146
0.06434
-0.03639
0.00313
-0.01663
0.00330
-0.07837
-0.03454
-0.01291
0.02244
-0.01941
0.02711
-0.08052
-0.01957
-0.01007
-0.00584
0.06488
-0.07463
0.04575
-0.01036
-0.04462
-0.03429
-0.00703
0.07524
0.05041
-0.00483
0.01869
0.01936
-0.05603
-0.01179
0.02298
0.00135
0.01023
0.04947
0.02480
0.00539
0.01111
0.05052
-0.00600
0.11258
0.04368
0.04274
0.05948
0.01226
0.01809
-0.00462
0.00246
0.03524
0.04929
0.08313
-0.04813
-0.00618
0.05343
-0.01890
0.02663
0.08903
0.06531
-0.01377
-0.00016
-0.09758
0.02387
-0.00911
0.00976
-0.03335
-0.05256
-0.03609
-0.03318
0.02884
0.08379
0.00039
0.01453
-0.01142
-0.04744
0.02894
0.03856
-0.06933
0.06957
-0.01662
-0.00748
-0.03899
-0.03027
-0.06349
0.01169
0.01027
0.00714
0.04660
-0.03548
-0.03636
0.05178
0.03377
-0.01837
-0.07719
-0.02780
-0.05848
0.04191
-0.04535
0.14453
-0.01167
0.01714
-0.06432
0.02578
0.02576
0.02545
-0.01204
-0.01146
0.05017
0.00039
-0.06596
-0.03939
0.04608
-0.01601
0.01912
-0.03017
0.04802
0.02722
0.01371
-0.04776
-0.07010
-0.04501
0.01004
0.06625
-0.02407
-0.06873
-0.01713
-0.03556
0.01043
0.04352
-0.01924
0.07970
-0.06436
-0.10886
0.08575
0.05920
0.01679
0.01216
-0.01067
-0.07393
0.07087
0.04631
0.04766
0.05328
-0.02203
-0.01914
0.04997
-0.01611
0.03692
-0.00689
-0.01813
0.05790
0.03006
-0.06201
0.00506
0.01051
-0.01732
-0.01804
0.01544
0.00534
-0.06015
0.04816
0.06268
0.00796
0.01365
-0.00362
-0.01537
-0.02811
0.00777
0.03107
-0.00921
-0.03430
-0.02059
-0.02442
0.05089
-0.01826
-0.02374
0.01347
0.00625
0.00625
-0.02281
0.00813
-0.03544
0.00223
-0.02844
-0.02573
-0.05075
-0.00649
-0.02884
0.00644
0.07188
0.00192
0.01198
-0.00461
0.02614
-0.01084
0.00466
0.00425
0.03666
0.11076
0.06294
-0.04960
-0.07591
0.05744
0.02371
-0.01342
0.00166
-0.04958
0.00392
-0.04916
-0.01920
-0.00540
-0.02647
0.00891
-0.02540
0.00355
0.05656
0.01731
-0.08772
-0.06069
-0.00529
-0.05131
-0.04080
0.00498
0.02717
0.04215
-0.00489
-0.00041
0.01024
-0.03634
-0.04713
-0.07914
-0.02114
0.08123
-0.00386
-0.10279
-0.02014
-0.04701
-0.01946
-0.07039
0.06862
-0.01593
0.08131
-0.09307
0.06424
0.06832
0.03490
-0.00562
-0.02096
0.06317
-0.05969
0.00971
-0.00762
0.02434
0.03465
0.03206
-0.00676
-0.01502
0.03663
-0.05878
0.02140
0.01625
0.06472
-0.07421
0.01948
0.07402
0.06006
0.06438
-0.05255
-0.00966
-0.01563
-0.06680
-0.08893
0.02176
-0.04933
-0.00030
0.06583
0.00026
-0.01217
-0.01363
0.01902
0.04391
-0.01542
-0.03882
0.00246
0.06761
0.02473
-0.06711
-0.05580
-0.02731
0.03197
-0.00352
0.00380
0.01236
0.05323
-0.00770
-0.00040
0.02881
-0.03038
0.01552
0.00247
0.04801
0.02764
0.00992
0.00714
-0.00005
0.01284
0.01096
0.04504
0.01214
-0.09076
-0.00304
0.00189
-0.03574
-0.01339
-0.05239
-0.05739
0.01933
-0.03850
0.07424
-0.03724
0.01092
0.00780
-0.05237
0.00100
-0.08536
-0.02121
-0.04455
0.08745
0.07199
-0.02611
-0.05310
-0.05253
0.02806
0.00753
-0.04169
-0.07384
0.00460
0.05192
-0.00723
-0.02482
-0.06995
0.01245
-0.01592
-0.01240
-0.08679
0.08762
-0.04677
-0.04562
-0.07043
0.00241
0.01912
-0.04658
-0.01136
-0.05509
0.01592
-0.00898
0.02154
0.03216
0.01371
-0.03097
0.00618
