-0.01958
0.06365
-0.01225
-0.00855
-0.01465
-0.11286
-0.02117
0.01064
0.02784
-0.05142
-0.05301
-0.06420
-0.06882
-0.02291
0.02382
0.00623
-0.01941
0.00885
0.00969
0.05588
0.03996
0.01082
-0.06148
0.00168
0.03264
-0.02022
0.06760
-0.00054
0.10170
-0.01870
-0.01066
0.00018
0.02024
-0.01297
0.03879
-0.03518
0.02350
-0.03538
0.11141
0.00610
-0.03138
-0.05802
-0.04125
-0.02767
0.01297
-0.00207
-0.05566
-0.02708
0.08629
0.10546
0.04627
0.02033
-0.10045
-0.03571
0.04900
0.00689
-0.01406
-0.01186
0.04387
-0.01327
-0.01000
-0.02124
0.00752
0.00304
-0.02473
0.01595
-0.02472
0.05760
-0.01330
-0.10666
-0.03866
-0.01224
-0.02000
0.04663
0.02940
-0.01227
0.05044
-0.05295
-0.05352
-0.00256
-0.01432
-0.01672
0.05471
-0.04140
-0.02640
-0.04538
0.02387
-0.01070
0.02636
0.07308
-0.02719
-0.04484
0.06547
0.01171
-0.13586
0.02198
-0.04496
0.00064
-0.03751
-0.03927
-0.02294
-0.01449
0.04716
-0.06422
-0.04422
-0.05315
0.01289
-0.03294
0.00159
-0.02409
0.02053
-0.04741
0.02174
0.10039
0.06421
0.02313
0.01578
-0.00676
-0.00574
-0.00694
0.02506
0.04947
0.03565
0.09193
0.01002
-0.02464
0.00512
-0.05457
-0.02838
0.06309
0.01191
-0.00621
-0.04596
-0.05519
0.02743
-0.04628
-0.00130
-0.00848
-0.01378
-0.02992
0.04211
0.01952
-0.04987
-0.01353
0.07802
0.05172
0.03089
-0.00073
0.01112
-0.03559
-0.01160
0.07246
0.05313
-0.05763
-0.02823
-0.04909
0.03512
-0.02659
0.00055
0.04228
0.02143
-0.06928
-0.00197
-0.03405
0.00618
0.00991
0.04188
0.04216
-0.02677
-0.01336
-0.00137
0.03341
0.04186
-0.04013
-0.03414
-0.09575
-0.05298
-0.05907
0.01403
0.05710
0.10868
-0.03157
-0.00419
-0.02613
-0.00883
-0.00405
-0.09093
-0.07936
-0.06107
0.06498
-0.04267
0.06191
-0.01761
0.04692
-0.00928
-0.03830
-0.02122
-0.03180
0.01784
-0.03758
-0.07495
-0.03894
-0.00641
0.05226
0.02428
-0.09431
0.01739
0.01089
-0.05935
0.08395
0.07735
0.00061
-0.01384
-0.00451
-0.05604
0.02354
-0.04408
-0.02795
-0.00395
-0.02419
0.03351
0.05651
-0.00348
0.00049
-0.02489
0.06177
0.01510
0.01079
0.05001
0.03477
-0.02383
-0.13442
0.02080
0.03515
-0.02294
0.07598
-0.04553
0.01522
-0.00002
0.02736
-0.00780
-0.00288
0.03207
-0.02011
-0.00802
0.02526
-0.08081
-0.01342
0.04409
-0.10236
-0.03821
0.01363
-0.05899
-0.01672
0.01087
-0.06825
0.04186
0.00503
0.02985
-0.03385
-0.00746
0.01381
-0.04104
-0.00102
0.05495
0.01422
0.00781
-0.02740
-0.04111
0.01025
-0.02552
0.02485
0.00041
-0.00240
0.05962
0.05328
-0.01592
0.01338
0.04088
0.05669
-0.06340
-0.05601
-0.00958
0.01453
0.05808
-0.01889
0.00833
0.03203
0.00122
0.03859
-0.05775
0.02098
-0.03230
-0.07738
-0.06884
0.07338
-0.05117
-0.02561
0.03194
0.04761
-0.05791
-0.02537
-0.00327
0.01972
-0.04718
-0.07702
0.11472
0.01151
-0.05356
-0.05598
0.00413
-0.00102
0.01200
-0.07567
-0.05416
0.00113
0.00868
-0.08476
0.01391
0.02426
0.00918
-0.01197
0.01380
0.04564
0.03272
-0.08059
0.05378
-0.04156
-0.06799
0.01625
-0.04983
-0.06116
0.01610
0.03671
-0.04984
-0.00973
-0.04736
-0.04431
0.06481
-0.03210
0.02034
0.01337
-0.05070
0.04024
0.04073
0.03553
0.00718
0.02588
-0.00341
0.07636
0.00871
-0.06315
0.01550
0.04734
-0.00590
0.03862
-0.03623
0.02911
-0.05839
-0.00477
0.01441
-0.01787
0.03382
0.03900
0.06134
-0.05981
0.01605
-0.01732
-0.05697
0.01451
0.01865
-0.01445
-0.02442
-0.07101
-0.03207
-0.00957
-0.05103
-0.02464
-0.06818
0.01485
-0.04525
0.08513
0.04554
0.04108
0.02613
-0.03432
-0.06488
0.03472
-0.06156
0.01700
-0.02537
-0.02759
-0.05591
-0.07091
0.01116
-0.03140
0.06624
-0.00082
-0.07160
-0.00755
0.05267
-0.07334
-0.06030
0.01972
-0.08076
-0.01938
-0.03981
-0.02150
-0.01322
0.02534
-0.07688
-0.01838
-0.04725
0.04057
-0.01721
0.00933
0.00206
0.08207
-0.02934
0.02139
-0.04279
0.04916
0.03540
-0.04581
-0.01664
-0.02867
-0.03171
0.01127
-0.02786
-0.01646
-0.00539
-0.04702
0.00457
-0.00341
-0.09263
-0.01824
0.03853
-0.04065
0.03191
0.06314
0.06477
0.05366
-0.06451
-0.05434
-0.03200
0.06163
0.07786
-0.05457
0.02762
0.03017
0.07699
0.02880
-0.02283
0.06504
-0.02457
-0.02633
0.02122
-0.04695
0.00876
0.10177
-0.01800
-0.07473
-0.01854
-0.02808
-0.03929
0.05691
-0.00177
-0.01329
0.09596
0.02057
-0.02106
0.12598
0.05399
-0.02309
0.08809
0.01666
-0.07572
-0.01823
-0.00588
-0.00395
-0.00576
0.01852
0.03474
0.09822
0.04916
-0.02037
0.03837
0.00256
0.03017
0.02035
-0.00066
-0.00199
0.00429
-0.02874
0.01649
0.04783
0.01961
-0.00303
-0.03137
-0.05216
0.04061
0.00689
-0.03979
0.01303
0.04407
0.02738
-0.01918
-0.00586
-0.03181
-0.00692
0.08957
-0.03434
