-0.02092
0.08393
0.01520
-0.01840
-0.01057
-0.10872
0.01081
-0.05678
0.04693
0.00935
-0.05336
-0.06030
-0.08350
-0.01839
0.04714
0.02022
0.00492
-0.00988
-0.01814
0.11963
0.01143
0.00662
-0.04392
0.00776
0.01451
-0.05852
0.02410
-0.02319
0.00960
-0.01227
-0.05926
0.02891
-0.04968
0.04203
0.06087
-0.04814
0.03874
-0.05872
0.05093
0.02765
0.01876
-0.03887
-0.03170
-0.01547
-0.03855
0.02232
-0.01291
-0.01975
0.05477
0.11041
0.08313
-0.02130
-0.10500
-0.02734
0.04357
-0.07653
-0.06198
-0.01253
0.04369
0.02306
-0.02828
-0.01128
0.04566
-0.00754
-0.00838
0.00017
-0.00988
0.04340
0.01136
-0.06715
-0.00095
-0.00334
-0.02968
0.04396
0.00786
-0.02499
0.04038
-0.04040
0.03331
0.01409
0.01443
-0.02851
-0.00224
-0.06573
-0.05355
-0.02289
0.01510
-0.04275
0.00688
0.05799
0.00028
0.02071
0.04021
-0.04012
-0.10872
0.00080
-0.00164
0.03736
-0.02032
-0.04967
-0.02214
0.02370
-0.01728
-0.04046
-0.04522
-0.01871
0.04629
0.00284
-0.03468
0.00627
0.00438
-0.10872
0.07364
0.11261
0.01270
0.00428
0.03156
-0.00186
-0.04559
-0.02005
0.01722
0.08897
0.04137
0.05049
0.06212
-0.02031
-0.00123
-0.02904
-0.06689
0.07417
-0.03175
-0.04752
-0.02238
-0.06678
0.03135
-0.05596
-0.04791
-0.01575
-0.00925
0.02254
0.07665
0.01175
-0.01054
0.03006
0.02791
0.07594
-0.00739
0.02728
0.01304
-0.01825
-0.02426
0.05412
0.01567
-0.01939
-0.05286
-0.07591
0.02980
-0.02331
-0.07902
0.05484
0.03305
-0.04114
0.00470
0.01099
-0.02002
0.01654
0.00549
0.01091
-0.00004
-0.06331
-0.02299
0.02847
0.04544
0.01095
-0.03913
-0.06545
-0.00667
-0.02623
0.02035
0.01509
0.03708
-0.00882
0.03848
-0.01291
-0.05309
0.01466
-0.04630
-0.05231
-0.03693
0.07529
0.00552
0.05341
0.02670
0.08796
-0.01442
-0.02171
-0.01100
-0.03794
0.02073
-0.06190
-0.06116
-0.06770
0.00071
0.07824
0.07610
-0.08308
0.05874
0.06788
-0.05965
0.07921
0.02578
0.01511
-0.02393
-0.02623
-0.02588
0.00675
0.02257
-0.04590
-0.04495
0.05892
0.03725
0.05774
0.00606
-0.01925
0.02453
0.11457
0.04994
0.02532
0.01790
0.09924
0.00731
-0.09892
-0.00484
0.02225
-0.02755
0.07531
-0.08214
0.02007
-0.01062
0.03049
0.02647
-0.00549
-0.00508
0.01713
0.00325
0.02026
-0.03027
0.02707
0.10836
-0.10524
-0.04298
0.03903
-0.04156
-0.06598
-0.02270
-0.05061
0.00627
-0.01928
-0.07319
-0.00660
0.00375
0.02613
-0.03526
-0.02876
0.04350
0.04572
-0.05934
0.00916
0.00036
-0.01886
-0.00858
-0.01300
0.00327
0.03036
-0.01287
0.04426
-0.03407
-0.00172
0.07213
0.05962
-0.05580
-0.01066
0.00736
0.04217
0.02819
-0.05840
-0.01009
0.02426
-0.02865
0.07546
-0.10693
0.05720
0.02688
-0.07888
-0.01010
0.02461
-0.06545
-0.02333
-0.00858
0.00211
-0.04498
-0.02767
-0.05033
0.02664
-0.00563
-0.02943
0.10245
-0.02872
-0.01276
-0.01486
0.02542
0.04187
-0.00687
-0.08682
-0.00792
-0.06439
-0.03935
-0.02581
0.00586
-0.01197
0.00996
0.02012
0.04351
0.07333
0.02991
-0.05929
0.00175
-0.01133
-0.08420
0.05476
-0.06954
-0.02262
-0.00662
-0.00038
-0.04322
-0.00508
-0.02446
-0.03129
0.07266
0.00227
-0.01144
0.01254
-0.07667
-0.00638
0.04860
0.05225
-0.02282
0.03269
-0.02697
0.05203
-0.00625
-0.04141
0.01537
0.02819
-0.04053
0.03906
-0.02955
0.04515
-0.01500
-0.00333
0.05332
0.01476
-0.00956
0.00603
0.03718
-0.06777
-0.04788
-0.00784
-0.06185
0.01247
-0.02540
0.01487
-0.01661
-0.00364
-0.02495
0.03379
-0.05296
-0.02080
-0.06412
0.05636
-0.00385
0.06931
0.03570
-0.01178
0.03901
0.01106
-0.04848
0.08895
-0.03490
0.04522
-0.03458
0.00136
-0.05512
0.00779
0.00012
-0.08925
-0.00488
-0.03272
-0.06398
-0.00496
0.04843
-0.07393
-0.03843
0.02067
-0.06010
-0.08915
0.00982
-0.03505
-0.00983
0.01900
-0.10868
-0.05272
-0.02603
0.06471
-0.04317
0.02363
-0.03769
0.04001
-0.02528
-0.01153
-0.04008
0.02055
0.01917
0.01481
0.04542
-0.01526
0.00010
-0.01803
-0.05244
-0.00247
-0.03250
-0.07844
0.07352
-0.06056
-0.01318
0.00231
0.00122
-0.04314
-0.01279
0.04575
-0.02437
0.00434
0.02008
0.03918
-0.02446
0.05460
0.12809
-0.07296
0.04974
0.00491
0.01621
-0.01128
-0.00970
0.02261
-0.04780
0.02011
0.02674
-0.03482
-0.00909
0.02919
0.02445
-0.06458
-0.01054
-0.03927
-0.09437
0.04355
0.01871
-0.02550
0.09798
0.02066
0.04223
0.12015
0.01247
0.01913
0.08222
0.06868
-0.04612
0.01764
-0.00243
0.04069
-0.02121
0.04721
0.03934
0.09798
0.07425
-0.02936
0.03257
-0.01473
0.05425
0.01960
-0.03214
-0.02192
-0.02698
-0.02801
-0.00303
0.04027
0.04017
0.03838
-0.00085
-0.01429
0.04239
-0.01488
-0.01579
0.04434
0.03204
0.02658
-0.07694
-0.00661
-0.01364
0.00752
0.05264
-0.01222
