-0.01917
-0.03608
-0.11891
0.00336
0.03060
-0.03343
0.06007
0.06530
0.00053
-0.06312
-0.00469
0.06311
0.01761
-0.05178
0.01670
0.03785
-0.00097
-0.04253
-0.01482
-0.01349
-0.07454
-0.02113
-0.06785
-0.05466
0.01828
-0.09718
0.00117
-0.05086
0.06191
0.03045
0.04304
-0.03175
0.01230
0.04098
-0.06435
0.00339
0.02361
-0.00475
-0.01113
0.08251
0.01781
-0.02606
0.01931
0.00013
0.00972
0.03832
0.01923
0.00100
0.02907
-0.01879
0.01694
0.04615
0.02832
-0.03644
-0.05760
0.02609
-0.01806
0.01959
-0.01451
-0.02822
-0.06055
0.05146
-0.04681
-0.02956
-0.03002
0.06158
-0.04962
0.00024
-0.02956
-0.10099
-0.03749
-0.02685
-0.01204
-0.02766
0.03696
-0.03134
0.00698
-0.06554
-0.07638
0.01857
-0.07368
0.00589
-0.00449
-0.01535
0.04508
-0.05489
-0.02230
0.01302
-0.00666
0.02433
0.04934
-0.01456
0.03803
-0.08776
-0.00708
-0.03488
-0.00086
0.01232
-0.06191
0.03928
-0.00954
0.03458
0.09726
-0.02560
-0.00229
-0.02583
-0.01015
-0.01048
0.03530
-0.00383
0.04082
0.04463
-0.07171
-0.00071
0.04119
0.01711
0.02766
-0.00988
0.00851
-0.00527
-0.05412
0.05259
0.03908
-0.00157
-0.01073
-0.03040
0.02636
-0.07190
0.02420
-0.01212
-0.01896
0.01177
0.06388
0.00373
-0.03217
-0.03301
0.00123
-0.00645
0.07062
-0.00069
0.01141
0.01104
-0.06596
0.06719
0.10476
-0.00976
-0.05722
-0.00359
0.07451
0.00406
0.07316
-0.01189
0.00804
0.00981
0.05721
-0.00009
0.07580
0.01272
0.04574
0.06707
0.06107
-0.03730
-0.00386
-0.02779
0.02483
0.07470
-0.00996
0.04178
-0.01371
0.01373
-0.01211
0.06548
0.03741
-0.01048
0.02526
-0.00041
0.04102
-0.09923
0.01068
-0.01189
0.00679
-0.03699
-0.05138
-0.01436
-0.01258
0.06308
-0.00110
-0.00502
-0.03043
0.03248
-0.03518
-0.05583
0.00092
-0.03228
0.02527
-0.02650
0.08669
0.03953
0.00202
-0.01355
-0.05915
-0.08368
0.04634
-0.08392
0.04154
0.00618
0.01542
-0.00849
0.01439
0.08823
-0.05339
0.00690
-0.00329
-0.02356
-0.00517
0.03003
-0.08251
-0.02261
0.03056
-0.06981
-0.04435
-0.04652
-0.02486
-0.04915
0.01870
-0.02950
0.03954
-0.01021
-0.00773
0.07162
-0.06338
-0.03715
0.01778
-0.03644
-0.01527
-0.00421
0.03826
0.00495
-0.00624
-0.04774
0.06005
-0.03749
0.04947
-0.07468
0.01591
-0.00273
-0.02965
0.00504
-0.08276
-0.03470
0.03940
0.07939
-0.01179
-0.00273
0.03281
-0.00653
0.07046
-0.03465
0.09888
0.00592
-0.02678
0.02131
-0.05728
-0.02079
0.04687
0.00979
-0.02441
-0.01885
-0.07181
-0.06426
-0.11366
0.02629
-0.05429
-0.01525
-0.01936
-0.03657
-0.01237
-0.01845
-0.00590
0.02970
-0.00547
0.04851
0.04205
-0.00125
-0.03259
-0.05175
-0.02728
0.01461
0.02778
0.00089
-0.04890
0.01064
-0.00348
-0.01525
0.02689
0.04140
0.01251
-0.00849
0.04540
0.08283
0.02607
0.01698
0.01021
-0.05655
-0.02429
-0.03320
0.05210
-0.04722
-0.01104
-0.02276
0.00496
0.00779
0.00363
-0.04738
-0.00560
-0.03547
0.02211
-0.01009
0.02212
-0.01600
0.04667
-0.01856
-0.02822
0.03162
0.03306
-0.02329
0.03531
0.00711
-0.02765
0.03624
-0.00741
0.03023
0.01661
0.04160
-0.07431
-0.00677
-0.02260
-0.04216
0.09244
0.05691
0.03360
-0.04851
0.00250
0.03064
0.00347
-0.05746
0.03787
-0.05376
0.01182
0.00730
-0.00613
0.03182
0.03902
-0.04175
0.05167
-0.01160
0.02473
0.04129
-0.02933
-0.04254
-0.02872
-0.06443
-0.05263
-0.00644
0.04327
0.03919
-0.00768
0.00773
-0.02617
0.00141
0.01594
-0.10238
-0.01863
-0.04212
-0.01078
-0.03367
-0.01265
-0.02645
-0.02589
-0.04221
-0.11009
-0.04079
-0.07106
-0.01224
-0.06434
0.04117
-0.00572
-0.00667
0.03912
-0.05652
0.04296
0.03467
-0.03890
-0.02324
0.03255
0.03598
0.09472
0.01383
0.01211
0.01493
0.05573
0.04285
-0.00130
-0.00818
-0.08721
0.01085
-0.01658
-0.04098
-0.05878
-0.04530
0.00700
-0.02282
-0.02945
-0.07194
-0.03274
0.01921
0.00313
0.04996
0.00615
-0.00296
-0.03601
0.07099
-0.02778
0.03945
-0.03301
-0.01931
-0.02313
0.07415
0.03304
0.02234
-0.02482
0.04314
-0.02355
0.02765
-0.05559
-0.06951
0.02906
0.00925
-0.02293
-0.00367
0.02174
-0.00361
0.04264
-0.00336
-0.01247
0.04042
0.06481
-0.10648
-0.00449
-0.00780
-0.01338
-0.00106
-0.02219
0.00081
-0.01702
-0.01334
0.05506
-0.00674
-0.00801
0.02143
0.01878
-0.01758
0.02943
-0.09718
-0.05574
-0.00708
0.00208
0.00954
0.00920
0.00452
0.00591
0.06055
0.02422
-0.01916
-0.00214
-0.01681
-0.04276
-0.00510
0.07522
0.00389
-0.04720
-0.03040
0.01318
-0.03502
0.07903
0.00744
-0.06512
-0.04974
-0.01069
0.01011
-0.00985
-0.02352
-0.01932
-0.01927
0.04601
0.00552
0.00119
-0.02295
0.05417
0.06175
-0.04783
-0.02209
-0.05371
0.02366
-0.05018
0.07621
0.08792
0.00347
0.04088
-0.00437
0.01343
-0.01547
