0.04473
-0.04543
0.00663
0.03906
0.03697
0.01450
-0.06257
-0.05380
0.02023
-0.00605
0.06627
0.04390
0.00260
0.03713
-0.03198
-0.05987
0.02725
0.09155
-0.02504
0.08790
-0.00418
0.07230
0.07925
-0.08949
-0.06250
0.00650
0.01773
-0.02579
-0.01050
-0.00525
0.05756
0.04239
0.01516
0.05942
-0.00083
-0.05730
-0.05788
-0.06729
-0.02068
0.02460
-0.00896
-0.05876
-0.01270
-0.00566
-0.05622
-0.01205
-0.00671
0.05175
-0.10070
-0.00937
0.00695
-0.02944
0.08449
0.08130
-0.00886
-0.06532
-0.04439
0.05259
-0.01898
-0.00960
0.03030
0.06994
-0.01522
0.06853
0.02761
-0.02079
-0.00583
-0.05040
0.02709
0.02104
0.00744
0.04170
-0.01035
0.02481
-0.01531
-0.03975
-0.01979
-0.06814
0.00940
-0.01883
0.05445
0.02119
-0.02197
-0.01339
0.04910
0.01960
0.05095
-0.02648
-0.06119
-0.00582
0.06816
-0.01618
0.05894
-0.01977
0.03812
0.06880
0.05097
0.09406
-0.02325
0.00493
0.05005
0.08240
0.02248
0.05252
0.04617
-0.00888
0.02264
0.03367
-0.02639
0.00477
0.10686
0.00552
-0.04300
-0.06591
-0.02784
0.01724
0.00975
0.02720
0.02247
0.07950
0.00649
0.03732
-0.07680
-0.00268
-0.05800
0.00293
0.05536
-0.06546
-0.03857
-0.05549
-0.00734
0.03388
-0.03601
-0.01970
-0.07427
-0.00910
-0.07305
-0.05171
0.02389
0.06918
-0.02623
0.06330
-0.04900
0.03959
0.00821
-0.04140
-0.03142
0.01142
-0.03506
-0.03068
0.04325
0.03552
-0.06123
0.06015
0.07190
-0.02649
-0.03422
0.00519
-0.04075
-0.04421
0.01829
0.06780
0.03451
0.02062
0.03939
0.03344
-0.03825
0.01099
-0.08262
0.02455
-0.05703
-0.00282
-0.00763
-0.01540
0.02927
0.02607
-0.10140
0.03644
-0.03432
0.06574
0.00019
-0.00012
-0.05546
0.01580
0.07926
0.06222
0.02548
0.03145
0.02280
0.03419
0.02198
-0.05017
0.02433
-0.05260
0.03100
-0.00472
-0.05753
0.03120
0.04900
0.00086
0.11910
-0.03840
-0.05205
-0.00571
0.01182
-0.00039
-0.01337
-0.00671
0.02828
0.05483
-0.03225
-0.00657
0.00521
0.00813
-0.04737
0.01653
0.05688
0.07035
0.00266
-0.03254
-0.05286
-0.02647
0.04647
-0.00374
0.07564
0.03923
0.00976
0.01198
0.01708
-0.03783
0.10792
0.01003
0.03351
-0.01218
-0.00724
-0.03067
-0.09963
-0.01533
0.05973
0.02927
0.00616
-0.03378
-0.01950
0.01993
0.04428
0.04214
0.01584
0.00549
-0.00882
0.02434
-0.02725
-0.04350
0.07474
-0.01722
0.07965
-0.01122
0.01742
-0.01333
0.01203
0.03636
-0.05673
-0.01637
0.05525
-0.04397
-0.02380
-0.03083
0.04519
0.02986
0.03651
-0.03632
0.04936
0.04328
0.07556
-0.02559
0.04828
0.09717
0.06225
0.00580
0.00065
-0.04059
0.03398
0.03029
-0.01668
0.00700
-0.02951
-0.04618
-0.01388
-0.02095
-0.02681
0.02616
-0.02987
-0.04696
0.03033
-0.03862
-0.02024
-0.02616
-0.04799
-0.03594
-0.02648
-0.02447
0.08062
0.01635
-0.00961
0.07145
0.04903
-0.02704
-0.06364
-0.01128
-0.07247
-0.00169
-0.03515
0.03882
0.05864
0.05351
0.05209
0.00266
-0.08134
0.01369
0.06302
0.07712
0.03011
0.00902
0.00397
0.04482
-0.01037
-0.02896
0.01836
0.03827
0.03871
-0.00127
0.00544
0.00048
-0.00891
0.04611
0.04684
0.01813
0.05283
-0.06193
-0.03001
-0.01832
0.06933
-0.04386
0.02226
-0.06878
0.04887
0.02886
-0.02234
-0.00761
0.03337
-0.02438
-0.01945
-0.06997
0.00457
0.01479
0.03472
0.02293
0.02877
-0.04914
-0.00999
0.08763
0.00800
-0.04670
-0.02098
-0.00448
0.00931
-0.04317
-0.05907
-0.01385
-0.02229
-0.05939
-0.04135
-0.01971
-0.04506
0.03935
0.04507
0.07466
-0.07296
0.08758
0.00267
0.07818
-0.01220
-0.02316
-0.04200
-0.02149
0.01231
-0.06126
0.00639
0.05650
0.04727
0.07789
-0.04377
0.05665
-0.01075
0.04972
-0.01119
0.03817
-0.03267
0.07442
0.06613
-0.07309
-0.01375
0.00387
0.05940
-0.05174
0.04284
-0.02938
-0.07862
-0.00579
-0.02183
-0.08178
0.06730
-0.02206
0.06786
0.00002
-0.05626
-0.07520
0.05370
0.06318
0.01556
-0.09909
0.02488
-0.02691
-0.04773
0.06672
0.01464
-0.00500
-0.01113
-0.03448
-0.00176
-0.07917
-0.01612
0.02167
0.01282
-0.00736
0.02363
-0.02033
-0.01387
-0.05692
-0.06384
-0.02352
-0.01602
-0.00501
-0.02749
0.07818
-0.06173
0.01758
-0.04324
-0.00581
0.03212
-0.01900
-0.01883
0.01092
0.01827
0.01187
0.00035
0.01025
-0.06100
-0.00587
0.04987
0.05819
0.00681
0.00160
-0.01038
-0.00044
0.04539
0.01986
0.01150
-0.06184
0.04237
0.07029
0.05055
-0.01440
-0.00681
-0.02324
-0.09483
-0.00884
0.05122
-0.08199
0.01556
0.01096
0.04106
0.04033
0.00860
0.02798
-0.03551
-0.05170
0.02150
0.07120
0.04248
-0.10122
-0.02229
-0.00139
0.00075
0.06226
0.05563
-0.01587
-0.01778
0.00165
0.04780
0.00428
-0.03500
0.01420
-0.03882
-0.02990
0.04025
0.01769
0.03117
-0.05114
-0.04898
-0.03578
0.07761
0.00081
