-0.00042
-0.01379
-0.05179
-0.02305
0.05997
0.03390
0.07333
0.00335
0.00748
-0.04601
-0.01140
0.04451
0.01102
0.01594
0.00441
0.05132
0.04330
-0.04792
0.01674
-0.02858
0.02385
-0.03602
0.01450
0.00862
0.06033
-0.06676
0.00568
-0.03037
0.01839
-0.00272
0.01145
-0.02880
-0.02733
0.04254
-0.00683
0.00246
0.03306
-0.06744
0.00549
0.00664
-0.01104
0.03092
0.00338
-0.00858
0.05169
0.06117
0.02698
-0.04415
0.03031
0.00861
0.01729
-0.01072
0.01365
-0.02516
-0.05129
-0.03075
-0.00603
-0.01004
-0.01937
0.01946
-0.02214
0.02172
-0.02724
0.00828
-0.03053
0.02404
-0.03870
0.02259
0.01233
-0.05660
-0.06615
-0.03245
0.02830
0.04789
0.06122
0.02027
0.04512
0.01850
-0.06459
0.03223
-0.03953
-0.02765
-0.04211
-0.03727
0.04549
-0.02374
-0.03150
0.00546
-0.01366
0.03538
0.02248
0.00566
0.03859
-0.03618
0.01856
-0.01543
-0.01784
0.04172
-0.00655
-0.00325
0.01444
0.05243
0.03975
-0.02728
0.02284
-0.03922
-0.03512
-0.01350
0.00747
-0.03896
0.04318
-0.00364
0.01297
-0.04683
0.03012
-0.03490
-0.02813
-0.04514
0.04947
0.01957
0.00546
0.07348
0.05554
-0.04006
0.02344
-0.03172
0.02455
-0.03361
0.04801
-0.03005
-0.00020
0.06904
-0.01315
0.00567
-0.02005
-0.01093
0.02893
-0.02441
0.00291
-0.01539
0.00852
0.01503
-0.05734
0.01214
0.04717
-0.08159
-0.04592
0.01554
0.07093
-0.02967
0.00076
-0.02019
0.00396
0.04679
0.01536
0.02523
-0.00399
0.04356
0.05108
-0.00555
0.03569
0.01599
-0.02542
-0.02024
0.07236
0.04336
0.02644
0.03624
0.00005
0.00954
-0.02482
0.03042
0.01383
-0.06330
0.07419
-0.01676
-0.02420
-0.05473
0.01145
0.01166
-0.00569
0.00024
-0.06696
-0.01374
-0.05634
-0.01418
-0.01351
-0.04817
-0.02901
0.05200
-0.03717
-0.06203
0.02987
-0.02020
0.00080
-0.06624
0.04072
0.03650
0.00344
0.00389
0.01536
-0.04973
0.04652
-0.00718
0.04216
0.03483
-0.02090
-0.07441
0.01274
0.06023
-0.01382
0.00061
0.00414
-0.06543
0.02325
0.02387
-0.03407
-0.05784
0.05335
-0.06731
-0.03073
-0.05959
0.01740
-0.04400
0.03304
-0.00867
0.04642
0.01768
0.00653
0.03452
0.00085
-0.00995
-0.01178
0.04392
0.08677
-0.02445
0.02161
-0.08843
0.00563
0.04938
0.04986
-0.00562
0.06792
-0.02319
0.02966
-0.00930
-0.04754
-0.00228
-0.06568
-0.00244
0.03760
0.05844
-0.00105
-0.03919
0.01882
-0.07390
-0.00046
-0.01256
0.05204
-0.01647
-0.08814
0.01973
-0.01366
-0.00852
0.01589
0.03132
-0.02622
-0.01515
-0.03017
-0.04872
-0.05408
0.03363
-0.00897
0.02664
0.00462
-0.06237
-0.02413
0.06194
-0.06384
-0.04863
-0.00853
0.03952
0.08960
0.00649
-0.00756
-0.09316
0.01457
-0.03650
-0.02848
0.01477
-0.02647
0.00351
-0.06142
-0.04625
0.03467
0.04375
-0.01438
0.03243
-0.02979
-0.00381
0.06727
0.02791
-0.03566
0.02698
-0.00718
0.02510
-0.04257
-0.02241
0.06363
-0.01094
-0.04624
-0.01490
0.00783
-0.01525
0.01270
-0.03153
0.01344
0.04181
0.02648
-0.02837
0.01227
-0.02975
-0.03381
-0.05626
0.00102
0.03870
0.02627
-0.00228
-0.03562
-0.01021
-0.04332
0.01995
0.00183
0.05742
-0.05581
-0.03645
0.00570
-0.01958
0.07892
0.03198
0.05203
-0.01804
0.01634
0.02332
0.00163
0.01365
0.07251
-0.05064
-0.05670
-0.03787
0.02305
-0.00520
0.06663
-0.01242
0.06076
0.00686
0.03690
-0.00233
-0.05558
-0.04014
-0.00004
-0.10467
0.00269
0.00214
0.01677
0.03866
-0.01454
-0.06652
-0.00845
0.03171
-0.04511
0.01434
-0.01304
-0.01146
0.01945
0.03375
0.03030
-0.03268
-0.00106
0.06693
-0.08051
-0.04822
-0.04337
-0.00388
-0.03078
0.08435
-0.01169
0.06159
0.01657
-0.01091
-0.03078
0.09180
0.01331
0.04543
0.03290
0.05633
0.07666
0.02111
0.03093
0.00070
0.02828
-0.04785
0.03012
-0.05659
-0.04187
-0.01064
-0.01568
0.00790
-0.00833
-0.04601
0.06508
-0.03553
-0.03882
-0.02129
-0.05694
-0.05548
0.00539
-0.02612
0.05063
-0.01136
-0.03658
0.04360
-0.00880
-0.01514
0.00152
0.04351
-0.02671
0.04532
-0.00395
-0.00083
-0.00116
0.04970
-0.03887
0.04043
0.02110
-0.05757
0.05853
0.04165
0.00430
-0.05999
-0.01129
-0.03329
0.06915
-0.00128
0.03007
-0.00422
-0.00138
-0.00507
0.08723
-0.00889
0.01662
-0.06108
-0.01694
-0.02048
-0.03626
0.00806
0.02964
0.04867
0.03616
0.03288
-0.00613
-0.02580
-0.04057
-0.06550
-0.02386
-0.04043
-0.05069
0.00741
0.03790
0.02281
-0.01454
0.02529
-0.02486
-0.00799
-0.01233
-0.00172
-0.00972
-0.02236
0.04706
-0.03575
-0.00780
0.04098
-0.00083
-0.01425
-0.01505
-0.01155
-0.01513
0.01062
0.02067
-0.00830
0.02006
-0.01405
0.00905
0.02155
0.08504
0.07230
-0.03935
0.00135
0.10223
0.06564
-0.01064
-0.00958
0.00249
-0.01065
-0.00161
0.03804
0.09018
0.00316
0.00048
-0.02095
-0.01427
-0.02157
