-0.00633
-0.02985
-0.04399
0.08792
0.04443
0.02590
0.01237
0.00974
-0.05625
0.04237
0.02746
0.08333
-0.00428
0.04573
-0.04894
0.01139
0.01969
0.09314
-0.03992
0.02681
0.03229
0.06717
0.07296
-0.03633
-0.00254
-0.03639
0.02979
0.00049
0.03397
-0.02871
0.00510
-0.02305
-0.01512
0.00218
-0.02271
-0.01152
0.00095
-0.09250
-0.00034
0.00934
-0.02401
0.01724
0.00767
-0.04040
0.01637
0.07873
0.00151
0.00886
-0.00791
0.05343
-0.04500
-0.10142
0.08526
0.02266
0.00302
-0.08498
0.00113
0.01242
0.00911
-0.06995
0.00973
0.03941
-0.00125
0.06193
0.00821
-0.02969
0.00054
-0.03622
0.03619
0.00165
-0.04827
0.02470
0.02194
0.07516
0.03780
-0.01660
0.01550
-0.01157
-0.01781
-0.04391
0.04237
-0.00589
-0.00186
-0.05188
0.00044
0.05658
0.00997
-0.05488
-0.07479
-0.08224
0.03498
0.01571
-0.00726
-0.03723
0.02384
0.08808
0.04497
0.01189
-0.01128
0.08827
-0.01056
0.04951
0.02694
0.00046
-0.05307
-0.08700
-0.03920
-0.03775
-0.04015
-0.01020
0.09023
0.00296
0.04059
-0.05855
0.01172
-0.06877
-0.03645
0.02018
-0.00481
0.03389
0.03052
0.04935
-0.00837
-0.05885
-0.03054
-0.03884
0.04317
-0.01703
0.00198
-0.07370
0.04805
-0.05441
-0.07356
0.05242
-0.05579
0.02928
-0.00512
0.01975
0.03157
0.04613
-0.01738
0.08765
-0.00144
0.02504
0.03453
0.03455
-0.03694
0.00398
0.01877
-0.01948
-0.00827
0.03739
-0.08854
0.02406
0.07834
-0.01593
-0.09620
0.01936
-0.09258
-0.00840
-0.04486
0.07160
0.04688
0.06973
-0.02852
0.06320
-0.04037
-0.01738
-0.07635
-0.02086
-0.09225
-0.04119
0.06294
0.03613
0.08155
0.04397
-0.05270
0.05656
-0.02882
0.06934
-0.00977
-0.07809
0.00963
0.00393
0.01133
-0.05218
0.04025
-0.06734
0.06732
-0.00224
-0.02968
0.01570
0.05213
0.00290
-0.00190
0.03351
-0.09797
0.01099
0.02273
0.00531
0.00498
0.00980
-0.03572
-0.03221
0.06315
-0.01064
0.00606
-0.02419
0.01780
-0.02315
0.02702
0.05262
0.02149
0.01576
-0.02108
0.09696
0.00960
-0.05536
-0.04335
-0.04800
-0.00044
0.01355
0.05905
0.03285
0.05713
0.03333
0.00078
-0.02052
0.06216
-0.01465
0.02398
0.06724
0.04577
-0.01119
-0.05130
-0.02456
-0.01429
0.01652
0.05493
0.07087
-0.04313
-0.00383
-0.02892
0.01093
0.00604
-0.01953
-0.01321
-0.05757
0.01804
0.04186
-0.04380
-0.01707
-0.00743
0.00440
0.07092
-0.05075
-0.04699
0.00343
-0.00630
0.02472
-0.05708
0.05563
-0.01356
-0.04819
-0.05670
-0.06480
-0.02259
-0.03339
0.02190
-0.09949
0.05197
0.03975
0.06000
-0.00775
0.03745
0.03451
0.03915
0.04134
0.05806
0.04942
0.08611
0.00324
-0.06111
0.00038
0.01573
-0.00536
0.04202
-0.00544
-0.02909
0.07582
-0.05688
-0.05462
-0.00309
0.04633
-0.01719
-0.02856
-0.09698
0.01476
-0.06331
-0.04692
0.07391
0.04106
0.01726
0.09187
0.03286
0.01365
-0.02777
-0.02409
-0.06746
0.00237
-0.01279
0.04170
0.01709
0.05870
0.03502
0.09048
0.00380
-0.00136
0.04057
0.05343
0.06310
-0.02708
0.02209
-0.00067
0.05919
-0.00720
-0.00085
-0.04710
-0.03313
-0.04874
0.00633
-0.01000
-0.00496
0.00839
-0.03385
0.04449
0.02936
-0.00389
-0.03378
-0.02210
0.06225
0.00165
0.05095
0.02043
0.05788
0.05162
-0.03103
0.01344
0.02076
-0.01810
-0.01311
-0.05934
0.02410
0.02611
0.02581
0.01318
-0.00687
0.00348
0.00470
0.02422
0.03579
-0.07968
0.02629
0.05352
0.06132
0.01787
-0.05357
0.00332
-0.03847
-0.02044
0.01114
0.00483
-0.00782
-0.00833
-0.03442
0.07851
-0.05336
0.05289
-0.02736
0.01019
-0.03562
0.02572
0.04674
-0.01967
0.01164
-0.00735
-0.02408
0.00650
-0.01901
0.06102
0.00502
0.04463
0.02545
0.02365
-0.01736
0.06454
0.01658
0.03784
0.05911
-0.01333
-0.01228
-0.01776
-0.01614
0.01783
0.08367
0.00382
-0.09592
0.02929
0.00318
0.00221
0.00257
-0.05659
0.01321
0.01518
0.01790
-0.06810
0.10977
0.01521
0.02410
-0.07243
-0.01155
-0.00552
0.02281
-0.04024
-0.01066
0.04541
0.08933
0.01267
-0.00100
-0.02416
-0.03738
0.09168
-0.01555
-0.03427
0.05391
-0.02927
-0.03191
-0.04782
0.01281
-0.05249
-0.01852
-0.01715
-0.07596
0.06767
-0.05533
-0.01371
-0.03134
0.05415
0.00948
-0.06538
0.06606
-0.05406
-0.02182
0.04146
0.03479
0.02489
0.03170
-0.03326
0.06520
0.02679
0.00086
0.06691
-0.03563
0.03362
0.00796
0.05147
0.04574
-0.03543
0.05377
0.05129
0.02681
0.00691
0.04145
-0.00297
-0.01875
-0.00531
-0.00145
-0.02925
0.05344
0.02726
0.01687
0.04673
-0.00977
0.02258
-0.05835
-0.06470
0.02220
0.05614
0.01843
-0.01068
0.03432
-0.03173
-0.00849
-0.02066
0.06947
-0.04218
0.02714
0.06679
0.05434
0.02810
0.03404
0.01738
0.04443
-0.05362
-0.02926
0.05956
0.02178
0.04105
-0.02937
-0.07231
-0.00844
0.01859
