0.00445
-0.02767
-0.07927
-0.04420
0.01734
0.01625
0.02671
0.02546
-0.00588
0.00589
-0.02010
0.03096
0.01382
-0.02079
0.02193
0.01962
0.04365
0.01001
-0.07795
-0.01473
-0.05900
-0.06436
0.03523
-0.07170
-0.05452
-0.02534
-0.01479
-0.05354
0.00533
0.00343
0.01930
0.03248
-0.04466
0.02501
-0.07104
-0.01122
0.05204
-0.05448
-0.08845
0.04999
-0.03541
0.01651
-0.03791
0.04866
0.10699
0.00045
0.09163
0.03277
-0.04399
-0.04575
-0.01902
0.04452
0.03070
-0.02663
-0.10455
0.03649
-0.06531
0.02658
0.00373
0.02895
-0.02292
0.01905
-0.07156
-0.03513
-0.05647
0.04048
-0.04951
0.05729
-0.02958
-0.02522
-0.03121
-0.02811
0.01771
-0.01655
0.03078
-0.05272
-0.02433
-0.02352
-0.04976
-0.03219
-0.05582
0.02262
0.01944
-0.01624
-0.05488
-0.04227
-0.06023
0.07114
-0.00886
0.02745
0.02346
-0.02003
0.05574
-0.07410
0.00942
-0.00571
-0.01614
0.03665
-0.02575
-0.01958
0.05761
0.02640
0.01310
-0.02147
0.01319
0.02458
-0.03299
-0.09119
-0.06485
-0.07796
0.03411
0.04366
-0.06833
0.00903
0.07809
0.05816
0.03939
-0.06628
0.03467
-0.00123
0.01601
0.02163
0.05181
-0.00892
0.02030
-0.08140
-0.03947
0.01403
0.04160
-0.06209
-0.03205
0.00512
0.03370
-0.02951
-0.00929
-0.06281
-0.02365
-0.09610
0.03908
-0.00033
-0.02344
0.02784
-0.10007
0.06415
0.08220
-0.03779
0.00730
-0.02703
0.05292
0.07792
-0.01422
-0.01964
-0.00178
0.03108
0.07264
-0.01111
0.00403
-0.01842
0.07451
-0.08001
0.09199
-0.00083
-0.05519
-0.01731
0.08965
0.04375
-0.00835
0.02412
0.01135
-0.00769
0.00183
0.03863
-0.02674
0.00156
-0.01775
-0.00931
0.00959
-0.01784
-0.01554
-0.02121
-0.00106
0.00912
-0.03805
-0.02785
0.05158
0.02923
-0.04126
-0.01596
0.01882
-0.00770
-0.00221
-0.05911
0.03894
0.00138
0.03507
-0.05268
0.06817
0.00707
0.00431
-0.00858
-0.00564
-0.09283
0.01827
-0.04895
-0.00402
0.00481
0.04012
-0.04047
0.02816
0.06736
-0.03908
0.02934
0.00149
-0.01057
0.04656
0.02982
-0.04184
0.01638
0.02472
-0.00975
-0.02278
-0.02435
-0.01085
-0.07705
0.03522
-0.01580
0.00537
0.02855
-0.02598
0.08851
-0.04122
-0.00910
0.00062
-0.01335
0.03696
0.02038
0.02705
-0.07890
0.03748
-0.05772
0.07253
0.00220
0.06802
-0.02991
0.01260
-0.02020
-0.01001
0.00092
-0.04119
0.00810
0.04403
0.06884
0.03012
-0.05183
-0.00803
-0.06443
0.05412
0.00441
0.04687
0.01380
0.01154
-0.02559
-0.03935
0.02557
0.01172
-0.01036
0.00930
-0.06980
-0.05400
-0.06762
-0.05593
0.02009
-0.01549
-0.02870
-0.03509
-0.08353
-0.00361
0.05309
-0.00030
-0.01910
0.00179
0.03752
0.06346
0.00829
-0.02829
-0.01783
0.04881
-0.01020
-0.03496
-0.08112
-0.03347
0.07477
-0.03054
0.00567
0.00511
0.04173
0.03325
0.02342
0.04250
0.05104
0.06891
0.01862
-0.03873
-0.02584
0.02814
-0.00607
0.02618
-0.06805
-0.00733
0.06916
-0.01571
-0.03571
-0.05629
-0.05981
0.02133
-0.04269
-0.03127
0.01419
0.02618
-0.03083
0.02526
-0.03086
-0.04842
0.04303
-0.02937
-0.03334
0.02740
0.04134
-0.02126
0.05111
-0.00413
0.03881
0.00649
0.00954
-0.06882
-0.01984
0.01555
-0.01756
0.10688
-0.00047
-0.02239
-0.04405
0.02644
0.05125
0.00519
0.01230
0.02929
-0.03071
0.05305
0.02300
0.05302
-0.00117
0.03246
-0.05210
0.04333
0.01895
0.03465
0.01120
-0.04893
-0.00712
-0.01832
-0.08001
-0.10048
-0.01737
0.00926
0.02980
0.06225
0.02191
0.03504
-0.00987
-0.01154
0.00466
0.02204
0.01409
-0.01133
0.03073
0.02078
-0.01918
-0.00377
-0.06239
-0.09254
-0.08655
-0.03978
-0.03702
-0.05715
0.06394
-0.01104
-0.04829
-0.03005
-0.06019
0.00675
0.07637
-0.02041
0.02589
0.00759
0.05503
0.06398
0.01924
0.02741
-0.01775
0.01432
0.03102
0.02856
0.04697
-0.06838
-0.04932
-0.00409
-0.02101
-0.03191
0.00879
0.06742
-0.01372
-0.03654
0.00438
-0.05511
0.06582
-0.00770
-0.00419
0.03851
-0.02739
-0.02028
0.06782
-0.00639
0.01811
-0.03192
0.03493
-0.00359
0.02083
-0.03406
0.01597
-0.05554
0.01908
-0.01193
-0.02479
-0.03882
-0.02255
0.02973
0.07099
0.01152
0.01550
-0.02975
0.00606
0.03358
0.02429
0.01590
0.01346
0.00976
-0.09386
0.05251
-0.04760
-0.00673
0.05547
-0.01602
-0.02535
-0.00178
0.03103
-0.02466
0.07275
0.03598
-0.00159
0.03303
-0.00687
0.04155
-0.07749
-0.02395
-0.01109
-0.03271
0.06658
0.01607
0.03916
0.01033
0.04230
0.00663
0.03566
0.00727
0.00894
0.00227
-0.05172
0.07209
0.01459
0.00706
-0.00333
-0.00642
-0.01428
0.08073
0.04053
-0.09716
-0.06521
0.10772
-0.04607
-0.03754
-0.01846
-0.05535
-0.01583
0.05633
-0.03196
-0.01012
-0.01301
0.08626
0.07104
-0.10598
-0.03579
-0.04544
0.00930
-0.04906
0.08928
0.03169
0.00195
0.01631
-0.03480
0.00388
0.00898
