0.03312
-0.09207
-0.10038
-0.02417
-0.02284
-0.04193
0.06153
0.02803
-0.03101
0.05180
0.07761
0.02943
0.08345
0.00341
0.05621
-0.02305
-0.02031
-0.02987
-0.04749
0.06961
-0.10419
0.01625
0.02566
-0.07188
-0.03826
-0.04306
-0.10092
-0.04331
0.05140
-0.01646
0.00564
0.04740
-0.02289
-0.00534
-0.05005
-0.01056
-0.03580
0.00982
-0.01568
0.04826
0.00488
0.03951
-0.00439
0.02204
0.03685
0.04576
0.05606
0.02551
-0.04644
-0.05701
-0.04919
-0.08324
0.00445
0.00907
-0.07524
0.01283
-0.05622
0.02183
-0.03702
-0.00219
-0.01567
0.07337
-0.06561
-0.01533
0.02880
-0.00724
0.02734
-0.10277
-0.05484
0.03078
0.04476
0.03824
-0.01105
-0.03317
-0.05100
-0.06080
0.02907
-0.00716
0.00724
-0.00681
0.02876
0.10843
-0.08538
0.03424
0.07088
-0.01974
-0.00235
0.04209
-0.06425
-0.02890
0.09789
-0.05198
0.02498
-0.10573
0.05566
-0.02339
0.01547
0.04525
-0.03658
0.02282
-0.00950
0.02733
0.05556
0.04361
-0.01890
-0.00580
-0.00270
0.04939
-0.03604
0.03999
0.00317
0.00039
0.00014
-0.05657
-0.02703
-0.01739
0.01761
0.02300
0.00024
0.02825
-0.03653
-0.03487
0.01729
-0.04227
-0.03814
-0.01477
0.01006
-0.05639
-0.01147
-0.04020
0.00486
-0.08084
-0.00328
0.06705
-0.04469
-0.02150
0.02533
0.03422
0.08495
0.03912
-0.03072
0.02211
0.01065
0.05033
0.01944
0.02435
-0.06558
0.00844
-0.00930
-0.00724
0.05624
-0.00323
-0.05475
0.04794
0.05377
-0.04508
-0.02270
-0.03105
-0.02832
-0.02028
0.00484
-0.00180
0.00910
-0.03973
0.02539
-0.02709
-0.00138
-0.02670
0.01941
-0.01667
-0.08640
-0.00708
-0.00721
-0.02837
0.01654
0.06249
0.06975
0.02834
0.04647
-0.03022
-0.02136
-0.04039
-0.01612
0.01750
0.04666
0.04539
0.06568
-0.03607
-0.01712
-0.02865
0.01657
-0.09523
0.05242
0.02993
0.07758
0.05025
-0.01587
-0.00551
0.01187
0.02055
0.02846
0.00306
-0.00248
-0.09072
-0.02121
0.04157
0.02998
-0.00941
0.08910
0.04940
-0.06797
0.01015
-0.09678
-0.05411
-0.00028
0.03921
-0.01081
-0.01141
-0.01253
0.01761
0.02346
0.01841
-0.01893
-0.00698
-0.01055
-0.05190
0.05038
0.04214
-0.06473
0.03364
-0.06281
-0.00314
0.02267
-0.06507
-0.09840
0.01434
-0.00328
0.00608
0.02528
-0.02221
0.05213
-0.01515
-0.02765
-0.04922
-0.00812
-0.06471
-0.07625
0.00162
-0.04110
0.09472
0.05762
0.10735
-0.05606
-0.01087
-0.02566
0.07489
0.01213
-0.01736
0.02225
0.01746
-0.05947
-0.05015
-0.02777
-0.03511
0.03808
0.02044
0.00357
0.04422
0.00888
-0.08741
-0.02392
-0.03123
0.00328
0.03994
-0.05885
-0.03069
0.00140
-0.00626
-0.00939
0.04101
0.05735
0.10186
0.00533
-0.03326
0.05839
-0.01222
0.03027
0.05454
-0.01905
-0.04853
0.01815
0.00668
0.01200
0.07848
0.00368
-0.02607
0.02222
0.00500
-0.03466
-0.01548
0.01517
0.04043
-0.01893
-0.09398
0.00287
0.01596
-0.00728
-0.03393
-0.01396
0.07483
-0.02366
0.00730
0.00636
0.03044
-0.01735
-0.02005
-0.03354
0.00410
-0.00516
-0.01434
-0.05170
-0.01106
0.02689
0.01696
0.02027
-0.04556
-0.07078
0.06373
-0.01875
-0.01792
0.01537
0.06582
0.01498
0.00626
0.03836
-0.02679
-0.02884
-0.01049
0.00211
0.04606
0.05245
0.03111
-0.02883
0.00287
0.04420
0.00084
-0.01982
-0.06744
0.04672
0.06656
0.09352
-0.01490
-0.00240
0.01965
0.00352
-0.02469
-0.02037
-0.02620
0.09790
0.00290
-0.02990
-0.04747
-0.05104
0.01963
-0.02708
0.04960
0.05462
0.00386
-0.01397
-0.05202
-0.02360
-0.07983
-0.03265
0.02032
0.03439
0.04306
0.01293
0.04543
0.03578
-0.07293
0.01827
-0.10503
-0.08252
-0.00297
-0.04068
0.00941
0.00282
0.00814
0.00711
-0.03808
0.09620
-0.02843
-0.03047
-0.03139
0.06353
0.03249
0.00618
-0.04592
0.02592
0.00659
-0.03292
0.08942
0.04598
0.04169
0.01759
0.03887
-0.03098
-0.06158
-0.01957
-0.11672
0.05941
-0.00209
0.02415
-0.11524
0.03879
0.04481
0.06869
0.07004
-0.02455
-0.03205
-0.00278
0.01232
-0.04794
0.08123
0.00368
0.01351
0.06734
-0.01473
-0.02832
0.03301
0.00474
0.06957
-0.01170
-0.02067
-0.02134
0.04892
-0.02467
-0.01356
-0.05574
0.03050
-0.02457
-0.04318
-0.00098
0.06191
0.01872
-0.06169
0.04123
-0.02482
-0.04823
0.00255
0.01445
-0.01604
-0.00719
0.00702
0.07950
0.02450
0.03711
-0.01075
-0.01814
-0.07496
-0.01410
-0.00969
0.02483
-0.01733
-0.01934
0.00514
0.03427
0.03163
-0.04397
0.04870
0.03898
0.03672
0.04064
-0.02414
0.00443
-0.03059
-0.01489
-0.01354
0.07720
0.06404
-0.01041
0.00055
-0.04381
0.01018
0.00919
-0.04725
-0.06026
0.02920
0.05015
-0.00503
-0.00024
-0.05098
-0.02972
-0.05147
-0.04778
-0.10314
0.03876
-0.03509
0.00903
-0.04310
-0.05092
-0.02476
-0.06205
-0.00965
-0.09375
0.03180
-0.02934
0.01817
0.00112
-0.04132
-0.02571
0.03676
