-0.05462
-0.04607
-0.05614
-0.02913
-0.03305
-0.07029
-0.02149
-0.00996
0.02443
-0.04675
-0.00967
0.01441
0.02399
0.02475
0.03570
0.05076
-0.00709
0.01225
-0.05600
-0.00390
-0.02535
-0.05502
-0.00416
-0.00095
0.00423
-0.03938
-0.05190
-0.06241
0.03544
-0.02701
0.02552
0.04027
0.00562
0.06114
-0.09768
0.02085
0.03315
-0.01596
-0.04117
0.07009
-0.01013
-0.01924
-0.02724
0.03550
0.05758
-0.02227
0.04178
0.02214
-0.06923
0.01534
0.00277
0.07150
0.03228
-0.00459
-0.07537
-0.00936
-0.07302
-0.01099
-0.01589
-0.01225
-0.01323
0.02950
-0.06021
0.01083
-0.01396
0.05750
-0.05879
0.08202
-0.06321
-0.02244
0.00886
-0.06205
0.02811
0.04269
0.00928
-0.01837
0.00022
0.04715
-0.06068
-0.03063
0.02216
0.05658
-0.01733
0.01668
0.01865
-0.02011
-0.00440
0.09155
-0.04833
0.01434
0.06250
0.01238
0.02799
-0.01334
-0.01077
0.01038
-0.00332
-0.01725
0.00048
-0.01375
0.00298
0.03737
0.01360
-0.06345
0.00159
0.00932
-0.01121
-0.04518
-0.05132
-0.06519
0.06384
0.02824
-0.03588
0.05891
0.06411
0.08828
-0.00049
-0.03678
-0.02509
0.01515
0.02603
0.03485
0.02838
0.04588
0.00316
-0.04331
-0.04437
0.01478
0.05407
-0.05701
0.01726
0.01039
0.02634
-0.01017
0.02989
-0.05527
0.02278
-0.13366
-0.02512
-0.05376
-0.06338
0.01798
-0.05895
0.02807
0.07512
-0.04846
-0.03027
0.03217
0.01983
-0.05113
-0.05461
-0.01433
0.00086
-0.01570
0.07707
0.00509
0.03213
0.00776
0.05921
-0.04510
0.05628
0.04100
0.04042
-0.05062
0.09121
0.02703
-0.08148
0.06525
-0.00236
-0.03082
-0.05357
-0.01034
-0.01913
-0.01128
-0.03665
-0.04597
0.01115
-0.02828
-0.04222
0.01014
0.04924
-0.01970
-0.01151
-0.00061
0.02253
0.02091
-0.08193
-0.03447
-0.02015
0.00960
-0.05285
-0.07474
0.02981
0.05100
-0.00584
-0.01289
0.04765
0.03238
0.00612
0.04977
0.02638
-0.09998
0.01609
-0.01020
-0.04507
-0.05503
0.03496
0.00185
0.03262
0.06474
0.00453
0.08539
-0.01697
0.05329
0.03841
0.01526
-0.00604
0.03092
0.02032
-0.11351
-0.00932
-0.00743
0.00562
-0.07980
0.01439
-0.04312
0.02495
0.03765
-0.03941
0.01667
-0.07321
-0.02748
0.04558
0.01718
0.00282
0.03939
0.00976
-0.05055
0.04938
-0.03202
0.03040
0.00697
0.00446
0.01798
-0.01662
0.02282
0.01878
0.06689
-0.06637
-0.01969
0.01542
0.03810
0.02841
-0.04428
0.01539
-0.02531
0.04925
-0.08162
0.00776
0.03172
-0.02699
-0.07465
-0.11024
0.01363
-0.01190
0.02487
0.01510
-0.08973
-0.04337
0.01090
-0.09187
-0.02399
-0.02041
-0.01740
0.03522
-0.02836
0.01060
0.04740
0.00009
0.02618
-0.03049
-0.04610
0.06445
0.04699
0.07154
0.03354
0.04612
-0.03952
0.02086
-0.06388
0.01544
0.07127
0.04969
-0.03201
-0.01231
0.06096
0.02235
0.02528
0.05019
0.13347
0.00774
0.01047
-0.00718
0.01433
0.02981
-0.01002
-0.00999
-0.06813
0.03103
-0.05504
-0.06970
0.03678
0.03986
-0.03875
-0.01222
-0.03068
0.01080
-0.00129
0.04914
0.06289
-0.03985
-0.01657
-0.03144
0.01304
-0.02682
-0.03132
-0.00257
0.05843
-0.01398
0.06898
-0.03558
0.00618
-0.02545
0.04151
-0.04768
-0.03772
-0.02532
-0.03428
0.08624
0.01749
-0.04031
-0.06237
0.02623
0.00000
0.07953
-0.03893
0.02714
-0.02252
0.05353
0.05328
0.05500
-0.02771
0.00633
-0.00139
0.08730
0.02616
-0.07527
-0.07033
-0.01371
0.03053
0.02266
-0.09980
-0.04630
-0.00304
0.02751
-0.00170
0.03806
0.04098
0.02170
-0.10546
0.06267
-0.00570
0.05624
0.00791
0.03162
0.01446
-0.01055
-0.03542
0.01215
-0.03621
-0.04283
-0.03544
0.01015
0.00309
-0.09790
-0.01448
-0.05451
-0.00838
0.04891
-0.04410
-0.01730
0.01782
0.06240
-0.00917
-0.02917
0.00183
0.01101
0.03318
-0.00504
-0.04303
0.02740
0.01454
0.02423
-0.05846
-0.05846
-0.03471
0.06369
0.03430
-0.04087
-0.03986
0.03960
-0.02242
0.00455
-0.04744
-0.04848
0.08831
-0.03061
-0.03213
0.00059
-0.03284
-0.04541
0.04640
-0.03746
0.01306
-0.07762
-0.00766
-0.01568
-0.00815
0.00901
0.01129
-0.00806
-0.00125
-0.00432
0.02366
-0.01365
-0.03776
0.04795
0.00399
-0.03811
0.02990
0.05003
0.02397
0.01034
0.03788
0.00595
0.01728
0.00107
-0.07592
0.11795
0.04053
-0.07028
0.02486
-0.04365
-0.01242
0.00990
0.06472
-0.01013
0.03131
0.01718
0.02946
0.05175
-0.09493
0.01554
-0.10219
0.04160
-0.00874
-0.03526
0.01886
-0.02664
0.13156
0.00471
0.06579
-0.08600
0.00773
-0.00127
-0.03411
-0.03427
-0.05205
0.08621
0.04147
0.01171
-0.08780
-0.06570
0.03507
0.02716
-0.03062
0.03251
-0.04355
0.10150
-0.02383
0.00017
0.00848
0.03039
0.00831
0.03545
-0.05162
-0.02213
0.02204
0.08149
0.00165
-0.11402
-0.00044
-0.08488
0.04341
-0.01405
0.05447
0.03147
-0.03351
0.00294
-0.02377
0.09805
0.01377
