0.02559
-0.03769
-0.03325
0.07852
-0.01876
0.02784
0.00949
0.02705
-0.02791
0.03956
0.03785
0.10042
0.05155
0.08091
0.02045
-0.03963
-0.02267
0.00800
-0.02775
-0.02950
-0.04966
0.02159
0.06300
-0.01685
0.00475
-0.04830
-0.03359
0.00597
0.04043
-0.09097
0.01893
-0.01407
0.00973
-0.08545
-0.04841
-0.00059
-0.07345
0.01897
-0.03261
-0.05689
-0.02768
0.02607
-0.01089
-0.08861
0.06071
0.06663
0.01062
-0.01272
-0.02057
-0.01381
0.02368
-0.04736
0.03245
-0.03490
-0.08557
-0.00832
-0.00674
0.00502
-0.04348
0.04925
-0.03599
-0.01345
0.01290
0.09182
-0.02511
-0.00517
0.00551
-0.07570
0.01129
0.01261
0.00701
0.05461
0.03644
0.03892
0.01580
-0.05842
0.00296
-0.01217
0.04287
0.06764
0.06794
0.03604
-0.05662
-0.01587
0.05229
0.02773
0.03609
0.01361
-0.06394
-0.01946
0.00466
0.02191
0.03253
-0.05217
0.00549
0.04820
-0.00033
0.00068
0.01831
0.03212
0.02226
0.02282
0.04021
0.02468
0.03568
-0.00212
-0.09162
0.00111
-0.01017
-0.03030
0.06637
0.02677
0.01066
-0.02122
0.05628
-0.03043
0.01665
-0.03551
-0.04900
0.01918
-0.00874
0.03439
-0.04262
-0.08756
0.00313
-0.06961
0.02948
-0.03379
-0.00194
-0.02689
0.03415
-0.02913
0.02169
0.03274
-0.06717
0.03948
0.00869
0.05169
0.06190
0.04082
0.00917
0.08915
0.07795
-0.00317
0.00719
0.01772
-0.08444
0.06022
-0.03386
-0.02296
-0.04363
0.02872
-0.07397
0.01361
0.08361
-0.02960
-0.02528
0.00382
-0.08523
-0.03171
0.03030
0.05629
0.11256
-0.04772
-0.00291
-0.04184
-0.01335
-0.00418
-0.05517
0.03864
-0.12157
-0.02444
0.07230
-0.05708
0.01793
-0.00467
0.01581
-0.00051
-0.00888
0.04091
-0.02812
-0.07594
-0.02953
-0.03320
0.02149
-0.04395
0.01235
-0.06945
-0.01001
0.02107
-0.09484
0.01621
0.11692
-0.01106
0.03606
0.08260
0.01301
-0.07907
0.06582
-0.07798
0.03865
0.01167
-0.00541
-0.05762
-0.02395
-0.02002
-0.00617
-0.00848
0.05585
0.02131
-0.06154
0.07674
-0.08115
-0.04704
0.05734
0.05732
-0.02041
-0.00032
-0.04582
-0.02374
0.01070
0.09099
0.02917
0.01593
0.03630
-0.04657
-0.00421
0.03325
-0.01004
-0.01368
0.00809
0.01771
0.03184
-0.06865
-0.10894
0.01518
-0.02075
0.01342
0.06322
0.00514
-0.01797
-0.01397
-0.03291
-0.03697
0.01356
-0.00275
-0.03502
-0.03491
-0.01082
0.06098
-0.01405
0.02994
0.01688
0.08305
0.03405
0.02828
-0.07410
0.01689
-0.02957
0.07780
-0.00886
0.01648
-0.02374
-0.05181
0.02416
-0.03713
-0.00865
0.02047
0.05109
-0.00228
-0.02203
0.00386
0.07194
-0.00265
0.01864
-0.01769
0.02990
-0.00374
0.02238
0.06024
0.01841
0.06165
-0.09166
-0.07893
0.02547
0.07619
0.04621
0.06018
-0.07311
-0.06379
0.04267
-0.04850
0.07219
0.04220
-0.01922
0.02146
-0.02640
0.03545
-0.01465
-0.02916
0.07168
0.03263
0.04783
-0.06564
-0.00226
-0.03210
-0.03201
-0.05591
-0.00679
-0.01645
-0.06034
-0.00168
0.01632
0.08412
0.06044
0.00386
-0.00152
-0.02857
-0.06664
0.04660
0.01284
-0.03356
-0.01730
-0.02706
0.08043
-0.04604
-0.07256
0.00577
0.01909
-0.01780
0.03850
0.07468
-0.01764
0.01028
-0.01208
0.00412
-0.00581
0.04295
-0.04432
0.06261
0.06612
-0.06237
0.04533
0.02954
0.09022
-0.03788
-0.02891
0.01023
0.05156
0.02965
0.05007
-0.07065
-0.04008
0.01545
-0.02156
0.04630
-0.03253
-0.00461
0.00422
0.00166
0.04854
-0.03394
-0.02615
0.02991
-0.04267
0.00478
0.02062
0.01918
-0.01992
-0.05816
0.01323
-0.01513
0.04276
0.07618
0.07608
0.06174
-0.01933
0.03788
-0.04723
0.00716
-0.08357
0.03748
-0.03584
0.01219
-0.02028
-0.10003
-0.02622
0.00208
-0.03879
-0.03343
0.07063
-0.05512
-0.00757
-0.01225
0.00831
0.02424
0.01554
0.00485
0.03153
0.04829
-0.12832
0.04192
-0.00586
0.01419
0.01221
0.02982
0.00818
0.02512
0.00307
-0.03669
0.02660
0.01788
0.01864
-0.03834
0.01454
0.01387
0.01529
0.08755
-0.03582
-0.06494
0.02178
-0.00357
-0.03420
-0.01200
-0.01260
0.04793
0.02444
-0.05087
0.06626
-0.05480
-0.06190
0.05683
0.05557
-0.04797
-0.06051
-0.01335
-0.08108
-0.03718
-0.04373
-0.00160
0.00633
0.01583
-0.00640
0.00549
-0.05600
-0.02438
-0.03671
0.02788
-0.02082
-0.05103
-0.00497
-0.07986
0.05124
0.01394
-0.00277
0.02152
0.09377
0.02254
0.04253
-0.02363
-0.07458
-0.01096
0.03699
0.02382
0.03066
0.00467
0.00620
-0.01780
-0.04358
0.01627
-0.01069
-0.06647
0.03403
-0.02896
-0.06518
-0.00646
0.05729
-0.05994
0.12269
0.05671
0.02811
0.01425
-0.07454
-0.01487
-0.01507
-0.05760
-0.01985
0.02141
0.06232
0.00130
-0.05242
-0.02558
0.00967
-0.06550
0.05715
-0.07646
0.00916
-0.02656
-0.03516
-0.05079
0.03814
0.00100
-0.02298
-0.06029
-0.03677
0.04001
0.02297
0.03453
0.04527
-0.09138
-0.04058
0.00119
