-0.03218
0.08753
0.03281
-0.01616
-0.00332
-0.09218
-0.03183
-0.01757
0.04779
-0.05853
-0.01253
-0.06371
-0.06258
-0.00105
-0.00909
0.01736
-0.01540
0.00442
-0.02916
0.05741
0.05940
0.01500
-0.06230
-0.00435
0.01297
-0.03761
0.06535
0.01440
0.05663
-0.01750
-0.00111
0.00679
0.02900
0.04219
0.03598
-0.01498
0.00537
-0.05902
0.09425
0.02601
-0.02392
-0.07671
0.01701
-0.00063
0.00458
0.03288
-0.05827
-0.01846
0.08569
0.10560
0.07744
0.02350
-0.06723
-0.00852
0.10682
-0.00956
0.00131
-0.04951
0.04900
-0.02200
0.00700
-0.01977
0.02611
-0.00806
-0.00641
0.02020
-0.06320
0.06846
0.00572
-0.07863
-0.03942
-0.01322
-0.02779
0.03330
0.05666
0.00706
0.03693
-0.04427
-0.08550
-0.00096
-0.03942
-0.03745
0.04703
-0.06622
-0.02208
-0.04568
0.02672
-0.06636
0.03744
0.07109
-0.02964
-0.02059
0.06384
0.00234
-0.12384
0.03873
-0.03572
0.02820
0.01292
-0.03130
-0.00460
0.02279
0.03911
-0.05667
-0.05915
-0.02658
0.02498
-0.02903
-0.03172
0.00465
-0.00070
-0.05390
0.04620
0.09227
0.03018
0.01865
-0.00796
0.00272
-0.00949
-0.03753
0.01985
0.07924
0.00639
0.08523
0.01902
-0.02486
0.01097
-0.05447
-0.00518
0.05424
-0.00979
0.01213
-0.06331
-0.03639
0.03066
-0.04472
-0.01521
-0.03841
-0.04978
-0.02162
0.07810
0.00929
-0.06737
-0.04394
0.07009
0.05362
0.04232
0.00207
-0.02035
-0.02084
-0.00163
0.04318
0.00162
-0.01571
-0.04075
-0.03803
-0.00208
-0.01856
-0.00189
0.02556
0.02561
-0.04937
-0.01635
0.00030
0.00376
-0.00634
0.06008
0.03673
-0.04335
-0.03423
0.01076
0.07037
0.04107
-0.02449
0.00266
-0.07848
-0.05012
-0.03682
-0.03284
0.04357
0.10460
-0.01061
-0.02507
-0.04662
-0.01729
0.00867
-0.07453
-0.05946
-0.04568
0.07430
-0.02472
0.07867
-0.00994
0.02652
-0.05560
-0.05748
-0.02726
-0.02741
-0.00803
-0.07377
-0.06288
-0.01874
0.01855
0.05358
0.05208
-0.09827
-0.00026
-0.01599
-0.07172
0.09956
0.10737
-0.00114
0.02950
-0.00663
-0.04650
0.01624
-0.03197
-0.05676
0.00229
-0.03999
0.04091
0.01600
0.01933
0.01583
-0.00535
0.06629
0.02734
0.00981
0.05234
0.04127
0.00345
-0.11914
-0.00558
0.05295
0.02243
0.04280
-0.07821
0.02112
0.01381
0.07335
0.00894
0.01590
0.03075
-0.03170
-0.01843
0.03343
-0.05587
0.00597
0.06288
-0.09703
-0.07276
0.00222
-0.05136
-0.05379
0.05245
-0.05230
0.03093
0.00051
0.01520
-0.00881
-0.02128
0.01196
-0.00710
-0.01298
0.02820
-0.01715
-0.03622
-0.01602
-0.03606
-0.01651
0.01041
0.03850
0.00412
0.00458
0.10454
0.07611
0.01615
0.02425
0.02384
0.04708
-0.05099
-0.06937
-0.00246
0.00238
0.02838
-0.04694
-0.01236
0.01797
-0.03538
0.07239
-0.06356
0.05303
-0.04113
-0.10177
-0.02263
0.05355
-0.07639
-0.04633
0.03059
0.01288
-0.04960
-0.00521
-0.01102
0.00002
-0.00255
-0.04825
0.13556
0.02660
-0.03308
-0.04651
-0.01705
-0.00505
0.01830
-0.06553
-0.01310
-0.00816
-0.01165
-0.06198
0.03848
0.04274
0.00575
-0.02126
0.02007
0.01196
0.03303
-0.05497
0.03704
-0.02497
-0.05823
0.02026
-0.05204
-0.07013
0.00787
0.04771
-0.04628
0.03008
-0.03577
-0.05506
0.04719
-0.03187
-0.01814
0.00794
-0.02203
0.02235
0.05831
0.05552
0.00135
0.04900
-0.02180
0.04524
-0.02422
-0.07163
0.04451
0.04675
0.01767
0.01669
-0.03580
0.01612
-0.07948
0.00669
0.00756
-0.03234
0.02470
0.00889
0.05355
-0.06940
-0.04529
0.00784
-0.06500
-0.00994
0.02923
-0.01497
-0.04064
-0.06309
-0.07091
0.01462
-0.04565
-0.03025
-0.09368
0.04147
-0.04708
0.06668
0.03045
-0.00912
-0.00975
-0.02212
-0.05282
0.04058
-0.05289
0.02527
-0.03772
-0.00526
-0.04581
-0.00922
-0.00602
-0.04883
0.06660
0.02350
-0.03208
-0.01998
0.08832
-0.06152
-0.03044
-0.02928
-0.05940
-0.02143
-0.04466
-0.02646
-0.01808
0.04786
-0.10354
-0.00353
-0.01026
0.05910
-0.01443
-0.03896
-0.00301
0.05835
0.00048
0.02441
-0.03497
0.04199
0.00834
-0.06479
0.02281
-0.01673
-0.03378
0.00628
0.00490
-0.02456
-0.03122
-0.05848
-0.01742
-0.03934
-0.02180
-0.02422
0.05077
-0.04630
0.02505
0.02359
0.04351
0.04286
-0.05175
-0.04182
-0.04583
0.06649
0.07353
-0.06484
0.02498
0.02285
0.04765
0.01611
-0.02063
0.05584
-0.07623
-0.02328
0.00712
-0.05227
0.01438
0.10011
-0.03236
-0.05506
-0.01296
-0.02371
-0.04052
0.04426
0.00166
-0.04428
0.08088
0.00796
-0.01108
0.11605
0.02942
-0.01447
0.03896
0.02250
-0.05403
0.00282
0.00507
-0.04484
-0.00584
0.02990
0.01408
0.07586
-0.00030
-0.02508
0.05531
0.02965
-0.02416
0.00261
-0.00706
0.00301
0.05151
-0.01252
0.01955
0.07543
-0.00326
0.00344
0.00485
-0.02839
0.02590
0.00112
-0.01083
-0.01915
0.05969
0.05482
0.00997
-0.02397
-0.01744
-0.00312
0.07959
-0.02865
