-0.02125
0.08086
0.03282
-0.04067
-0.00576
-0.11137
0.00240
-0.05589
0.04035
0.00388
-0.02837
-0.06953
-0.10009
-0.01984
0.05679
0.02887
0.00894
-0.00680
-0.03510
0.10357
0.02748
0.01130
-0.05109
-0.00652
0.00304
-0.03683
0.01362
-0.01654
0.01524
-0.02070
-0.06542
0.03282
-0.02241
0.08803
0.04840
-0.03634
0.02738
-0.07087
0.05584
0.04853
0.02599
-0.06634
-0.02152
0.01482
-0.02928
0.03643
0.00086
-0.02179
0.06526
0.10675
0.08990
-0.00963
-0.10398
-0.03105
0.09177
-0.06326
-0.05707
-0.03659
0.03978
0.00937
-0.04821
-0.00004
0.01693
-0.01998
0.00243
-0.01280
-0.04207
0.06234
-0.00953
-0.08087
0.00318
0.00684
-0.04145
0.02262
0.03159
-0.00484
0.05302
-0.02401
-0.01423
-0.01258
-0.00763
-0.03899
0.00269
-0.06895
-0.04775
-0.02058
0.00559
-0.05488
0.02431
0.07025
-0.00762
0.00544
0.02929
-0.02535
-0.10958
0.00656
-0.01920
0.06717
-0.01040
-0.06271
-0.00840
0.03757
0.00285
-0.03436
-0.04818
-0.03570
0.07498
-0.00925
-0.05129
0.01369
-0.02157
-0.11137
0.08751
0.10688
-0.01025
0.01228
0.01596
-0.00141
-0.02506
-0.01826
0.03177
0.07818
0.03818
0.06006
0.04097
-0.02210
0.01271
-0.04058
-0.02245
0.04209
-0.01582
-0.02601
-0.05123
-0.04555
0.03746
-0.06585
-0.03263
-0.03661
-0.03919
0.01321
0.09231
0.00625
-0.04126
-0.00208
0.04231
0.05199
0.01288
0.00759
-0.00129
-0.01420
-0.00337
0.04216
0.00539
-0.01306
-0.06253
-0.06444
0.00415
-0.03354
-0.05105
0.03597
0.01260
-0.04853
-0.04387
0.02484
-0.01503
0.01003
0.02825
0.02616
-0.02427
-0.06344
-0.00867
0.05176
0.01907
0.00532
-0.01628
-0.04686
-0.02463
-0.01685
0.00722
0.02292
0.07129
0.00293
0.03749
0.01188
-0.03989
-0.00098
-0.03413
-0.04886
-0.01908
0.09120
0.03727
0.06439
0.01183
0.08490
-0.02917
-0.04394
-0.04040
-0.01820
-0.01949
-0.06762
-0.04709
-0.06041
0.02987
0.07531
0.05941
-0.09105
0.05644
0.05726
-0.05926
0.08711
0.05837
-0.01177
0.00168
-0.02606
-0.04033
-0.02521
0.01091
-0.06118
-0.03338
0.05157
0.03930
0.03367
0.01121
-0.01726
0.00447
0.10515
0.05015
0.03112
0.02184
0.10229
-0.01422
-0.11032
-0.03470
0.04291
0.00248
0.04143
-0.07896
0.01981
0.00386
0.06262
0.00959
0.00092
0.01519
0.01400
-0.00781
0.02770
-0.03586
0.02586
0.11215
-0.09501
-0.03451
0.05266
-0.03636
-0.10048
-0.03673
-0.02929
0.01534
-0.00576
-0.04821
-0.01351
-0.01892
0.02003
-0.02347
-0.01008
0.03095
0.03335
-0.04382
0.00127
-0.00899
-0.03432
0.00063
-0.00220
-0.00233
0.02050
0.02339
0.03691
-0.04685
0.00722
0.04112
0.07241
-0.06412
-0.02465
0.01056
0.02295
0.02942
-0.05591
-0.02243
0.01460
-0.01497
0.08538
-0.08948
0.06888
0.01062
-0.08643
-0.00292
0.01332
-0.06135
-0.05141
0.00106
-0.01665
-0.07464
-0.03744
-0.06159
0.03174
0.01030
-0.03225
0.11198
0.00547
-0.00054
-0.01118
0.00490
0.04313
-0.00466
-0.07765
0.00419
-0.05625
-0.03296
-0.02206
0.04755
-0.00845
0.00102
0.02005
0.03407
0.04351
0.02456
-0.05965
0.00424
0.01165
-0.08347
0.05930
-0.09201
-0.02635
-0.00231
0.01617
-0.03810
0.01408
-0.01949
-0.04373
0.04079
-0.00717
-0.04266
0.03266
-0.06685
0.00292
0.05165
0.08085
0.00134
0.04187
-0.03643
0.04279
0.00343
-0.03887
0.02455
0.04199
-0.00028
0.02140
-0.03961
0.02475
-0.02925
-0.00960
0.01849
-0.02211
0.01459
-0.00328
0.02725
-0.06340
-0.05752
-0.00375
-0.05615
0.00357
-0.02133
-0.01168
-0.03679
-0.04665
-0.05552
0.04369
-0.03056
-0.00677
-0.06642
0.06023
-0.02024
0.03342
0.01729
0.00029
0.04105
0.01425
-0.04952
0.08306
-0.03637
0.03045
-0.06826
0.01770
-0.03368
0.01663
0.00146
-0.09156
-0.00539
-0.02458
-0.04863
-0.00742
0.07587
-0.07641
-0.01192
0.00487
-0.05473
-0.07082
0.00369
-0.04989
-0.00723
0.03264
-0.10898
-0.04880
-0.00287
0.06291
-0.03090
0.00394
-0.01043
0.02336
-0.00378
-0.01853
-0.03374
0.03022
0.01896
-0.00772
0.03220
-0.02687
-0.00980
-0.01337
-0.04916
-0.02073
-0.01013
-0.06703
0.02950
-0.06279
0.01383
0.01790
0.02535
-0.04361
-0.00832
0.03657
-0.02823
0.02538
0.00755
0.00957
-0.01405
0.03011
0.13740
-0.07525
0.02914
0.01185
0.01275
0.01015
-0.00356
0.04228
-0.05496
0.00343
0.01847
-0.03006
-0.00615
0.04243
0.01683
-0.05069
-0.00403
-0.04854
-0.07001
0.03175
0.00606
-0.03256
0.10901
0.02589
0.03207
0.11692
0.01427
0.02393
0.06536
0.04449
-0.03128
0.03599
-0.00443
0.02395
-0.00896
0.04963
0.01916
0.09534
0.05398
-0.03498
0.04746
-0.00371
0.02081
0.01116
-0.04112
-0.02391
0.00766
-0.02315
-0.02305
0.04508
0.02499
0.04631
0.02934
-0.01286
0.01865
-0.01689
-0.00640
0.01808
0.02916
0.02558
-0.07563
-0.00617
-0.01819
-0.00718
0.05108
-0.01091
