-0.05764
-0.02815
-0.07576
-0.00582
0.06732
-0.03243
0.04213
-0.01686
0.01358
-0.01006
0.02158
0.02133
0.02552
0.00660
0.07593
0.06288
0.02535
0.01458
-0.05288
-0.00538
-0.05448
-0.03010
0.00270
-0.01375
-0.04054
-0.02523
-0.05310
-0.06655
0.03230
0.00609
-0.03990
0.02580
-0.04096
-0.01364
-0.09492
0.01448
0.08303
-0.02467
-0.05069
0.05846
-0.06547
0.03014
-0.03430
0.01957
0.07514
-0.01905
0.11421
0.03407
-0.04716
0.00824
-0.02912
0.01201
0.01461
-0.02137
-0.05453
-0.00990
-0.05450
-0.01401
-0.00826
0.00977
-0.00055
0.00075
-0.05776
-0.04501
-0.05158
0.03579
-0.06769
0.05752
-0.04628
-0.01546
-0.01909
-0.06094
0.05187
-0.01582
0.01026
-0.03181
0.04232
0.02835
-0.03104
-0.02054
-0.01815
0.04782
-0.01623
0.00369
-0.00824
-0.05753
-0.07301
0.08212
-0.02721
-0.02214
0.04586
0.04480
0.03612
-0.00326
0.01406
-0.02215
-0.03526
0.00161
-0.00476
-0.00845
-0.03263
0.02082
0.00336
-0.07069
0.01222
-0.01221
-0.05994
-0.08228
-0.03414
-0.06068
0.02351
0.02951
-0.04519
0.05150
0.06573
0.06607
0.05434
-0.04496
-0.02121
-0.02431
0.02010
0.01083
0.09885
-0.00100
0.03586
-0.06901
-0.07031
-0.01408
0.07014
-0.00556
0.02094
-0.00250
0.06048
-0.00649
-0.02145
-0.04064
0.00537
-0.07776
0.04083
-0.05351
-0.03909
0.02014
-0.07749
0.04894
0.06688
-0.00553
-0.02321
-0.04647
0.04569
0.02213
-0.04067
-0.03343
-0.00924
0.00805
0.07831
-0.02144
0.00520
0.01408
0.05232
-0.05789
0.04058
-0.01505
-0.00095
-0.03082
0.06043
-0.00400
-0.03405
0.05543
0.03614
-0.04200
-0.02133
-0.01844
-0.00898
0.01953
-0.02771
-0.02166
0.04417
-0.00796
0.01922
0.00715
0.00625
-0.02584
-0.03565
-0.05543
-0.01792
-0.00583
-0.03753
-0.02266
-0.02238
0.01663
-0.07037
-0.06476
0.05425
0.08150
0.00793
0.00071
0.04289
0.02897
0.00270
0.02040
0.00091
-0.10839
0.04981
-0.04015
-0.04091
0.00251
0.07995
-0.02511
0.02923
0.03318
-0.03207
0.02100
-0.02321
0.01892
0.04478
0.02518
-0.03021
-0.00171
-0.02168
-0.06997
-0.02641
-0.01986
0.04331
-0.07242
0.04500
-0.04931
0.00948
0.05676
-0.01685
0.07846
-0.09367
-0.01430
0.00271
0.00936
0.00068
0.01415
-0.00344
-0.04499
0.04388
-0.03573
0.02714
-0.02992
0.04720
0.00074
-0.00662
-0.00014
-0.04055
-0.00039
-0.03386
0.02744
0.05349
0.08052
-0.02393
-0.06453
-0.03092
-0.05431
-0.01007
-0.01153
0.02734
-0.06734
-0.05093
-0.04073
-0.06316
0.03523
0.01422
0.02342
-0.00228
-0.09173
-0.06155
-0.02992
-0.07917
-0.05225
-0.02502
0.00238
-0.05042
-0.05649
-0.00673
0.08950
-0.01986
0.03239
0.00888
0.05282
0.03607
0.04518
0.02499
0.02433
0.03416
-0.03196
0.01425
-0.06505
-0.03532
0.04311
-0.00773
0.02346
-0.00042
0.05248
0.03406
-0.00586
0.02811
0.05367
0.02093
0.07371
-0.02490
-0.00227
-0.00886
0.01381
-0.00423
-0.04379
-0.01887
0.00493
-0.00593
0.03555
0.02353
-0.03285
0.01938
0.01140
0.02739
0.02351
0.00787
0.00087
-0.02046
0.01819
-0.01601
0.06166
0.00547
0.00448
-0.00659
0.09817
-0.03668
0.05223
-0.00402
0.02925
0.00148
0.00667
-0.12255
-0.08309
-0.00724
-0.03197
0.10340
0.03805
-0.00034
-0.01652
-0.03015
0.05265
0.09082
-0.01585
-0.01840
-0.03672
0.02756
-0.02496
0.06902
0.00801
-0.01399
-0.06991
0.05627
0.05142
-0.02539
-0.03802
0.01519
-0.00836
0.00553
-0.06823
-0.08159
0.01235
0.01526
0.03246
0.02872
0.00229
0.02220
-0.04178
-0.01582
-0.01032
0.04913
-0.00979
0.01462
0.05548
0.01100
-0.03476
0.00415
-0.10081
-0.05736
-0.09643
0.00172
-0.00483
-0.07048
0.05585
-0.07643
-0.01894
0.00122
-0.07342
0.03371
0.00842
0.04475
-0.01579
0.00144
0.04831
0.04970
-0.01358
-0.00480
-0.00623
-0.04153
0.02624
0.00492
0.00344
-0.02876
-0.02427
0.02008
-0.00181
-0.00221
0.02006
0.06593
0.00250
-0.01870
-0.06881
-0.02429
0.14185
-0.03219
-0.02722
0.03962
-0.01657
-0.04692
-0.01967
-0.03126
-0.01604
-0.06611
0.06182
-0.01122
0.04869
-0.02183
0.09965
-0.02979
0.02616
-0.03475
0.01551
-0.02709
-0.04034
0.01978
-0.00488
-0.01851
0.05019
0.03093
0.00086
-0.00998
0.00526
0.00774
0.00577
-0.02328
-0.05217
0.07759
-0.01000
-0.01856
0.02357
-0.08500
-0.02655
0.03620
0.02909
-0.02040
0.02806
0.01417
0.01346
0.04900
-0.06531
-0.01711
-0.05322
-0.02999
-0.04925
-0.00970
0.04579
-0.04337
0.06598
-0.06546
0.03652
-0.04919
0.00630
0.00729
-0.02726
-0.04148
-0.02909
0.03803
0.02839
-0.01795
-0.02509
-0.04848
-0.02918
0.03558
0.02419
-0.04647
-0.05422
0.05422
0.00701
0.01669
-0.02324
-0.05368
-0.01109
0.02419
-0.05555
0.00867
0.05338
0.04634
0.03667
-0.07339
-0.00337
-0.03294
0.01032
-0.01904
0.06111
0.04173
-0.00534
0.04475
-0.00987
0.02326
0.01454
