0.07856
-0.05870
-0.02837
0.00177
0.01715
-0.03223
-0.01444
0.00376
0.00419
-0.08459
0.04604
0.03301
0.01534
0.05005
0.08370
-0.06426
-0.03865
-0.01643
0.04944
0.00666
-0.06511
0.03754
0.06237
-0.03332
0.01587
-0.02948
-0.03609
-0.04095
0.06822
-0.03636
0.01939
0.00914
0.01204
0.00082
-0.01218
0.01181
-0.01762
0.06557
0.02216
0.02745
-0.00107
-0.00327
0.00712
-0.01614
0.00806
-0.03414
-0.02299
-0.00802
-0.09613
-0.03298
-0.00791
-0.05380
-0.02548
0.03772
-0.05384
0.01449
-0.00917
0.02080
-0.01202
-0.00863
-0.04910
0.05053
-0.04253
0.03396
0.06039
0.02950
0.01519
-0.08187
-0.02394
-0.04257
0.03860
0.00709
0.03633
-0.01598
-0.03401
-0.07170
0.07095
-0.02966
-0.02597
0.04487
0.08227
0.10464
-0.06480
0.03621
0.12105
0.03048
-0.02882
0.02008
-0.06711
0.02035
0.11283
0.00610
0.07195
-0.10028
-0.00277
-0.03557
-0.04129
0.08035
-0.04139
-0.04319
-0.01790
0.04545
0.04375
0.03866
0.04114
-0.00149
0.03395
0.04433
-0.01294
-0.00004
0.01982
0.01778
-0.00553
-0.00779
-0.00517
-0.01652
0.02079
0.01322
-0.00192
0.04200
-0.09671
0.03512
0.01891
-0.02554
-0.06663
-0.01244
0.03628
-0.10612
0.01140
0.00066
0.00038
0.02141
0.02726
0.05188
-0.06752
0.02238
0.00037
-0.01462
0.05111
-0.01760
-0.02328
0.03235
-0.00367
0.04434
-0.00896
-0.04674
-0.08990
0.02803
0.02488
-0.06067
0.07014
0.01493
-0.05373
0.03250
0.04437
0.00760
-0.01650
-0.01238
-0.00143
-0.01678
0.01315
0.00834
0.05449
-0.06028
0.02991
-0.00784
-0.05394
0.01487
-0.03604
0.04653
-0.11984
-0.04743
-0.04193
-0.06109
0.04265
-0.00636
0.01671
-0.02716
0.02618
0.04321
0.03365
-0.02909
-0.06309
-0.00987
-0.01618
-0.01379
0.01670
0.01763
0.02629
0.08380
0.00693
-0.05258
0.02445
0.02539
0.03699
0.07522
-0.00963
0.05516
0.02387
0.02661
0.07616
-0.02799
0.03493
0.00162
0.00918
0.06266
0.02114
0.01958
0.09284
0.08613
-0.04228
-0.01356
-0.07950
-0.00787
-0.06079
-0.04834
-0.00915
-0.01808
-0.03823
-0.00108
-0.07476
-0.02193
0.02722
-0.00726
-0.02849
-0.01065
0.05080
0.04843
-0.07248
-0.04291
0.00944
-0.00075
0.01985
-0.01721
-0.04172
-0.05613
-0.02201
0.01973
0.02714
-0.00383
-0.01635
-0.05179
0.01795
0.00022
-0.03920
0.01046
-0.07129
0.01112
-0.11635
0.10990
0.06227
0.05262
-0.03116
-0.00100
-0.01932
0.01943
-0.01929
-0.00088
0.03305
-0.03868
-0.06800
-0.02174
0.00433
-0.04187
0.03008
0.07560
0.03419
0.03744
-0.02105
-0.00645
-0.05652
-0.00994
0.04636
0.01401
-0.02301
-0.00526
0.00707
-0.01385
0.02197
0.03080
-0.01816
0.09379
-0.03354
-0.06129
0.05112
-0.03070
-0.00217
0.03993
0.09963
-0.00691
0.03515
-0.05905
0.02923
0.01525
0.01280
-0.01446
0.00303
0.00602
-0.02461
-0.01655
-0.04267
0.04245
-0.03378
-0.03886
-0.00884
-0.02260
-0.05722
0.02268
0.02641
0.01957
-0.05838
0.08512
0.09603
0.09005
0.01160
0.04167
0.01601
0.00712
0.01006
0.06878
0.00908
-0.02786
0.03802
0.02873
0.03021
-0.01261
-0.02702
0.07648
-0.00542
-0.03154
0.00331
0.01523
-0.00559
0.05336
0.01703
-0.05468
-0.06471
-0.01015
0.01704
0.02301
0.05858
0.01219
-0.07164
-0.02101
0.03637
-0.01479
0.01372
-0.04407
0.01743
0.02526
0.03668
-0.04359
0.00959
0.00585
-0.00673
0.01533
-0.03703
-0.05397
0.04951
0.02330
-0.00495
-0.05249
0.01318
0.04634
-0.00088
-0.00431
0.02977
-0.06375
0.01894
-0.04259
-0.06522
-0.09356
-0.04645
0.00706
0.06386
0.09559
0.02266
0.02619
0.05528
0.01905
-0.01525
-0.08052
-0.07034
0.04861
-0.01417
-0.04018
-0.01521
0.07352
0.07014
-0.07309
0.02591
-0.01177
0.05944
-0.02142
0.07938
0.04174
0.03028
0.04867
-0.03757
-0.00614
-0.04015
0.00927
0.01769
-0.05370
0.04385
0.02868
-0.07131
-0.08618
0.02225
-0.06323
0.07588
0.02389
0.01039
-0.11027
0.05396
-0.00199
0.04422
0.03954
-0.04937
-0.04711
-0.03397
0.01401
-0.05792
0.04798
-0.05273
-0.01026
-0.02641
0.01699
0.02591
-0.01469
0.01388
0.08914
-0.03426
0.01182
-0.04531
0.01858
0.00641
-0.08288
-0.06276
0.01084
0.05481
-0.03129
0.00957
0.00263
0.01399
-0.00324
-0.01581
0.01592
-0.00579
0.06168
-0.02135
0.00658
-0.06434
-0.00829
0.03759
0.05250
0.00454
-0.00890
0.04317
-0.00382
-0.01154
-0.06363
-0.04641
-0.03051
-0.03647
-0.10249
-0.01970
0.00406
-0.01195
0.13888
0.00614
0.04233
0.02680
-0.10075
-0.01876
-0.08883
0.00995
-0.03003
0.00594
0.02788
-0.02623
0.00572
-0.00874
0.04787
-0.04609
-0.03436
-0.00269
0.08716
0.00719
-0.00424
0.01705
-0.06603
-0.00177
-0.03327
-0.00896
-0.04521
0.00348
-0.01464
0.00084
-0.04876
-0.00972
0.01711
-0.12515
0.01718
-0.01347
-0.00339
0.02610
-0.01296
-0.05086
-0.01290
0.05373
-0.04104
