-0.00848
-0.07591
-0.05759
0.00708
0.01280
0.03276
0.07405
0.02876
0.02371
-0.03721
-0.00640
0.06834
0.01764
0.02782
0.00481
0.03899
0.00865
-0.04839
-0.00326
-0.04862
-0.05331
-0.05658
-0.00096
-0.03556
0.01824
-0.07003
-0.06566
-0.03073
0.00714
-0.01457
0.00604
-0.02705
-0.03216
0.02030
-0.07084
0.05510
0.00325
-0.02226
-0.05652
0.05674
-0.00670
0.06166
0.01266
0.01179
0.11728
0.05046
0.06854
0.00132
0.00546
-0.04683
0.05299
0.03691
0.05679
0.02826
-0.08815
0.00349
-0.01588
0.02790
-0.06153
0.01746
-0.02010
-0.01465
-0.01832
-0.02444
-0.04417
0.08370
-0.02724
0.04030
-0.01113
-0.04574
-0.02558
-0.02309
0.04540
-0.01627
0.03347
-0.01230
0.04609
0.04466
-0.07947
0.04736
-0.05016
0.03448
-0.03045
-0.01542
0.01880
0.01567
-0.03037
0.00269
-0.00172
0.07767
0.06986
0.03085
0.02723
-0.07393
0.01985
0.01412
0.00977
0.04429
-0.02920
-0.00395
0.02088
-0.01731
0.05106
-0.05012
0.02843
0.01600
0.00155
0.00786
-0.03215
-0.03022
0.03594
0.02352
0.00665
-0.01661
0.05298
-0.01909
-0.00935
-0.07197
0.01200
-0.00051
-0.04894
0.03842
0.08090
-0.03502
0.00910
-0.08222
-0.05533
-0.00915
0.05137
-0.04624
-0.00450
0.02976
0.03216
0.02112
-0.02805
-0.00084
0.04132
-0.01908
0.03662
-0.00809
0.00452
0.00625
-0.02912
0.05218
0.05192
-0.06080
-0.02036
0.03885
0.01302
0.00578
0.00947
-0.04815
-0.06839
0.04170
0.01291
0.02692
0.03223
0.04102
0.05116
-0.00706
0.07840
0.01287
-0.03648
-0.06162
0.07925
0.03633
-0.02831
0.00329
0.03685
0.03239
-0.04678
0.02017
0.01251
-0.05557
0.07471
-0.01501
0.04068
-0.07410
-0.01232
-0.04081
-0.06215
0.03744
-0.07699
-0.03658
-0.05426
-0.00736
0.00924
-0.07130
-0.00056
0.02413
-0.02338
-0.08527
0.03398
0.03262
-0.02054
-0.04293
0.06980
0.02394
-0.02621
-0.00289
0.01727
-0.02623
0.01862
-0.02341
0.00693
-0.00303
0.02388
-0.05292
0.03435
0.07068
-0.05571
0.00117
0.00650
-0.07165
0.03631
0.01314
-0.07291
0.00113
0.04434
-0.03520
-0.02762
-0.09745
0.01290
-0.08367
-0.00885
-0.03323
0.05359
0.02227
-0.03691
0.03817
0.01460
0.00712
-0.00166
0.01951
0.04805
-0.00205
0.02350
-0.07388
-0.01404
0.02468
0.03094
-0.01509
0.07075
-0.00790
0.01857
-0.02888
-0.02412
0.00616
-0.08000
0.01581
0.06547
0.08848
0.00028
-0.00696
0.00505
0.00917
-0.01711
-0.03892
0.05735
0.04104
-0.04178
0.00527
-0.03410
-0.00359
0.00110
0.07441
-0.02924
-0.02337
-0.07036
-0.00656
-0.12403
-0.01012
-0.05871
0.02348
0.02987
-0.11909
-0.01522
0.03635
-0.07057
-0.01691
-0.01768
0.05463
0.06411
-0.02580
-0.04281
-0.04893
-0.00094
0.03923
-0.03722
-0.02827
0.04374
0.03255
-0.01964
-0.02311
0.02485
0.05756
0.01724
0.05355
-0.03596
0.01431
0.02294
0.05327
0.00632
-0.01017
0.02777
0.00780
-0.04295
-0.00900
0.09031
0.01187
-0.04186
0.00782
0.00863
0.03160
0.03574
-0.03835
0.01123
0.02117
0.00237
0.00293
0.00067
-0.01653
-0.00050
-0.01671
0.01104
0.01831
-0.00403
0.00850
-0.03328
0.04915
-0.02396
0.05336
0.00714
0.04967
-0.02867
-0.02732
0.02017
0.03676
0.10748
0.01125
0.02614
-0.02266
0.04479
0.00882
0.00342
-0.04899
0.05102
-0.04676
-0.01754
-0.03518
0.05015
0.02700
0.04556
-0.03765
0.05302
0.00340
0.03336
0.00602
-0.01738
-0.02081
-0.01519
-0.06873
-0.00602
0.02072
-0.01553
0.04268
0.01783
-0.01835
0.04000
-0.02292
-0.02709
-0.00550
0.01779
0.01958
-0.00924
0.06844
0.05401
-0.02397
0.03168
0.00205
-0.06377
-0.04915
-0.05546
-0.02211
-0.07443
0.07927
-0.03313
-0.01659
-0.02320
-0.06626
0.03273
0.02801
0.01961
0.01627
0.01585
0.03591
0.05964
-0.00655
0.05594
0.04144
0.01083
-0.01640
0.00165
-0.04912
-0.06162
0.00399
0.03386
-0.02860
-0.00463
-0.04709
0.06576
-0.00654
-0.01669
-0.08444
-0.02618
-0.00570
-0.04204
-0.04267
0.04483
-0.01670
-0.01269
0.09366
0.00437
-0.00397
-0.01088
0.04237
-0.02641
0.06094
0.00892
-0.03072
0.00712
0.05685
-0.01364
-0.00067
-0.04181
-0.03908
0.05720
0.06385
-0.03032
-0.03744
-0.02906
-0.03539
0.05693
0.02117
0.00460
-0.01364
-0.01507
-0.05310
0.05405
-0.03265
-0.01606
-0.02949
-0.06231
-0.02811
-0.02197
-0.00869
0.05444
0.04946
0.03892
-0.02388
-0.03240
-0.06195
-0.00887
-0.05393
-0.03678
-0.03965
-0.04130
0.04396
-0.02584
0.03374
-0.02448
0.01631
-0.02170
-0.00826
-0.02374
-0.01758
-0.01590
-0.02222
0.10797
-0.00173
-0.01885
0.01982
-0.01866
-0.02249
-0.00450
0.01454
-0.05235
-0.01624
0.01997
-0.00726
-0.03068
0.02294
-0.00210
-0.01414
0.06439
0.04273
-0.04466
0.00387
0.09536
0.07538
-0.05769
-0.01539
-0.04286
0.01695
-0.01658
0.04557
0.08775
-0.01833
0.03247
-0.04901
-0.04418
-0.02592
