0.02366
-0.06891
-0.03817
0.09563
0.00708
0.00127
0.09718
0.02659
-0.00670
-0.00761
-0.03180
0.04501
-0.01132
0.00662
0.04338
0.00995
0.00855
-0.03213
0.05353
0.01423
-0.01107
-0.01070
-0.06518
-0.01422
0.01599
-0.00842
-0.01511
0.03053
-0.01337
-0.02390
0.01790
0.00080
-0.03915
-0.04786
-0.02956
-0.03995
-0.05574
0.01147
-0.03818
-0.01620
-0.03673
0.11757
-0.00303
-0.08506
0.04649
0.00861
0.08678
-0.04036
0.07783
-0.04360
0.04111
0.04034
0.04461
-0.06180
-0.07192
-0.03915
-0.00607
0.04894
-0.06700
0.08639
-0.07968
-0.02925
0.05897
-0.01342
-0.02808
0.05353
-0.01305
-0.03615
-0.00730
-0.09007
-0.02988
0.01915
0.03799
-0.01848
0.01853
0.01884
0.11154
0.00294
0.01146
0.04465
-0.04675
-0.01171
-0.03028
-0.00389
0.03048
-0.01724
0.00788
-0.00249
0.00098
0.05734
-0.00748
0.05007
0.00985
-0.01745
0.03374
0.00392
0.01439
-0.02417
-0.02355
-0.00081
-0.00654
-0.03696
0.04844
-0.02655
0.09481
-0.02829
-0.00581
0.05758
0.08987
0.02164
0.04139
-0.02313
0.01120
-0.00852
-0.01753
-0.06579
-0.03057
-0.04418
-0.01223
0.04684
-0.05449
-0.00408
0.07612
-0.04424
-0.01234
-0.05517
-0.00787
-0.03555
0.04045
0.00112
0.04146
0.00029
0.09350
0.00754
-0.02515
0.08420
0.05349
0.07261
0.06553
-0.00695
0.07711
0.03042
0.01288
0.03464
0.01336
-0.03253
-0.08015
0.00539
0.04300
0.06246
-0.00735
0.01666
0.01074
0.02685
-0.03171
0.01583
0.09623
0.01110
-0.04127
0.02064
0.01010
-0.00107
-0.00875
-0.04420
0.01874
-0.00400
-0.00728
0.01995
0.03826
0.01290
-0.00397
0.01705
0.02381
-0.06564
0.01325
-0.02523
-0.02466
-0.07977
0.07741
0.00986
-0.11684
0.04805
-0.00301
-0.02975
-0.09884
-0.01552
0.01068
-0.08042
-0.03676
0.04790
-0.03844
-0.05247
0.01157
0.06264
0.02123
0.06510
0.02644
0.00001
0.02889
-0.03006
0.02539
0.01588
-0.04882
0.00962
0.01755
-0.03813
0.00012
-0.01997
-0.05154
-0.00311
-0.05620
-0.03908
0.01862
-0.06922
0.02098
0.04375
-0.03209
0.02043
0.03352
-0.00263
0.03272
-0.02450
0.00440
-0.01032
0.02585
-0.02884
0.05591
0.00914
0.00976
0.05282
0.07115
-0.01071
-0.00555
-0.03585
-0.01899
0.00729
-0.01525
0.00987
-0.01007
-0.04429
0.00021
-0.08324
0.05536
-0.01443
0.05404
0.00157
-0.03591
-0.01306
-0.00362
0.01014
0.00785
0.05038
0.01552
0.05672
-0.05780
0.04525
-0.07442
-0.01349
0.05571
-0.05848
-0.06043
0.05921
0.00891
0.00790
0.07770
0.05424
-0.07654
0.02263
0.01432
0.05229
-0.08394
-0.02967
-0.02702
0.04098
-0.00197
-0.09508
-0.09816
-0.00712
-0.14664
0.06567
-0.00999
0.04417
0.00946
-0.02481
-0.07686
-0.00745
-0.03021
0.01006
-0.04348
0.04292
0.03396
-0.04112
-0.00497
-0.02601
0.00598
0.02329
0.01606
-0.02618
-0.05456
-0.02532
0.00254
0.01409
0.03395
-0.01429
-0.04794
0.03752
-0.09674
0.05586
0.06479
-0.02123
-0.01471
0.03538
-0.03899
0.01753
-0.00222
0.00128
0.05952
-0.00923
-0.01397
-0.07625
-0.01314
-0.00556
0.01704
-0.02512
0.06844
0.00699
-0.02766
-0.00329
-0.03601
0.03183
-0.04163
0.13762
0.03110
0.00677
-0.01419
-0.02351
0.01813
0.03352
0.01190
-0.00280
0.06019
0.02121
-0.01017
-0.00175
-0.01101
-0.02043
0.07546
-0.02348
-0.05092
-0.06806
0.01167
0.04246
0.02906
-0.03360
0.02363
-0.00368
0.00873
0.04334
0.05290
-0.00780
-0.01156
0.03133
0.03318
-0.00866
-0.04203
0.06372
-0.03828
-0.09662
0.02700
0.03476
-0.06789
0.04947
0.01871
0.05714
-0.00102
0.02106
0.03483
0.07752
0.04184
0.02280
-0.09692
0.01427
-0.05207
-0.01819
0.00379
0.09838
0.02224
-0.02086
-0.02433
-0.02299
-0.00683
-0.01521
0.00819
-0.04223
0.08793
0.06465
-0.04674
-0.03138
0.02014
0.03268
0.00022
-0.09126
-0.06236
0.00621
-0.05065
0.01510
0.01723
0.01416
-0.01654
-0.06333
0.06037
-0.01929
0.02324
-0.08309
-0.03598
0.02201
-0.05715
-0.04397
-0.02046
0.03956
0.05149
0.03597
0.04341
0.01557
0.03469
-0.01508
-0.04662
0.08816
0.01945
0.01325
-0.01964
-0.04287
0.02038
-0.00473
-0.05996
-0.00581
-0.03107
0.05621
-0.00140
-0.03943
-0.03438
-0.01375
0.07655
-0.02191
0.05641
-0.08312
0.01118
0.02412
-0.00742
-0.01476
0.02534
-0.07065
0.00029
0.01342
0.02845
-0.06179
0.05967
-0.00410
0.04122
-0.00651
-0.01609
-0.01724
-0.01995
-0.05289
-0.03561
0.01344
0.02446
0.00679
-0.00065
-0.02663
-0.07058
-0.02149
-0.00617
-0.01171
-0.00056
0.00904
-0.06874
-0.02985
0.09620
0.01236
-0.04877
0.05475
0.02840
-0.00619
0.02978
-0.03848
-0.04901
-0.01138
-0.03529
0.04099
-0.00257
0.05669
-0.03514
0.02196
0.03499
0.03637
0.01258
0.01051
0.05566
0.03873
0.04001
0.01360
-0.04344
0.02923
-0.04006
-0.08445
0.02876
-0.01467
0.03888
0.00513
-0.08823
-0.00925
