-0.05869
-0.04684
-0.05838
0.00479
0.08162
0.00206
0.02968
0.03859
0.01507
-0.02299
0.02242
0.03975
-0.05655
-0.05905
0.01738
0.06582
-0.02811
0.02188
-0.04116
-0.03578
-0.06126
0.00290
-0.03784
-0.06726
-0.05664
-0.06870
-0.06258
-0.03374
-0.06931
0.03370
-0.00322
-0.00731
0.05848
-0.01466
-0.02748
0.03460
0.07569
-0.05095
-0.03158
0.03340
0.00885
-0.00164
0.01503
-0.03304
0.10212
0.03786
0.03409
0.01923
-0.00936
-0.01070
0.04476
-0.01318
0.00451
0.01110
-0.01686
0.00895
-0.04171
0.04853
-0.00714
-0.04227
-0.04659
0.01917
-0.02845
-0.01252
-0.10446
0.04727
-0.02593
0.00709
0.00718
-0.02555
-0.02882
-0.05411
0.02294
-0.04396
0.01680
-0.01955
0.03609
-0.00752
-0.01170
0.02750
0.00042
0.07964
0.01206
-0.04775
0.02526
0.00658
-0.01654
0.02676
0.01967
-0.00016
-0.00995
0.02707
0.08399
-0.05637
-0.01229
0.04953
-0.01652
0.08442
-0.00826
0.01337
0.01240
0.02300
0.02006
-0.01066
0.02243
-0.03682
0.04879
-0.05846
0.01603
-0.04405
0.01512
0.04641
-0.03356
-0.03690
0.06903
0.04551
0.07998
-0.03963
0.02375
0.02431
-0.08298
-0.04619
0.04920
0.02049
0.04429
-0.03450
0.00902
-0.05892
-0.00874
-0.05373
0.03334
-0.03562
0.04197
-0.04098
-0.00785
0.00820
0.01955
0.00585
0.05195
-0.02318
0.02707
0.01781
-0.11441
0.11046
0.08680
-0.05201
-0.02476
0.02655
0.00470
0.07854
0.00111
-0.04291
-0.04693
-0.02182
0.03100
-0.01968
0.00467
-0.00988
0.01599
0.00418
0.03159
-0.05664
-0.03697
-0.01150
-0.01513
0.00112
-0.05425
0.06220
0.01902
0.00513
-0.02318
-0.00063
-0.01996
0.02971
0.00430
0.06477
0.03104
-0.03291
-0.01958
-0.02036
-0.03294
-0.01804
0.00284
0.01863
0.02446
-0.01836
0.02154
0.02356
0.07755
0.07152
0.01308
-0.01892
0.04729
0.02743
0.06367
-0.03278
0.10418
0.03850
-0.04181
-0.05183
-0.00559
-0.08374
0.09391
-0.05256
0.01764
0.02545
0.07782
0.05868
0.01685
0.07388
-0.02044
0.00636
0.03476
-0.06692
-0.02549
0.00161
-0.07454
0.00902
-0.00055
-0.02532
-0.05676
0.01357
0.02881
0.00132
0.02405
-0.02746
0.00751
-0.01186
-0.04448
0.07746
-0.00295
-0.01479
-0.04445
0.03908
0.00464
-0.00745
0.01693
-0.00559
-0.03882
0.00335
0.00873
0.02809
0.08413
0.01133
0.00187
-0.03041
-0.00678
-0.03185
-0.01155
0.01629
0.01386
0.03266
-0.00486
-0.03608
0.02005
-0.03517
-0.03848
0.00599
0.07028
0.01480
-0.01265
0.02933
0.03303
0.01141
0.01347
0.04207
0.02118
0.02995
-0.04403
-0.09950
-0.11758
-0.01906
-0.06320
-0.05358
0.00011
-0.09900
0.03305
0.00890
0.02741
0.01681
-0.04173
0.08666
0.03936
-0.05979
0.00904
-0.00878
0.03874
0.05239
-0.00127
-0.04931
-0.00895
0.04920
-0.00371
0.02208
0.00068
0.06132
0.06434
-0.02005
0.03400
0.01806
-0.00527
0.07813
-0.01194
0.03483
0.01581
0.05533
-0.01040
-0.05229
-0.00952
0.01080
0.02603
0.07254
0.04028
-0.02139
0.02471
0.00882
-0.02685
0.02235
0.00887
-0.03367
0.05571
0.00544
-0.01067
0.04273
0.02515
-0.02962
0.05011
0.00870
-0.02504
0.04617
-0.00133
0.06306
0.02371
0.01916
-0.07817
0.02544
0.02842
0.01403
0.04641
-0.06209
0.04898
-0.00783
-0.01127
0.04172
-0.02143
-0.01834
0.03343
-0.00067
0.01191
-0.05062
0.02801
0.02945
-0.00903
-0.01857
0.04277
0.04063
0.03400
0.00072
0.00410
-0.04335
-0.04248
0.00646
0.00799
0.01425
0.02124
0.01575
-0.03610
-0.00316
-0.00813
0.00903
-0.00909
-0.06791
-0.05826
-0.02630
-0.05337
0.08787
0.01433
-0.01237
0.01280
0.02355
-0.05164
-0.04542
0.00397
0.02934
0.01120
0.01230
0.01393
-0.06404
-0.05698
-0.01817
0.00342
-0.00846
0.03344
-0.05549
0.03700
0.04573
0.06121
-0.01414
0.04124
0.03407
0.01086
-0.08056
-0.02925
-0.01221
0.00142
0.02395
-0.03048
-0.07223
0.03371
-0.01959
0.05349
-0.05516
0.01887
-0.09542
-0.04379
0.08875
0.03043
0.05793
-0.00383
0.02414
-0.00849
-0.03515
0.03378
-0.01723
-0.06317
0.03762
-0.01115
0.08918
-0.02888
-0.04696
-0.04165
0.05369
-0.00671
-0.03203
-0.01584
-0.03373
0.00905
0.01238
-0.08082
-0.00725
-0.03774
-0.04390
0.00621
0.06541
-0.00766
-0.00004
0.02918
-0.04035
0.00158
-0.04177
0.00994
-0.00433
-0.03728
-0.01077
-0.05863
-0.03169
0.00940
-0.03342
-0.01576
0.02941
-0.03646
-0.01059
0.00757
-0.05031
-0.03139
0.00704
-0.01479
0.03543
-0.00540
0.02551
-0.04189
0.03845
-0.05169
-0.00723
-0.03905
-0.01074
-0.06355
0.01327
0.09987
0.03526
-0.06147
-0.05605
-0.02062
-0.00909
0.05997
0.01814
-0.05217
-0.06375
0.05237
-0.02874
-0.02374
0.02167
-0.02695
-0.00116
0.02720
0.00074
0.05022
-0.01164
0.03753
0.04195
-0.05711
0.01542
-0.06312
-0.00559
-0.01817
0.07240
0.03179
-0.04114
0.04964
-0.03943
-0.01738
-0.01732
