-0.02916
-0.06267
-0.06245
0.02976
0.05324
0.03286
-0.00837
0.01012
-0.00720
0.05118
-0.00436
0.08420
-0.03815
-0.03145
-0.07309
0.06290
0.02706
0.04145
0.01070
0.01737
-0.02035
0.05234
-0.04296
-0.04588
-0.03481
-0.00288
-0.04674
0.00399
-0.06689
0.08211
-0.03599
-0.04215
0.01688
-0.00598
-0.05188
-0.02792
0.04089
-0.08733
0.01566
0.02398
-0.02161
0.01761
-0.00668
0.01701
0.03830
0.05442
0.00216
-0.01837
0.01713
0.01726
0.01398
-0.06535
0.01788
0.01612
-0.04893
-0.03777
-0.08709
0.08080
-0.02791
-0.07567
0.03518
0.06943
-0.04369
-0.00581
-0.10035
0.05982
0.01531
0.03166
0.03227
0.04112
-0.00473
-0.01785
0.03652
0.05905
-0.03181
0.01827
0.00009
0.02261
0.02492
-0.04057
0.01886
0.03772
0.03518
-0.04146
-0.00700
-0.00274
0.00538
-0.01264
-0.01474
-0.02697
0.02714
-0.00015
0.05212
0.04184
0.02685
0.05678
0.08538
0.04293
-0.04415
0.05695
-0.00110
0.03397
0.03344
-0.03578
0.00818
-0.07818
0.03235
-0.02666
0.00611
-0.03604
0.06279
-0.02091
-0.03143
-0.02847
0.04940
-0.01362
0.06603
0.01978
0.06708
0.04732
-0.00439
0.00414
0.00543
-0.02062
0.02019
-0.00847
-0.00534
0.04739
-0.01859
-0.04260
-0.00557
-0.04160
-0.02320
-0.01157
-0.06281
-0.04636
-0.00603
0.02004
0.07097
0.06465
-0.01883
0.02747
-0.06140
0.08849
0.04278
-0.06470
-0.00934
-0.01713
0.04216
0.03887
0.00716
-0.04015
-0.01039
0.02595
0.06546
-0.02752
0.01435
0.00306
-0.01645
0.02874
-0.01158
-0.02209
-0.05698
0.04773
0.04954
0.04491
0.01098
-0.00166
0.03252
0.05326
-0.01420
0.02280
-0.04783
0.07954
0.03011
0.05886
0.02207
0.05373
0.02574
0.01481
-0.03716
-0.04270
-0.01121
0.05573
-0.00251
-0.00647
0.02896
0.01268
0.07114
0.02884
0.07916
-0.06478
0.00465
0.01518
0.07043
-0.02792
0.03863
0.09408
-0.00426
0.05606
0.04491
-0.03438
-0.01412
-0.00712
0.05333
0.05913
0.06304
0.03080
0.01433
-0.02947
-0.00710
-0.04093
0.08132
0.01077
0.01700
-0.00363
-0.06397
0.03824
-0.01261
-0.02051
-0.05422
-0.01640
0.04984
-0.02492
0.04431
-0.00186
-0.00567
-0.02854
0.05139
0.05840
0.06379
0.01824
-0.02171
0.00607
0.00367
0.02362
0.00094
-0.05557
-0.05668
0.04930
0.02202
0.06408
0.06560
0.08940
0.03325
-0.01270
0.04410
0.00910
0.00894
0.01635
-0.04020
0.01428
0.01295
-0.02341
0.02302
-0.05961
-0.00264
-0.03019
0.02231
-0.01379
-0.07010
0.06256
-0.01006
-0.01533
-0.02810
0.04960
0.03970
-0.02925
-0.03975
-0.06895
-0.05566
-0.01852
-0.01449
0.02244
-0.00567
-0.03213
0.04166
-0.01651
0.00686
-0.09607
0.03827
0.06520
0.02476
-0.00787
0.01071
-0.04521
-0.02170
0.01469
-0.02202
0.02388
-0.08068
-0.00081
-0.03958
0.01845
-0.00704
-0.03936
0.01042
0.01694
-0.02163
0.02921
0.06108
0.03893
0.00834
0.13659
-0.01051
0.08027
-0.09420
-0.05314
-0.02723
0.02589
0.08769
0.08725
0.04388
-0.01865
0.02864
-0.04324
-0.03320
0.04737
0.03668
-0.01846
0.08378
0.04621
-0.04394
0.01932
-0.03035
0.03439
0.06484
-0.05751
-0.03111
-0.01786
0.00477
-0.00457
-0.00457
0.04614
0.01002
0.00927
0.01680
-0.04819
0.04254
-0.06726
0.11392
0.08319
0.07022
-0.04314
-0.06592
0.00964
-0.01241
-0.07573
-0.00504
-0.06979
-0.02073
0.01659
-0.03387
0.01776
0.01038
0.00771
0.11544
-0.00808
0.00627
-0.02388
-0.04550
0.01080
0.05445
0.06655
0.05539
-0.02974
-0.01094
-0.03165
-0.03987
0.01983
-0.03507
0.00819
-0.03193
-0.02239
-0.02583
0.04099
-0.05084
0.04764
0.02021
0.00613
0.03451
-0.02447
0.03133
0.04095
0.05713
0.04907
-0.00578
-0.03857
-0.04021
0.04968
-0.00069
0.04289
0.04171
-0.06081
-0.01774
0.10399
0.04644
-0.04172
0.04020
0.02808
0.04973
-0.06047
-0.01021
0.01361
0.02049
-0.04979
-0.02471
0.00163
0.02467
-0.05366
0.06414
-0.09325
0.05501
-0.03280
-0.01823
0.02949
0.06441
0.03305
0.02581
-0.00616
0.00255
-0.02029
0.06560
-0.02352
-0.02099
0.01317
0.02136
0.06749
-0.08028
-0.03810
0.05677
0.03447
-0.05622
0.01802
0.05698
0.00890
0.04935
0.03355
0.00753
-0.01781
-0.04673
-0.04481
-0.02123
0.11413
-0.04830
0.00212
-0.02567
0.00641
0.07259
-0.07547
0.03984
0.01848
-0.05015
0.01123
0.00311
-0.03142
-0.03483
-0.06183
-0.03459
0.02199
0.03284
-0.03971
-0.00846
-0.03849
-0.00492
0.02156
-0.01227
0.01882
0.02108
-0.03521
0.00940
0.02871
0.00892
-0.03059
-0.04940
-0.01050
-0.04471
-0.05175
0.04741
0.02829
-0.04854
0.04078
0.02392
0.02943
0.03351
-0.01633
-0.08252
-0.03776
0.02214
-0.02341
0.04968
0.06330
-0.05051
0.03139
0.05575
0.00130
0.04394
0.01775
0.04390
0.05485
-0.00063
0.10813
-0.01035
-0.01851
0.04199
0.03554
-0.01390
-0.03435
-0.03206
0.00201
0.00589
0.00918
